facility_ID,subtype_code,lat,lon,equipment_groups,OGI_RS,truck_RS,aircraft_RS,drone_RS,OGI_time,aircraft_time,truck_time,drone_time,OGI_FU_time,fixed_sensors,dist_type,dist_scale,dist_shape,leak_rate_units,leak_rate_dist,initial_leaks,cum_leaks,OGI_min_int,total_emissions_kg,active_leaks,repaired_leaks,tags,initial_leak_cnt,currently_flagged,flagged_by,date_flagged,crew_ID,lat_index,lon_index,OGI_t_since_last_LDAR,OGI_surveys_conducted,OGI_attempted_today?,OGI_surveys_done_this_year,OGI_missed_leaks,active_leak_cnt,repaired_leak_cnt,active_leak_emis,repaired_leak_emis,cum_frac_sites,cum_frac_emissions,mean_rate_kg_day
ABRAND00997,322,52.91,-113.96,4,6,2,2,2,120,1,30,20,120,1,lognorm,0.062287158377333125,[1.462],"['kilogram', 'hour']",<scipy.stats._distn_infrastructure.rv_frozen object at 0x000002073C01D1C8>,0,5,60,382.05682961208424,[],"[{'leak_ID': 'ABRAND00997_0000000000', 'facility_ID': 'ABRAND00997', 'equipment_group': 3, 'rate': 0.00967408042834292, 'lat': 52.91, 'lon': -113.96, 'status': 'repaired', 'days_active': 120, 'days_active_prog_start': 0, 'tagged': True, 'component': 'unknown', 'date_began': datetime.datetime(2017, 11, 1, 0, 0), 'date_tagged': datetime.datetime(2018, 3, 1, 0, 0), 'tagged_by_company': 'natural', 'tagged_by_crew': 1, 'init_detect_by': 'natural', 'init_detect_date': datetime.datetime(2018, 3, 1, 0, 0), 'requires_shutdown': False, 'date_repaired': datetime.datetime(2018, 3, 1, 0, 0), 'repair_delay': 0, 'OGI_sp_covered': 0}, {'leak_ID': 'ABRAND00997_0000000001', 'facility_ID': 'ABRAND00997', 'equipment_group': 1, 'rate': 0.01137065368579261, 'lat': 52.91, 'lon': -113.96, 'status': 'repaired', 'days_active': 120, 'days_active_prog_start': 0, 'tagged': True, 'component': 'unknown', 'date_began': datetime.datetime(2018, 2, 10, 0, 0), 'date_tagged': datetime.datetime(2018, 6, 10, 0, 0), 'tagged_by_company': 'natural', 'tagged_by_crew': 1, 'init_detect_by': 'natural', 'init_detect_date': datetime.datetime(2018, 6, 10, 0, 0), 'requires_shutdown': False, 'date_repaired': datetime.datetime(2018, 6, 10, 16, 0), 'repair_delay': 0, 'OGI_sp_covered': 1}, {'leak_ID': 'ABRAND00997_0000000002', 'facility_ID': 'ABRAND00997', 'equipment_group': 4, 'rate': 0.005322999877672895, 'lat': 52.91, 'lon': -113.96, 'status': 'repaired', 'days_active': 120, 'days_active_prog_start': 0, 'tagged': True, 'component': 'unknown', 'date_began': datetime.datetime(2018, 6, 18, 0, 0), 'date_tagged': datetime.datetime(2018, 10, 16, 0, 0), 'tagged_by_company': 'natural', 'tagged_by_crew': 1, 'init_detect_by': 'natural', 'init_detect_date': datetime.datetime(2018, 10, 16, 0, 0), 'requires_shutdown': False, 'date_repaired': datetime.datetime(2018, 10, 16, 16, 0), 'repair_delay': 0, 'OGI_sp_covered': 1}, {'leak_ID': 'ABRAND00997_0000000003', 'facility_ID': 'ABRAND00997', 'equipment_group': 2, 'rate': 0.007567453601956697, 'lat': 52.91, 'lon': -113.96, 'status': 'repaired', 'days_active': 120, 'days_active_prog_start': 0, 'tagged': True, 'component': 'unknown', 'date_began': datetime.datetime(2019, 7, 17, 0, 0), 'date_tagged': datetime.datetime(2019, 11, 14, 0, 0), 'tagged_by_company': 'natural', 'tagged_by_crew': 1, 'init_detect_by': 'natural', 'init_detect_date': datetime.datetime(2019, 11, 14, 0, 0), 'requires_shutdown': False, 'date_repaired': datetime.datetime(2019, 11, 14, 16, 0), 'repair_delay': 0, 'OGI_sp_covered': 1}, {'leak_ID': 'ABRAND00997_0000000004', 'facility_ID': 'ABRAND00997', 'equipment_group': 2, 'rate': 0.002914429459869544, 'lat': 52.91, 'lon': -113.96, 'status': 'repaired', 'days_active': 120, 'days_active_prog_start': 0, 'tagged': True, 'component': 'unknown', 'date_began': datetime.datetime(2020, 12, 20, 0, 0), 'date_tagged': datetime.datetime(2021, 4, 19, 0, 0), 'tagged_by_company': 'natural', 'tagged_by_crew': 1, 'init_detect_by': 'natural', 'init_detect_date': datetime.datetime(2021, 4, 19, 0, 0), 'requires_shutdown': False, 'date_repaired': datetime.datetime(2021, 4, 19, 16, 0), 'repair_delay': 0, 'OGI_sp_covered': 1}]",[],0,False,,,,2,4,9,31,False,6,5,0,5,0.0,382.05682961208424,0.0,0.021121950835628924,0.20934620800662151
ABRAND00494,351,52.89,-115.73,2,6,2,2,2,120,1,30,20,120,1,lognorm,0.062287158377333125,[1.462],"['kilogram', 'hour']",<scipy.stats._distn_infrastructure.rv_frozen object at 0x000002073C01D1C8>,0,4,60,835.8115158356543,[],"[{'leak_ID': 'ABRAND00494_0000000001', 'facility_ID': 'ABRAND00494', 'equipment_group': 2, 'rate': 0.03681638968851787, 'lat': 52.89, 'lon': -115.73, 'status': 'repaired', 'days_active': 48, 'days_active_prog_start': 0, 'tagged': True, 'component': 'unknown', 'date_began': datetime.datetime(2017, 9, 26, 0, 0), 'date_tagged': datetime.datetime(2017, 10, 28, 8, 0), 'tagged_by_company': 'OGI', 'tagged_by_crew': 2, 'init_detect_by': 'OGI', 'init_detect_date': datetime.datetime(2017, 10, 28, 8, 0), 'requires_shutdown': False, 'date_repaired': datetime.datetime(2017, 11, 13, 16, 0), 'repair_delay': 16, 'OGI_sp_covered': 1}, {'leak_ID': 'ABRAND00494_0000000000', 'facility_ID': 'ABRAND00494', 'equipment_group': 1, 'rate': 0.024230060998961255, 'lat': 52.89, 'lon': -115.73, 'status': 'repaired', 'days_active': 120, 'days_active_prog_start': 0, 'tagged': True, 'component': 'unknown', 'date_began': datetime.datetime(2017, 7, 27, 0, 0), 'date_tagged': datetime.datetime(2017, 11, 24, 0, 0), 'tagged_by_company': 'natural', 'tagged_by_crew': 1, 'init_detect_by': 'natural', 'init_detect_date': datetime.datetime(2017, 11, 24, 0, 0), 'requires_shutdown': False, 'date_repaired': datetime.datetime(2017, 11, 24, 16, 0), 'repair_delay': 0, 'OGI_sp_covered': 1}, {'leak_ID': 'ABRAND00494_0000000002', 'facility_ID': 'ABRAND00494', 'equipment_group': 2, 'rate': 0.007609879586451688, 'lat': 52.89, 'lon': -115.73, 'status': 'repaired', 'days_active': 120, 'days_active_prog_start': 0, 'tagged': True, 'component': 'unknown', 'date_began': datetime.datetime(2019, 10, 9, 0, 0), 'date_tagged': datetime.datetime(2020, 2, 6, 0, 0), 'tagged_by_company': 'natural', 'tagged_by_crew': 1, 'init_detect_by': 'natural', 'init_detect_date': datetime.datetime(2020, 2, 6, 0, 0), 'requires_shutdown': False, 'date_repaired': datetime.datetime(2020, 2, 6, 16, 0), 'repair_delay': 0, 'OGI_sp_covered': 1}, {'leak_ID': 'ABRAND00494_0000000003', 'facility_ID': 'ABRAND00494', 'equipment_group': 2, 'rate': 0.03404804017456322, 'lat': 52.89, 'lon': -115.73, 'status': 'repaired', 'days_active': 120, 'days_active_prog_start': 0, 'tagged': True, 'component': 'unknown', 'date_began': datetime.datetime(2020, 8, 26, 0, 0), 'date_tagged': datetime.datetime(2020, 12, 24, 0, 0), 'tagged_by_company': 'natural', 'tagged_by_crew': 1, 'init_detect_by': 'natural', 'init_detect_date': datetime.datetime(2020, 12, 24, 0, 0), 'requires_shutdown': False, 'date_repaired': datetime.datetime(2020, 12, 24, 0, 0), 'repair_delay': 0, 'OGI_sp_covered': 1}]",[],0,False,,,,2,4,9,31,False,6,6,0,4,0.0,835.8115158356543,0.002004008016032064,0.036943433065152145,0.45797891278665986
ABRAND00993,621,52.59,-113.99,3,6,2,2,2,120,1,30,20,120,1,lognorm,0.062287158377333125,[1.462],"['kilogram', 'hour']",<scipy.stats._distn_infrastructure.rv_frozen object at 0x000002073C01D1C8>,0,4,60,3889.3098185172503,[],"[{'leak_ID': 'ABRAND00993_0000000000', 'facility_ID': 'ABRAND00993', 'equipment_group': 1, 'rate': 0.007140766537566554, 'lat': 52.59, 'lon': -113.99, 'status': 'repaired', 'days_active': 120, 'days_active_prog_start': 0, 'tagged': True, 'component': 'unknown', 'date_began': datetime.datetime(2017, 7, 18, 0, 0), 'date_tagged': datetime.datetime(2017, 11, 15, 0, 0), 'tagged_by_company': 'natural', 'tagged_by_crew': 1, 'init_detect_by': 'natural', 'init_detect_date': datetime.datetime(2017, 11, 15, 0, 0), 'requires_shutdown': False, 'date_repaired': datetime.datetime(2017, 11, 15, 16, 0), 'repair_delay': 0, 'OGI_sp_covered': 1}, {'leak_ID': 'ABRAND00993_0000000001', 'facility_ID': 'ABRAND00993', 'equipment_group': 3, 'rate': 0.34023652786648995, 'lat': 52.59, 'lon': -113.99, 'status': 'repaired', 'days_active': 120, 'days_active_prog_start': 0, 'tagged': True, 'component': 'unknown', 'date_began': datetime.datetime(2018, 9, 4, 0, 0), 'date_tagged': datetime.datetime(2019, 1, 2, 0, 0), 'tagged_by_company': 'natural', 'tagged_by_crew': 3, 'init_detect_by': 'OGI', 'init_detect_date': datetime.datetime(2018, 12, 22, 8, 0), 'requires_shutdown': False, 'date_repaired': datetime.datetime(2019, 1, 2, 16, 0), 'repair_delay': 0, 'OGI_sp_covered': 1}, {'leak_ID': 'ABRAND00993_0000000002', 'facility_ID': 'ABRAND00993', 'equipment_group': 2, 'rate': 0.01572374526412903, 'lat': 52.59, 'lon': -113.99, 'status': 'repaired', 'days_active': 120, 'days_active_prog_start': 0, 'tagged': True, 'component': 'unknown', 'date_began': datetime.datetime(2019, 1, 7, 0, 0), 'date_tagged': datetime.datetime(2019, 5, 7, 0, 0), 'tagged_by_company': 'natural', 'tagged_by_crew': 1, 'init_detect_by': 'natural', 'init_detect_date': datetime.datetime(2019, 5, 7, 0, 0), 'requires_shutdown': False, 'date_repaired': datetime.datetime(2019, 5, 7, 16, 0), 'repair_delay': 0, 'OGI_sp_covered': 1}, {'leak_ID': 'ABRAND00993_0000000003', 'facility_ID': 'ABRAND00993', 'equipment_group': 2, 'rate': 0.012025293136333213, 'lat': 52.59, 'lon': -113.99, 'status': 'repaired', 'days_active': 120, 'days_active_prog_start': 0, 'tagged': True, 'component': 'unknown', 'date_began': datetime.datetime(2020, 8, 26, 0, 0), 'date_tagged': datetime.datetime(2020, 12, 24, 0, 0), 'tagged_by_company': 'natural', 'tagged_by_crew': 1, 'init_detect_by': 'natural', 'init_detect_date': datetime.datetime(2020, 12, 24, 0, 0), 'requires_shutdown': False, 'date_repaired': datetime.datetime(2020, 12, 24, 0, 0), 'repair_delay': 0, 'OGI_sp_covered': 1}]",[],0,False,,,,3,4,9,31,False,6,5,0,4,0.0,3889.3098185172503,0.004008016032064128,0.051541137727650226,2.131128667680685
ABRAND01038,601,53.72,-113.16,5,6,2,2,2,120,1,30,20,120,1,lognorm,0.062287158377333125,[1.462],"['kilogram', 'hour']",<scipy.stats._distn_infrastructure.rv_frozen object at 0x000002073C01D1C8>,0,7,60,971.1031071142772,[],"[{'leak_ID': 'ABRAND01038_0000000000', 'facility_ID': 'ABRAND01038', 'equipment_group': 3, 'rate': 0.024030675368402782, 'lat': 53.72, 'lon': -113.16, 'status': 'repaired', 'days_active': 120, 'days_active_prog_start': 0, 'tagged': True, 'component': 'unknown', 'date_began': datetime.datetime(2018, 4, 15, 0, 0), 'date_tagged': datetime.datetime(2018, 8, 13, 0, 0), 'tagged_by_company': 'natural', 'tagged_by_crew': 1, 'init_detect_by': 'natural', 'init_detect_date': datetime.datetime(2018, 8, 13, 0, 0), 'requires_shutdown': False, 'date_repaired': datetime.datetime(2018, 8, 13, 16, 0), 'repair_delay': 0, 'OGI_sp_covered': 0}, {'leak_ID': 'ABRAND01038_0000000001', 'facility_ID': 'ABRAND01038', 'equipment_group': 2, 'rate': 0.04195998762087975, 'lat': 53.72, 'lon': -113.16, 'status': 'repaired', 'days_active': 79, 'days_active_prog_start': 0, 'tagged': True, 'component': 'unknown', 'date_began': datetime.datetime(2018, 12, 24, 0, 0), 'date_tagged': datetime.datetime(2019, 2, 25, 10, 30), 'tagged_by_company': 'OGI', 'tagged_by_crew': 1, 'init_detect_by': 'OGI', 'init_detect_date': datetime.datetime(2019, 2, 25, 10, 30), 'requires_shutdown': False, 'date_repaired': datetime.datetime(2019, 3, 13, 16, 0), 'repair_delay': 16, 'OGI_sp_covered': 1}, {'leak_ID': 'ABRAND01038_0000000002', 'facility_ID': 'ABRAND01038', 'equipment_group': 2, 'rate': 0.003337508207536134, 'lat': 53.72, 'lon': -113.16, 'status': 'repaired', 'days_active': 120, 'days_active_prog_start': 0, 'tagged': True, 'component': 'unknown', 'date_began': datetime.datetime(2018, 12, 31, 0, 0), 'date_tagged': datetime.datetime(2019, 4, 30, 0, 0), 'tagged_by_company': 'natural', 'tagged_by_crew': 1, 'init_detect_by': 'natural', 'init_detect_date': datetime.datetime(2019, 4, 30, 0, 0), 'requires_shutdown': False, 'date_repaired': datetime.datetime(2019, 4, 30, 0, 0), 'repair_delay': 0, 'OGI_sp_covered': 1}, {'leak_ID': 'ABRAND01038_0000000003', 'facility_ID': 'ABRAND01038', 'equipment_group': 2, 'rate': 0.02191493037657113, 'lat': 53.72, 'lon': -113.16, 'status': 'repaired', 'days_active': 120, 'days_active_prog_start': 0, 'tagged': True, 'component': 'unknown', 'date_began': datetime.datetime(2019, 7, 3, 0, 0), 'date_tagged': datetime.datetime(2019, 10, 31, 0, 0), 'tagged_by_company': 'natural', 'tagged_by_crew': 1, 'init_detect_by': 'natural', 'init_detect_date': datetime.datetime(2019, 10, 31, 0, 0), 'requires_shutdown': False, 'date_repaired': datetime.datetime(2019, 10, 31, 16, 0), 'repair_delay': 0, 'OGI_sp_covered': 1}, {'leak_ID': 'ABRAND01038_0000000004', 'facility_ID': 'ABRAND01038', 'equipment_group': 1, 'rate': 0.003918848793057872, 'lat': 53.72, 'lon': -113.16, 'status': 'repaired', 'days_active': 120, 'days_active_prog_start': 0, 'tagged': True, 'component': 'unknown', 'date_began': datetime.datetime(2019, 11, 7, 0, 0), 'date_tagged': datetime.datetime(2020, 3, 6, 0, 0), 'tagged_by_company': 'natural', 'tagged_by_crew': 1, 'init_detect_by': 'natural', 'init_detect_date': datetime.datetime(2020, 3, 6, 0, 0), 'requires_shutdown': False, 'date_repaired': datetime.datetime(2020, 3, 6, 16, 0), 'repair_delay': 0, 'OGI_sp_covered': 1}, {'leak_ID': 'ABRAND01038_0000000005', 'facility_ID': 'ABRAND01038', 'equipment_group': 1, 'rate': 0.004684793062189951, 'lat': 53.72, 'lon': -113.16, 'status': 'repaired', 'days_active': 120, 'days_active_prog_start': 0, 'tagged': True, 'component': 'unknown', 'date_began': datetime.datetime(2020, 7, 19, 0, 0), 'date_tagged': datetime.datetime(2020, 11, 16, 0, 0), 'tagged_by_company': 'natural', 'tagged_by_crew': 1, 'init_detect_by': 'natural', 'init_detect_date': datetime.datetime(2020, 11, 16, 0, 0), 'requires_shutdown': False, 'date_repaired': datetime.datetime(2020, 11, 16, 16, 0), 'repair_delay': 0, 'OGI_sp_covered': 1}, {'leak_ID': 'ABRAND01038_0000000006', 'facility_ID': 'ABRAND01038', 'equipment_group': 5, 'rate': 0.008153079802697407, 'lat': 53.72, 'lon': -113.16, 'status': 'repaired', 'days_active': 120, 'days_active_prog_start': 0, 'tagged': True, 'component': 'unknown', 'date_began': datetime.datetime(2020, 10, 17, 0, 0), 'date_tagged': datetime.datetime(2021, 2, 14, 0, 0), 'tagged_by_company': 'natural', 'tagged_by_crew': 1, 'init_detect_by': 'natural', 'init_detect_date': datetime.datetime(2021, 2, 14, 0, 0), 'requires_shutdown': False, 'date_repaired': datetime.datetime(2021, 2, 14, 16, 0), 'repair_delay': 0, 'OGI_sp_covered': 1}]",[],0,False,,,,2,4,9,31,False,6,11,0,7,0.0,971.1031071142772,0.006012024048096192,0.06613633136603393,0.532111291569467
ABRAND00477,311,53.33,-115.79,1,6,2,2,2,120,1,30,20,120,1,lognorm,0.062287158377333125,[1.462],"['kilogram', 'hour']",<scipy.stats._distn_infrastructure.rv_frozen object at 0x000002073C01D1C8>,0,6,60,2349.838785213396,[],"[{'leak_ID': 'ABRAND00477_0000000001', 'facility_ID': 'ABRAND00477', 'equipment_group': 1, 'rate': 0.22522061611574526, 'lat': 53.33, 'lon': -115.79, 'status': 'repaired', 'days_active': 71, 'days_active_prog_start': 0, 'tagged': True, 'component': 'unknown', 'date_began': datetime.datetime(2018, 7, 1, 0, 0), 'date_tagged': datetime.datetime(2018, 8, 25, 8, 0), 'tagged_by_company': 'OGI', 'tagged_by_crew': 1, 'init_detect_by': 'OGI', 'init_detect_date': datetime.datetime(2018, 8, 25, 8, 0), 'requires_shutdown': False, 'date_repaired': datetime.datetime(2018, 9, 10, 16, 0), 'repair_delay': 16, 'OGI_sp_covered': 1}, {'leak_ID': 'ABRAND00477_0000000002', 'facility_ID': 'ABRAND00477', 'equipment_group': 1, 'rate': 0.0825326786743061, 'lat': 53.33, 'lon': -115.79, 'status': 'repaired', 'days_active': 46, 'days_active_prog_start': 0, 'tagged': True, 'component': 'unknown', 'date_began': datetime.datetime(2018, 7, 26, 0, 0), 'date_tagged': datetime.datetime(2018, 8, 25, 8, 0), 'tagged_by_company': 'OGI', 'tagged_by_crew': 1, 'init_detect_by': 'OGI', 'init_detect_date': datetime.datetime(2018, 8, 25, 8, 0), 'requires_shutdown': False, 'date_repaired': datetime.datetime(2018, 9, 10, 16, 0), 'repair_delay': 16, 'OGI_sp_covered': 1}, {'leak_ID': 'ABRAND00477_0000000000', 'facility_ID': 'ABRAND00477', 'equipment_group': 1, 'rate': 0.0033013182741482607, 'lat': 53.33, 'lon': -115.79, 'status': 'repaired', 'days_active': 120, 'days_active_prog_start': 0, 'tagged': True, 'component': 'unknown', 'date_began': datetime.datetime(2018, 5, 25, 0, 0), 'date_tagged': datetime.datetime(2018, 9, 22, 0, 0), 'tagged_by_company': 'natural', 'tagged_by_crew': 1, 'init_detect_by': 'natural', 'init_detect_date': datetime.datetime(2018, 9, 22, 0, 0), 'requires_shutdown': False, 'date_repaired': datetime.datetime(2018, 9, 22, 16, 0), 'repair_delay': 0, 'OGI_sp_covered': 1}, {'leak_ID': 'ABRAND00477_0000000003', 'facility_ID': 'ABRAND00477', 'equipment_group': 1, 'rate': 0.026468502986843584, 'lat': 53.33, 'lon': -115.79, 'status': 'repaired', 'days_active': 120, 'days_active_prog_start': 0, 'tagged': True, 'component': 'unknown', 'date_began': datetime.datetime(2019, 10, 27, 0, 0), 'date_tagged': datetime.datetime(2020, 2, 24, 0, 0), 'tagged_by_company': 'natural', 'tagged_by_crew': 1, 'init_detect_by': 'natural', 'init_detect_date': datetime.datetime(2020, 2, 24, 0, 0), 'requires_shutdown': False, 'date_repaired': datetime.datetime(2020, 2, 24, 16, 0), 'repair_delay': 0, 'OGI_sp_covered': 1}, {'leak_ID': 'ABRAND00477_0000000004', 'facility_ID': 'ABRAND00477', 'equipment_group': 1, 'rate': 0.0030704570586466222, 'lat': 53.33, 'lon': -115.79, 'status': 'repaired', 'days_active': 120, 'days_active_prog_start': 0, 'tagged': True, 'component': 'unknown', 'date_began': datetime.datetime(2019, 11, 30, 0, 0), 'date_tagged': datetime.datetime(2020, 3, 29, 0, 0), 'tagged_by_company': 'natural', 'tagged_by_crew': 1, 'init_detect_by': 'natural', 'init_detect_date': datetime.datetime(2020, 3, 29, 0, 0), 'requires_shutdown': False, 'date_repaired': datetime.datetime(2020, 3, 29, 16, 0), 'repair_delay': 0, 'OGI_sp_covered': 1}, {'leak_ID': 'ABRAND00477_0000000005', 'facility_ID': 'ABRAND00477', 'equipment_group': 1, 'rate': 0.028910065004995565, 'lat': 53.33, 'lon': -115.79, 'status': 'repaired', 'days_active': 120, 'days_active_prog_start': 0, 'tagged': True, 'component': 'unknown', 'date_began': datetime.datetime(2020, 4, 1, 0, 0), 'date_tagged': datetime.datetime(2020, 7, 30, 0, 0), 'tagged_by_company': 'natural', 'tagged_by_crew': 1, 'init_detect_by': 'natural', 'init_detect_date': datetime.datetime(2020, 7, 30, 0, 0), 'requires_shutdown': False, 'date_repaired': datetime.datetime(2020, 7, 30, 16, 0), 'repair_delay': 0, 'OGI_sp_covered': 1}]",[],0,False,,,,2,4,8,31,False,6,5,0,6,0.0,2349.838785213396,0.008016032064128256,0.0780406849051993,1.2875828960073403
ABRAND00579,361,53.07,-115.42,4,6,2,2,2,120,1,30,20,120,1,lognorm,0.062287158377333125,[1.462],"['kilogram', 'hour']",<scipy.stats._distn_infrastructure.rv_frozen object at 0x000002073C01D1C8>,1,7,60,1807.243703403612,[],"[{'leak_ID': 'ABRAND00579_0000000001', 'facility_ID': 'ABRAND00579', 'equipment_group': 2, 'rate': 0.11880871149849986, 'lat': 53.07, 'lon': -115.42, 'status': 'repaired', 'days_active': 64, 'days_active_prog_start': 47, 'tagged': True, 'component': 'unknown', 'date_began': datetime.datetime(2016, 11, 15, 0, 0), 'date_tagged': datetime.datetime(2017, 1, 1, 10, 30), 'tagged_by_company': 'OGI', 'tagged_by_crew': 3, 'init_detect_by': 'OGI', 'init_detect_date': datetime.datetime(2017, 1, 1, 10, 30), 'requires_shutdown': False, 'date_repaired': datetime.datetime(2017, 1, 17, 16, 0), 'repair_delay': 16, 'OGI_sp_covered': 1}, {'leak_ID': 'ABRAND00579_0000000001', 'facility_ID': 'ABRAND00579', 'equipment_group': 1, 'rate': 0.05107404038254068, 'lat': 53.07, 'lon': -115.42, 'status': 'repaired', 'days_active': 59, 'days_active_prog_start': 0, 'tagged': True, 'component': 'unknown', 'date_began': datetime.datetime(2018, 3, 15, 0, 0), 'date_tagged': datetime.datetime(2018, 4, 27, 8, 0), 'tagged_by_company': 'OGI', 'tagged_by_crew': 2, 'init_detect_by': 'OGI', 'init_detect_date': datetime.datetime(2018, 4, 27, 8, 0), 'requires_shutdown': False, 'date_repaired': datetime.datetime(2018, 5, 13, 16, 0), 'repair_delay': 16, 'OGI_sp_covered': 1}, {'leak_ID': 'ABRAND00579_0000000002', 'facility_ID': 'ABRAND00579', 'equipment_group': 4, 'rate': 0.016125109414608388, 'lat': 53.07, 'lon': -115.42, 'status': 'repaired', 'days_active': 120, 'days_active_prog_start': 0, 'tagged': True, 'component': 'unknown', 'date_began': datetime.datetime(2018, 5, 29, 0, 0), 'date_tagged': datetime.datetime(2018, 9, 26, 0, 0), 'tagged_by_company': 'natural', 'tagged_by_crew': 1, 'init_detect_by': 'natural', 'init_detect_date': datetime.datetime(2018, 9, 26, 0, 0), 'requires_shutdown': False, 'date_repaired': datetime.datetime(2018, 9, 26, 16, 0), 'repair_delay': 0, 'OGI_sp_covered': 1}, {'leak_ID': 'ABRAND00579_0000000003', 'facility_ID': 'ABRAND00579', 'equipment_group': 3, 'rate': 0.001574644928851593, 'lat': 53.07, 'lon': -115.42, 'status': 'repaired', 'days_active': 120, 'days_active_prog_start': 0, 'tagged': True, 'component': 'unknown', 'date_began': datetime.datetime(2018, 9, 1, 0, 0), 'date_tagged': datetime.datetime(2018, 12, 30, 0, 0), 'tagged_by_company': 'natural', 'tagged_by_crew': 1, 'init_detect_by': 'natural', 'init_detect_date': datetime.datetime(2018, 12, 30, 0, 0), 'requires_shutdown': False, 'date_repaired': datetime.datetime(2018, 12, 30, 0, 0), 'repair_delay': 0, 'OGI_sp_covered': 1}, {'leak_ID': 'ABRAND00579_0000000004', 'facility_ID': 'ABRAND00579', 'equipment_group': 1, 'rate': 0.11728228507232953, 'lat': 53.07, 'lon': -115.42, 'status': 'repaired', 'days_active': 70, 'days_active_prog_start': 0, 'tagged': True, 'component': 'unknown', 'date_began': datetime.datetime(2020, 3, 3, 0, 0), 'date_tagged': datetime.datetime(2020, 4, 26, 8, 0), 'tagged_by_company': 'OGI', 'tagged_by_crew': 2, 'init_detect_by': 'OGI', 'init_detect_date': datetime.datetime(2020, 4, 26, 8, 0), 'requires_shutdown': False, 'date_repaired': datetime.datetime(2020, 5, 12, 16, 0), 'repair_delay': 16, 'OGI_sp_covered': 1}, {'leak_ID': 'ABRAND00579_0000000005', 'facility_ID': 'ABRAND00579', 'equipment_group': 1, 'rate': 0.05699709601685993, 'lat': 53.07, 'lon': -115.42, 'status': 'repaired', 'days_active': 50, 'days_active_prog_start': 0, 'tagged': True, 'component': 'unknown', 'date_began': datetime.datetime(2020, 3, 23, 0, 0), 'date_tagged': datetime.datetime(2020, 4, 26, 8, 0), 'tagged_by_company': 'OGI', 'tagged_by_crew': 2, 'init_detect_by': 'OGI', 'init_detect_date': datetime.datetime(2020, 4, 26, 8, 0), 'requires_shutdown': False, 'date_repaired': datetime.datetime(2020, 5, 12, 16, 0), 'repair_delay': 16, 'OGI_sp_covered': 1}, {'leak_ID': 'ABRAND00579_0000000006', 'facility_ID': 'ABRAND00579', 'equipment_group': 4, 'rate': 0.04822269174878036, 'lat': 53.07, 'lon': -115.42, 'status': 'repaired', 'days_active': 56, 'days_active_prog_start': 0, 'tagged': True, 'component': 'unknown', 'date_began': datetime.datetime(2020, 5, 16, 0, 0), 'date_tagged': datetime.datetime(2020, 6, 25, 8, 0), 'tagged_by_company': 'OGI', 'tagged_by_crew': 2, 'init_detect_by': 'OGI', 'init_detect_date': datetime.datetime(2020, 6, 25, 8, 0), 'requires_shutdown': False, 'date_repaired': datetime.datetime(2020, 7, 11, 16, 0), 'repair_delay': 16, 'OGI_sp_covered': 1}]",[],1,False,,,,2,4,8,31,False,6,3,0,7,0.0,1807.243703403612,0.01002004008016032,0.08992763499594535,0.9902705224129381
ABRAND00919,351,52.7,-114.22,3,6,2,2,2,120,1,30,20,120,1,lognorm,0.062287158377333125,[1.462],"['kilogram', 'hour']",<scipy.stats._distn_infrastructure.rv_frozen object at 0x000002073C01D1C8>,0,7,60,889.5114356532835,"[{'leak_ID': 'ABRAND00919_0000000006', 'facility_ID': 'ABRAND00919', 'equipment_group': 3, 'rate': 0.04500801920690623, 'lat': 52.7, 'lon': -114.22, 'status': 'active', 'days_active': 33, 'days_active_prog_start': 0, 'tagged': True, 'component': 'unknown', 'date_began': datetime.datetime(2021, 11, 27, 0, 0), 'date_tagged': datetime.datetime(2021, 12, 23, 10, 30), 'tagged_by_company': 'OGI', 'tagged_by_crew': 1, 'init_detect_by': 'OGI', 'init_detect_date': datetime.datetime(2021, 12, 23, 10, 30), 'requires_shutdown': False, 'date_repaired': None, 'repair_delay': None, 'OGI_sp_covered': 1}]","[{'leak_ID': 'ABRAND00919_0000000000', 'facility_ID': 'ABRAND00919', 'equipment_group': 1, 'rate': 0.03455231782031888, 'lat': 52.7, 'lon': -114.22, 'status': 'repaired', 'days_active': 120, 'days_active_prog_start': 0, 'tagged': True, 'component': 'unknown', 'date_began': datetime.datetime(2017, 11, 18, 0, 0), 'date_tagged': datetime.datetime(2018, 3, 18, 0, 0), 'tagged_by_company': 'natural', 'tagged_by_crew': 1, 'init_detect_by': 'natural', 'init_detect_date': datetime.datetime(2018, 3, 18, 0, 0), 'requires_shutdown': False, 'date_repaired': datetime.datetime(2018, 3, 18, 16, 0), 'repair_delay': 0, 'OGI_sp_covered': 1}, {'leak_ID': 'ABRAND00919_0000000001', 'facility_ID': 'ABRAND00919', 'equipment_group': 2, 'rate': 0.15510401044579883, 'lat': 52.7, 'lon': -114.22, 'status': 'repaired', 'days_active': 17, 'days_active_prog_start': 0, 'tagged': True, 'component': 'unknown', 'date_began': datetime.datetime(2019, 6, 25, 0, 0), 'date_tagged': datetime.datetime(2019, 6, 26, 10, 30), 'tagged_by_company': 'OGI', 'tagged_by_crew': 1, 'init_detect_by': 'OGI', 'init_detect_date': datetime.datetime(2019, 6, 26, 10, 30), 'requires_shutdown': False, 'date_repaired': datetime.datetime(2019, 7, 12, 16, 0), 'repair_delay': 16, 'OGI_sp_covered': 1}, {'leak_ID': 'ABRAND00919_0000000002', 'facility_ID': 'ABRAND00919', 'equipment_group': 2, 'rate': 0.0022578757247037717, 'lat': 52.7, 'lon': -114.22, 'status': 'repaired', 'days_active': 120, 'days_active_prog_start': 0, 'tagged': True, 'component': 'unknown', 'date_began': datetime.datetime(2020, 10, 18, 0, 0), 'date_tagged': datetime.datetime(2021, 2, 15, 0, 0), 'tagged_by_company': 'natural', 'tagged_by_crew': 1, 'init_detect_by': 'natural', 'init_detect_date': datetime.datetime(2021, 2, 15, 0, 0), 'requires_shutdown': False, 'date_repaired': datetime.datetime(2021, 2, 15, 16, 0), 'repair_delay': 0, 'OGI_sp_covered': 1}, {'leak_ID': 'ABRAND00919_0000000003', 'facility_ID': 'ABRAND00919', 'equipment_group': 3, 'rate': 0.005120971507096574, 'lat': 52.7, 'lon': -114.22, 'status': 'repaired', 'days_active': 120, 'days_active_prog_start': 0, 'tagged': True, 'component': 'unknown', 'date_began': datetime.datetime(2020, 11, 11, 0, 0), 'date_tagged': datetime.datetime(2021, 3, 11, 0, 0), 'tagged_by_company': 'natural', 'tagged_by_crew': 1, 'init_detect_by': 'natural', 'init_detect_date': datetime.datetime(2021, 3, 11, 0, 0), 'requires_shutdown': False, 'date_repaired': datetime.datetime(2021, 3, 11, 16, 0), 'repair_delay': 0, 'OGI_sp_covered': 1}, {'leak_ID': 'ABRAND00919_0000000004', 'facility_ID': 'ABRAND00919', 'equipment_group': 1, 'rate': 0.005883385788347916, 'lat': 52.7, 'lon': -114.22, 'status': 'repaired', 'days_active': 120, 'days_active_prog_start': 0, 'tagged': True, 'component': 'unknown', 'date_began': datetime.datetime(2020, 11, 27, 0, 0), 'date_tagged': datetime.datetime(2021, 3, 27, 0, 0), 'tagged_by_company': 'natural', 'tagged_by_crew': 1, 'init_detect_by': 'natural', 'init_detect_date': datetime.datetime(2021, 3, 27, 0, 0), 'requires_shutdown': False, 'date_repaired': datetime.datetime(2021, 3, 27, 16, 0), 'repair_delay': 0, 'OGI_sp_covered': 1}, {'leak_ID': 'ABRAND00919_0000000005', 'facility_ID': 'ABRAND00919', 'equipment_group': 3, 'rate': 0.00362910278103778, 'lat': 52.7, 'lon': -114.22, 'status': 'repaired', 'days_active': 120, 'days_active_prog_start': 0, 'tagged': True, 'component': 'unknown', 'date_began': datetime.datetime(2021, 2, 28, 0, 0), 'date_tagged': datetime.datetime(2021, 6, 28, 0, 0), 'tagged_by_company': 'natural', 'tagged_by_crew': 1, 'init_detect_by': 'natural', 'init_detect_date': datetime.datetime(2021, 6, 28, 0, 0), 'requires_shutdown': False, 'date_repaired': datetime.datetime(2021, 6, 28, 0, 0), 'repair_delay': 0, 'OGI_sp_covered': 1}]",[],0,False,,,,3,4,8,31,False,6,8,1,6,128.32686436273104,761.1845712905524,0.012024048096192385,0.10003039009744005,0.4874035263853608
ABRAND00197,351,54.54,-118.78,5,6,2,2,2,120,1,30,20,120,1,lognorm,0.062287158377333125,[1.462],"['kilogram', 'hour']",<scipy.stats._distn_infrastructure.rv_frozen object at 0x000002073C01D1C8>,2,11,60,1602.4977759436636,"[{'leak_ID': 'ABRAND00197_0000000010', 'facility_ID': 'ABRAND00197', 'equipment_group': 1, 'rate': 0.02784387424239777, 'lat': 54.54, 'lon': -118.78, 'status': 'active', 'days_active': 107, 'days_active_prog_start': 0, 'tagged': False, 'component': 'unknown', 'date_began': datetime.datetime(2021, 9, 14, 0, 0), 'date_tagged': None, 'tagged_by_company': None, 'tagged_by_crew': None, 'init_detect_by': None, 'init_detect_date': None, 'requires_shutdown': False, 'date_repaired': None, 'repair_delay': None, 'OGI_sp_covered': 1}]","[{'leak_ID': 'ABRAND00197_0000000001', 'facility_ID': 'ABRAND00197', 'equipment_group': 1, 'rate': 0.006306578129255138, 'lat': 54.54, 'lon': -118.78, 'status': 'repaired', 'days_active': 120, 'days_active_prog_start': 109, 'tagged': True, 'component': 'unknown', 'date_began': datetime.datetime(2016, 9, 14, 0, 0), 'date_tagged': datetime.datetime(2017, 1, 11, 0, 0), 'tagged_by_company': 'natural', 'tagged_by_crew': 1, 'init_detect_by': 'natural', 'init_detect_date': datetime.datetime(2017, 1, 11, 0, 0), 'requires_shutdown': False, 'date_repaired': datetime.datetime(2017, 1, 11, 16, 0), 'repair_delay': 0, 'OGI_sp_covered': 0}, {'leak_ID': 'ABRAND00197_0000000002', 'facility_ID': 'ABRAND00197', 'equipment_group': 3, 'rate': 0.004089961737906057, 'lat': 54.54, 'lon': -118.78, 'status': 'repaired', 'days_active': 120, 'days_active_prog_start': 72, 'tagged': True, 'component': 'unknown', 'date_began': datetime.datetime(2016, 10, 21, 0, 0), 'date_tagged': datetime.datetime(2017, 2, 17, 0, 0), 'tagged_by_company': 'natural', 'tagged_by_crew': 1, 'init_detect_by': 'natural', 'init_detect_date': datetime.datetime(2017, 2, 17, 0, 0), 'requires_shutdown': False, 'date_repaired': datetime.datetime(2017, 2, 17, 16, 0), 'repair_delay': 0, 'OGI_sp_covered': 0}, {'leak_ID': 'ABRAND00197_0000000002', 'facility_ID': 'ABRAND00197', 'equipment_group': 5, 'rate': 0.0013907296619208715, 'lat': 54.54, 'lon': -118.78, 'status': 'repaired', 'days_active': 120, 'days_active_prog_start': 0, 'tagged': True, 'component': 'unknown', 'date_began': datetime.datetime(2017, 3, 25, 0, 0), 'date_tagged': datetime.datetime(2017, 7, 23, 0, 0), 'tagged_by_company': 'natural', 'tagged_by_crew': 1, 'init_detect_by': 'natural', 'init_detect_date': datetime.datetime(2017, 7, 23, 0, 0), 'requires_shutdown': False, 'date_repaired': datetime.datetime(2017, 7, 23, 16, 0), 'repair_delay': 0, 'OGI_sp_covered': 1}, {'leak_ID': 'ABRAND00197_0000000003', 'facility_ID': 'ABRAND00197', 'equipment_group': 4, 'rate': 0.002936151889954629, 'lat': 54.54, 'lon': -118.78, 'status': 'repaired', 'days_active': 120, 'days_active_prog_start': 0, 'tagged': True, 'component': 'unknown', 'date_began': datetime.datetime(2018, 2, 28, 0, 0), 'date_tagged': datetime.datetime(2018, 6, 28, 0, 0), 'tagged_by_company': 'natural', 'tagged_by_crew': 1, 'init_detect_by': 'natural', 'init_detect_date': datetime.datetime(2018, 6, 28, 0, 0), 'requires_shutdown': False, 'date_repaired': datetime.datetime(2018, 6, 28, 0, 0), 'repair_delay': 0, 'OGI_sp_covered': 1}, {'leak_ID': 'ABRAND00197_0000000004', 'facility_ID': 'ABRAND00197', 'equipment_group': 5, 'rate': 0.2127080121846759, 'lat': 54.54, 'lon': -118.78, 'status': 'repaired', 'days_active': 36, 'days_active_prog_start': 0, 'tagged': True, 'component': 'unknown', 'date_began': datetime.datetime(2018, 6, 6, 0, 0), 'date_tagged': datetime.datetime(2018, 6, 26, 10, 30), 'tagged_by_company': 'OGI', 'tagged_by_crew': 2, 'init_detect_by': 'OGI', 'init_detect_date': datetime.datetime(2018, 6, 26, 10, 30), 'requires_shutdown': False, 'date_repaired': datetime.datetime(2018, 7, 12, 16, 0), 'repair_delay': 16, 'OGI_sp_covered': 1}, {'leak_ID': 'ABRAND00197_0000000006', 'facility_ID': 'ABRAND00197', 'equipment_group': 2, 'rate': 0.10047537666923903, 'lat': 54.54, 'lon': -118.78, 'status': 'repaired', 'days_active': 19, 'days_active_prog_start': 0, 'tagged': True, 'component': 'unknown', 'date_began': datetime.datetime(2019, 8, 22, 0, 0), 'date_tagged': datetime.datetime(2019, 8, 25, 10, 30), 'tagged_by_company': 'OGI', 'tagged_by_crew': 2, 'init_detect_by': 'OGI', 'init_detect_date': datetime.datetime(2019, 8, 25, 10, 30), 'requires_shutdown': False, 'date_repaired': datetime.datetime(2019, 9, 10, 16, 0), 'repair_delay': 16, 'OGI_sp_covered': 1}, {'leak_ID': 'ABRAND00197_0000000005', 'facility_ID': 'ABRAND00197', 'equipment_group': 2, 'rate': 0.029142807552615314, 'lat': 54.54, 'lon': -118.78, 'status': 'repaired', 'days_active': 120, 'days_active_prog_start': 0, 'tagged': True, 'component': 'unknown', 'date_began': datetime.datetime(2019, 5, 27, 0, 0), 'date_tagged': datetime.datetime(2019, 9, 24, 0, 0), 'tagged_by_company': 'natural', 'tagged_by_crew': 1, 'init_detect_by': 'natural', 'init_detect_date': datetime.datetime(2019, 9, 24, 0, 0), 'requires_shutdown': False, 'date_repaired': datetime.datetime(2019, 9, 24, 16, 0), 'repair_delay': 0, 'OGI_sp_covered': 1}, {'leak_ID': 'ABRAND00197_0000000007', 'facility_ID': 'ABRAND00197', 'equipment_group': 3, 'rate': 0.004876948145098516, 'lat': 54.54, 'lon': -118.78, 'status': 'repaired', 'days_active': 120, 'days_active_prog_start': 0, 'tagged': True, 'component': 'unknown', 'date_began': datetime.datetime(2020, 5, 2, 0, 0), 'date_tagged': datetime.datetime(2020, 8, 30, 0, 0), 'tagged_by_company': 'natural', 'tagged_by_crew': 1, 'init_detect_by': 'natural', 'init_detect_date': datetime.datetime(2020, 8, 30, 0, 0), 'requires_shutdown': False, 'date_repaired': datetime.datetime(2020, 8, 30, 16, 0), 'repair_delay': 0, 'OGI_sp_covered': 1}, {'leak_ID': 'ABRAND00197_0000000008', 'facility_ID': 'ABRAND00197', 'equipment_group': 1, 'rate': 0.0030672066183891045, 'lat': 54.54, 'lon': -118.78, 'status': 'repaired', 'days_active': 120, 'days_active_prog_start': 0, 'tagged': True, 'component': 'unknown', 'date_began': datetime.datetime(2021, 1, 22, 0, 0), 'date_tagged': datetime.datetime(2021, 5, 22, 0, 0), 'tagged_by_company': 'natural', 'tagged_by_crew': 1, 'init_detect_by': 'natural', 'init_detect_date': datetime.datetime(2021, 5, 22, 0, 0), 'requires_shutdown': False, 'date_repaired': datetime.datetime(2021, 5, 22, 16, 0), 'repair_delay': 0, 'OGI_sp_covered': 1}, {'leak_ID': 'ABRAND00197_0000000009', 'facility_ID': 'ABRAND00197', 'equipment_group': 5, 'rate': 0.006385508633431456, 'lat': 54.54, 'lon': -118.78, 'status': 'repaired', 'days_active': 120, 'days_active_prog_start': 0, 'tagged': True, 'component': 'unknown', 'date_began': datetime.datetime(2021, 3, 12, 0, 0), 'date_tagged': datetime.datetime(2021, 7, 10, 0, 0), 'tagged_by_company': 'natural', 'tagged_by_crew': 1, 'init_detect_by': 'natural', 'init_detect_date': datetime.datetime(2021, 7, 10, 0, 0), 'requires_shutdown': False, 'date_repaired': datetime.datetime(2021, 7, 10, 16, 0), 'repair_delay': 0, 'OGI_sp_covered': 1}]",[],2,False,,,,2,4,8,31,False,6,13,1,10,257.4110485961189,1345.0867273475446,0.014028056112224449,0.11004136068962096,0.8780809731198157
ABRAND00436,311,53.02,-115.89,4,6,2,2,2,120,1,30,20,120,1,lognorm,0.062287158377333125,[1.462],"['kilogram', 'hour']",<scipy.stats._distn_infrastructure.rv_frozen object at 0x000002073C01D1C8>,1,7,60,1685.9917105549,[],"[{'leak_ID': 'ABRAND00436_0000000001', 'facility_ID': 'ABRAND00436', 'equipment_group': 3, 'rate': 0.006668969264733827, 'lat': 53.02, 'lon': -115.89, 'status': 'repaired', 'days_active': 120, 'days_active_prog_start': 77, 'tagged': True, 'component': 'unknown', 'date_began': datetime.datetime(2016, 10, 16, 0, 0), 'date_tagged': datetime.datetime(2017, 2, 12, 0, 0), 'tagged_by_company': 'natural', 'tagged_by_crew': 1, 'init_detect_by': 'natural', 'init_detect_date': datetime.datetime(2017, 2, 12, 0, 0), 'requires_shutdown': False, 'date_repaired': datetime.datetime(2017, 2, 12, 16, 0), 'repair_delay': 0, 'OGI_sp_covered': 1}, {'leak_ID': 'ABRAND00436_0000000001', 'facility_ID': 'ABRAND00436', 'equipment_group': 4, 'rate': 0.1299696911759195, 'lat': 53.02, 'lon': -115.89, 'status': 'repaired', 'days_active': 47, 'days_active_prog_start': 0, 'tagged': True, 'component': 'unknown', 'date_began': datetime.datetime(2017, 1, 30, 0, 0), 'date_tagged': datetime.datetime(2017, 3, 2, 13, 0), 'tagged_by_company': 'OGI', 'tagged_by_crew': 3, 'init_detect_by': 'OGI', 'init_detect_date': datetime.datetime(2017, 3, 2, 13, 0), 'requires_shutdown': False, 'date_repaired': datetime.datetime(2017, 3, 18, 16, 0), 'repair_delay': 16, 'OGI_sp_covered': 1}, {'leak_ID': 'ABRAND00436_0000000002', 'facility_ID': 'ABRAND00436', 'equipment_group': 1, 'rate': 0.0008271661143913347, 'lat': 53.02, 'lon': -115.89, 'status': 'repaired', 'days_active': 120, 'days_active_prog_start': 0, 'tagged': True, 'component': 'unknown', 'date_began': datetime.datetime(2017, 5, 3, 0, 0), 'date_tagged': datetime.datetime(2017, 8, 31, 0, 0), 'tagged_by_company': 'natural', 'tagged_by_crew': 1, 'init_detect_by': 'natural', 'init_detect_date': datetime.datetime(2017, 8, 31, 0, 0), 'requires_shutdown': False, 'date_repaired': datetime.datetime(2017, 8, 31, 16, 0), 'repair_delay': 0, 'OGI_sp_covered': 1}, {'leak_ID': 'ABRAND00436_0000000003', 'facility_ID': 'ABRAND00436', 'equipment_group': 4, 'rate': 0.043310256880395914, 'lat': 53.02, 'lon': -115.89, 'status': 'repaired', 'days_active': 90, 'days_active_prog_start': 0, 'tagged': True, 'component': 'unknown', 'date_began': datetime.datetime(2017, 12, 14, 0, 0), 'date_tagged': datetime.datetime(2018, 2, 26, 13, 0), 'tagged_by_company': 'OGI', 'tagged_by_crew': 1, 'init_detect_by': 'OGI', 'init_detect_date': datetime.datetime(2018, 2, 26, 13, 0), 'requires_shutdown': False, 'date_repaired': datetime.datetime(2018, 3, 14, 16, 0), 'repair_delay': 16, 'OGI_sp_covered': 1}, {'leak_ID': 'ABRAND00436_0000000004', 'facility_ID': 'ABRAND00436', 'equipment_group': 3, 'rate': 0.00748002867907621, 'lat': 53.02, 'lon': -115.89, 'status': 'repaired', 'days_active': 120, 'days_active_prog_start': 0, 'tagged': True, 'component': 'unknown', 'date_began': datetime.datetime(2020, 8, 4, 0, 0), 'date_tagged': datetime.datetime(2020, 12, 2, 0, 0), 'tagged_by_company': 'natural', 'tagged_by_crew': 1, 'init_detect_by': 'natural', 'init_detect_date': datetime.datetime(2020, 12, 2, 0, 0), 'requires_shutdown': False, 'date_repaired': datetime.datetime(2020, 12, 2, 16, 0), 'repair_delay': 0, 'OGI_sp_covered': 1}, {'leak_ID': 'ABRAND00436_0000000005', 'facility_ID': 'ABRAND00436', 'equipment_group': 4, 'rate': 0.03254780393730658, 'lat': 53.02, 'lon': -115.89, 'status': 'repaired', 'days_active': 120, 'days_active_prog_start': 0, 'tagged': True, 'component': 'unknown', 'date_began': datetime.datetime(2020, 12, 22, 0, 0), 'date_tagged': datetime.datetime(2021, 4, 21, 0, 0), 'tagged_by_company': 'natural', 'tagged_by_crew': 1, 'init_detect_by': 'natural', 'init_detect_date': datetime.datetime(2021, 4, 21, 0, 0), 'requires_shutdown': False, 'date_repaired': datetime.datetime(2021, 4, 21, 16, 0), 'repair_delay': 0, 'OGI_sp_covered': 1}, {'leak_ID': 'ABRAND00436_0000000006', 'facility_ID': 'ABRAND00436', 'equipment_group': 2, 'rate': 0.03598274013047473, 'lat': 53.02, 'lon': -115.89, 'status': 'repaired', 'days_active': 120, 'days_active_prog_start': 0, 'tagged': True, 'component': 'unknown', 'date_began': datetime.datetime(2021, 6, 5, 0, 0), 'date_tagged': datetime.datetime(2021, 10, 3, 0, 0), 'tagged_by_company': 'natural', 'tagged_by_crew': 1, 'init_detect_by': 'natural', 'init_detect_date': datetime.datetime(2021, 10, 3, 0, 0), 'requires_shutdown': False, 'date_repaired': datetime.datetime(2021, 10, 3, 16, 0), 'repair_delay': 0, 'OGI_sp_covered': 1}]",[],1,False,,,,2,4,8,31,False,6,8,0,7,0.0,1685.9917105549,0.01603206412825651,0.11991502207270059,0.9238310742766576
ABRAND00546,621,53.2,-115.57,5,6,2,2,2,120,1,30,20,120,1,lognorm,0.062287158377333125,[1.462],"['kilogram', 'hour']",<scipy.stats._distn_infrastructure.rv_frozen object at 0x000002073C01D1C8>,0,7,60,3664.8686571735893,"[{'leak_ID': 'ABRAND00546_0000000006', 'facility_ID': 'ABRAND00546', 'equipment_group': 4, 'rate': 0.0010604073216263154, 'lat': 53.2, 'lon': -115.57, 'status': 'active', 'days_active': 24, 'days_active_prog_start': 0, 'tagged': False, 'component': 'unknown', 'date_began': datetime.datetime(2021, 12, 6, 0, 0), 'date_tagged': None, 'tagged_by_company': None, 'tagged_by_crew': None, 'init_detect_by': None, 'init_detect_date': None, 'requires_shutdown': False, 'date_repaired': None, 'repair_delay': None}]","[{'leak_ID': 'ABRAND00546_0000000002', 'facility_ID': 'ABRAND00546', 'equipment_group': 5, 'rate': 0.04512043537051164, 'lat': 53.2, 'lon': -115.57, 'status': 'repaired', 'days_active': 60, 'days_active_prog_start': 0, 'tagged': True, 'component': 'unknown', 'date_began': datetime.datetime(2018, 5, 18, 0, 0), 'date_tagged': datetime.datetime(2018, 7, 1, 8, 0), 'tagged_by_company': 'OGI', 'tagged_by_crew': 1, 'init_detect_by': 'OGI', 'init_detect_date': datetime.datetime(2018, 7, 1, 8, 0), 'requires_shutdown': False, 'date_repaired': datetime.datetime(2018, 7, 17, 16, 0), 'repair_delay': 16, 'OGI_sp_covered': 1}, {'leak_ID': 'ABRAND00546_0000000000', 'facility_ID': 'ABRAND00546', 'equipment_group': 2, 'rate': 0.002679357652340104, 'lat': 53.2, 'lon': -115.57, 'status': 'repaired', 'days_active': 120, 'days_active_prog_start': 0, 'tagged': True, 'component': 'unknown', 'date_began': datetime.datetime(2018, 4, 15, 0, 0), 'date_tagged': datetime.datetime(2018, 8, 13, 0, 0), 'tagged_by_company': 'natural', 'tagged_by_crew': 1, 'init_detect_by': 'natural', 'init_detect_date': datetime.datetime(2018, 8, 13, 0, 0), 'requires_shutdown': False, 'date_repaired': datetime.datetime(2018, 8, 13, 16, 0), 'repair_delay': 0, 'OGI_sp_covered': 1}, {'leak_ID': 'ABRAND00546_0000000001', 'facility_ID': 'ABRAND00546', 'equipment_group': 1, 'rate': 0.007882146625034718, 'lat': 53.2, 'lon': -115.57, 'status': 'repaired', 'days_active': 120, 'days_active_prog_start': 0, 'tagged': True, 'component': 'unknown', 'date_began': datetime.datetime(2018, 4, 26, 0, 0), 'date_tagged': datetime.datetime(2018, 8, 24, 0, 0), 'tagged_by_company': 'natural', 'tagged_by_crew': 1, 'init_detect_by': 'natural', 'init_detect_date': datetime.datetime(2018, 8, 24, 0, 0), 'requires_shutdown': False, 'date_repaired': datetime.datetime(2018, 8, 24, 16, 0), 'repair_delay': 0, 'OGI_sp_covered': 0}, {'leak_ID': 'ABRAND00546_0000000003', 'facility_ID': 'ABRAND00546', 'equipment_group': 5, 'rate': 0.5384777934638468, 'lat': 53.2, 'lon': -115.57, 'status': 'repaired', 'days_active': 70, 'days_active_prog_start': 0, 'tagged': True, 'component': 'unknown', 'date_began': datetime.datetime(2020, 9, 4, 0, 0), 'date_tagged': datetime.datetime(2020, 10, 28, 8, 0), 'tagged_by_company': 'OGI', 'tagged_by_crew': 1, 'init_detect_by': 'OGI', 'init_detect_date': datetime.datetime(2020, 10, 28, 8, 0), 'requires_shutdown': False, 'date_repaired': datetime.datetime(2020, 11, 13, 16, 0), 'repair_delay': 16, 'OGI_sp_covered': 1}, {'leak_ID': 'ABRAND00546_0000000004', 'facility_ID': 'ABRAND00546', 'equipment_group': 2, 'rate': 0.0008870755605276858, 'lat': 53.2, 'lon': -115.57, 'status': 'repaired', 'days_active': 120, 'days_active_prog_start': 0, 'tagged': True, 'component': 'unknown', 'date_began': datetime.datetime(2020, 11, 30, 0, 0), 'date_tagged': datetime.datetime(2021, 3, 30, 0, 0), 'tagged_by_company': 'natural', 'tagged_by_crew': 1, 'init_detect_by': 'natural', 'init_detect_date': datetime.datetime(2021, 3, 30, 0, 0), 'requires_shutdown': False, 'date_repaired': datetime.datetime(2021, 3, 30, 16, 0), 'repair_delay': 0, 'OGI_sp_covered': 1}, {'leak_ID': 'ABRAND00546_0000000005', 'facility_ID': 'ABRAND00546', 'equipment_group': 4, 'rate': 0.0051459190742683125, 'lat': 53.2, 'lon': -115.57, 'status': 'repaired', 'days_active': 120, 'days_active_prog_start': 0, 'tagged': True, 'component': 'unknown', 'date_began': datetime.datetime(2021, 4, 26, 0, 0), 'date_tagged': datetime.datetime(2021, 8, 24, 0, 0), 'tagged_by_company': 'natural', 'tagged_by_crew': 1, 'init_detect_by': 'natural', 'init_detect_date': datetime.datetime(2021, 8, 24, 0, 0), 'requires_shutdown': False, 'date_repaired': datetime.datetime(2021, 8, 24, 16, 0), 'repair_delay': 0, 'OGI_sp_covered': 1}]",[],0,False,,,,2,4,63,30,False,6,6,1,6,2.198860622124328,3662.669796551465,0.018036072144288578,0.1294196699510996,2.0081472094101858
ABRAND00908,351,52.45,-114.24,4,6,2,2,2,120,1,30,20,120,1,lognorm,0.062287158377333125,[1.462],"['kilogram', 'hour']",<scipy.stats._distn_infrastructure.rv_frozen object at 0x000002073C01D1C8>,0,7,60,651.5423135232161,[],"[{'leak_ID': 'ABRAND00908_0000000000', 'facility_ID': 'ABRAND00908', 'equipment_group': 1, 'rate': 0.01394210934973867, 'lat': 52.45, 'lon': -114.24, 'status': 'repaired', 'days_active': 120, 'days_active_prog_start': 0, 'tagged': True, 'component': 'unknown', 'date_began': datetime.datetime(2017, 5, 18, 0, 0), 'date_tagged': datetime.datetime(2017, 9, 15, 0, 0), 'tagged_by_company': 'natural', 'tagged_by_crew': 1, 'init_detect_by': 'natural', 'init_detect_date': datetime.datetime(2017, 9, 15, 0, 0), 'requires_shutdown': False, 'date_repaired': datetime.datetime(2017, 9, 15, 16, 0), 'repair_delay': 0, 'OGI_sp_covered': 1}, {'leak_ID': 'ABRAND00908_0000000001', 'facility_ID': 'ABRAND00908', 'equipment_group': 3, 'rate': 0.010878567255287611, 'lat': 52.45, 'lon': -114.24, 'status': 'repaired', 'days_active': 120, 'days_active_prog_start': 0, 'tagged': True, 'component': 'unknown', 'date_began': datetime.datetime(2017, 10, 9, 0, 0), 'date_tagged': datetime.datetime(2018, 2, 6, 0, 0), 'tagged_by_company': 'natural', 'tagged_by_crew': 1, 'init_detect_by': 'natural', 'init_detect_date': datetime.datetime(2018, 2, 6, 0, 0), 'requires_shutdown': False, 'date_repaired': datetime.datetime(2018, 2, 6, 16, 0), 'repair_delay': 0, 'OGI_sp_covered': 1}, {'leak_ID': 'ABRAND00908_0000000002', 'facility_ID': 'ABRAND00908', 'equipment_group': 4, 'rate': 0.0024607558039415564, 'lat': 52.45, 'lon': -114.24, 'status': 'repaired', 'days_active': 120, 'days_active_prog_start': 0, 'tagged': True, 'component': 'unknown', 'date_began': datetime.datetime(2020, 2, 9, 0, 0), 'date_tagged': datetime.datetime(2020, 6, 8, 0, 0), 'tagged_by_company': 'natural', 'tagged_by_crew': 1, 'init_detect_by': 'natural', 'init_detect_date': datetime.datetime(2020, 6, 8, 0, 0), 'requires_shutdown': False, 'date_repaired': datetime.datetime(2020, 6, 8, 16, 0), 'repair_delay': 0, 'OGI_sp_covered': 1}, {'leak_ID': 'ABRAND00908_0000000003', 'facility_ID': 'ABRAND00908', 'equipment_group': 1, 'rate': 0.008279445214456444, 'lat': 52.45, 'lon': -114.24, 'status': 'repaired', 'days_active': 120, 'days_active_prog_start': 0, 'tagged': True, 'component': 'unknown', 'date_began': datetime.datetime(2020, 2, 17, 0, 0), 'date_tagged': datetime.datetime(2020, 6, 16, 0, 0), 'tagged_by_company': 'natural', 'tagged_by_crew': 1, 'init_detect_by': 'natural', 'init_detect_date': datetime.datetime(2020, 6, 16, 0, 0), 'requires_shutdown': False, 'date_repaired': datetime.datetime(2020, 6, 16, 16, 0), 'repair_delay': 0, 'OGI_sp_covered': 1}, {'leak_ID': 'ABRAND00908_0000000004', 'facility_ID': 'ABRAND00908', 'equipment_group': 2, 'rate': 0.003817178052030581, 'lat': 52.45, 'lon': -114.24, 'status': 'repaired', 'days_active': 120, 'days_active_prog_start': 0, 'tagged': True, 'component': 'unknown', 'date_began': datetime.datetime(2020, 8, 1, 0, 0), 'date_tagged': datetime.datetime(2020, 11, 29, 0, 0), 'tagged_by_company': 'natural', 'tagged_by_crew': 1, 'init_detect_by': 'natural', 'init_detect_date': datetime.datetime(2020, 11, 29, 0, 0), 'requires_shutdown': False, 'date_repaired': datetime.datetime(2020, 11, 29, 16, 0), 'repair_delay': 0, 'OGI_sp_covered': 1}, {'leak_ID': 'ABRAND00908_0000000005', 'facility_ID': 'ABRAND00908', 'equipment_group': 4, 'rate': 0.01572663368853461, 'lat': 52.45, 'lon': -114.24, 'status': 'repaired', 'days_active': 120, 'days_active_prog_start': 0, 'tagged': True, 'component': 'unknown', 'date_began': datetime.datetime(2020, 10, 1, 0, 0), 'date_tagged': datetime.datetime(2021, 1, 29, 0, 0), 'tagged_by_company': 'natural', 'tagged_by_crew': 1, 'init_detect_by': 'natural', 'init_detect_date': datetime.datetime(2021, 1, 29, 0, 0), 'requires_shutdown': False, 'date_repaired': datetime.datetime(2021, 1, 29, 16, 0), 'repair_delay': 0, 'OGI_sp_covered': 1}, {'leak_ID': 'ABRAND00908_0000000006', 'facility_ID': 'ABRAND00908', 'equipment_group': 3, 'rate': 0.007736968961938001, 'lat': 52.45, 'lon': -114.24, 'status': 'repaired', 'days_active': 120, 'days_active_prog_start': 0, 'tagged': True, 'component': 'unknown', 'date_began': datetime.datetime(2021, 6, 10, 0, 0), 'date_tagged': datetime.datetime(2021, 10, 8, 0, 0), 'tagged_by_company': 'natural', 'tagged_by_crew': 1, 'init_detect_by': 'natural', 'init_detect_date': datetime.datetime(2021, 10, 8, 0, 0), 'requires_shutdown': False, 'date_repaired': datetime.datetime(2021, 10, 8, 16, 0), 'repair_delay': 0, 'OGI_sp_covered': 1}]",[],0,False,,,,3,4,63,30,False,6,14,0,7,0.0,651.5423135232161,0.02004008016032064,0.13857031548101778,0.3570094868620362
ABRAND00055,601,54.81,-119.68,5,6,2,2,2,120,1,30,20,120,1,lognorm,0.062287158377333125,[1.462],"['kilogram', 'hour']",<scipy.stats._distn_infrastructure.rv_frozen object at 0x000002073C01D1C8>,0,4,60,737.3246587646536,[],"[{'leak_ID': 'ABRAND00055_0000000000', 'facility_ID': 'ABRAND00055', 'equipment_group': 1, 'rate': 0.020925497572527933, 'lat': 54.81, 'lon': -119.68, 'status': 'repaired', 'days_active': 120, 'days_active_prog_start': 0, 'tagged': True, 'component': 'unknown', 'date_began': datetime.datetime(2018, 3, 31, 0, 0), 'date_tagged': datetime.datetime(2018, 7, 29, 0, 0), 'tagged_by_company': 'natural', 'tagged_by_crew': 1, 'init_detect_by': 'natural', 'init_detect_date': datetime.datetime(2018, 7, 29, 0, 0), 'requires_shutdown': False, 'date_repaired': datetime.datetime(2018, 7, 29, 16, 0), 'repair_delay': 0, 'OGI_sp_covered': 1}, {'leak_ID': 'ABRAND00055_0000000001', 'facility_ID': 'ABRAND00055', 'equipment_group': 2, 'rate': 0.010959573194477552, 'lat': 54.81, 'lon': -119.68, 'status': 'repaired', 'days_active': 120, 'days_active_prog_start': 0, 'tagged': True, 'component': 'unknown', 'date_began': datetime.datetime(2019, 6, 23, 0, 0), 'date_tagged': datetime.datetime(2019, 10, 21, 0, 0), 'tagged_by_company': 'natural', 'tagged_by_crew': 1, 'init_detect_by': 'natural', 'init_detect_date': datetime.datetime(2019, 10, 21, 0, 0), 'requires_shutdown': False, 'date_repaired': datetime.datetime(2019, 10, 21, 16, 0), 'repair_delay': 0, 'OGI_sp_covered': 1}, {'leak_ID': 'ABRAND00055_0000000002', 'facility_ID': 'ABRAND00055', 'equipment_group': 2, 'rate': 0.010885287883328171, 'lat': 54.81, 'lon': -119.68, 'status': 'repaired', 'days_active': 120, 'days_active_prog_start': 0, 'tagged': True, 'component': 'unknown', 'date_began': datetime.datetime(2019, 12, 23, 0, 0), 'date_tagged': datetime.datetime(2020, 4, 21, 0, 0), 'tagged_by_company': 'natural', 'tagged_by_crew': 1, 'init_detect_by': 'natural', 'init_detect_date': datetime.datetime(2020, 4, 21, 0, 0), 'requires_shutdown': False, 'date_repaired': datetime.datetime(2020, 4, 21, 16, 0), 'repair_delay': 0, 'OGI_sp_covered': 1}, {'leak_ID': 'ABRAND00055_0000000003', 'facility_ID': 'ABRAND00055', 'equipment_group': 3, 'rate': 0.04859153113062072, 'lat': 54.81, 'lon': -119.68, 'status': 'repaired', 'days_active': 70, 'days_active_prog_start': 0, 'tagged': True, 'component': 'unknown', 'date_began': datetime.datetime(2021, 1, 8, 0, 0), 'date_tagged': datetime.datetime(2021, 3, 3, 8, 0), 'tagged_by_company': 'OGI', 'tagged_by_crew': 3, 'init_detect_by': 'OGI', 'init_detect_date': datetime.datetime(2021, 3, 3, 8, 0), 'requires_shutdown': False, 'date_repaired': datetime.datetime(2021, 3, 19, 16, 0), 'repair_delay': 16, 'OGI_sp_covered': 1}]",[],0,False,,,,2,4,63,30,False,6,4,0,4,0.0,737.3246587646536,0.022044088176352707,0.14768778963386336,0.404013511651865
ABRAND00866,322,52.24,-114.33,2,6,2,2,2,120,1,30,20,120,1,lognorm,0.062287158377333125,[1.462],"['kilogram', 'hour']",<scipy.stats._distn_infrastructure.rv_frozen object at 0x000002073C01D1C8>,0,3,60,2465.463927794272,[],"[{'leak_ID': 'ABRAND00866_0000000000', 'facility_ID': 'ABRAND00866', 'equipment_group': 1, 'rate': 0.13331368558652532, 'lat': 52.24, 'lon': -114.33, 'status': 'repaired', 'days_active': 26, 'days_active_prog_start': 0, 'tagged': True, 'component': 'unknown', 'date_began': datetime.datetime(2017, 6, 21, 0, 0), 'date_tagged': datetime.datetime(2017, 7, 1, 10, 30), 'tagged_by_company': 'OGI', 'tagged_by_crew': 1, 'init_detect_by': 'OGI', 'init_detect_date': datetime.datetime(2017, 7, 1, 10, 30), 'requires_shutdown': False, 'date_repaired': datetime.datetime(2017, 7, 17, 16, 0), 'repair_delay': 16, 'OGI_sp_covered': 1}, {'leak_ID': 'ABRAND00866_0000000001', 'facility_ID': 'ABRAND00866', 'equipment_group': 1, 'rate': 0.37297608433518953, 'lat': 52.24, 'lon': -114.33, 'status': 'repaired', 'days_active': 52, 'days_active_prog_start': 0, 'tagged': True, 'component': 'unknown', 'date_began': datetime.datetime(2020, 5, 25, 0, 0), 'date_tagged': datetime.datetime(2020, 6, 30, 10, 30), 'tagged_by_company': 'OGI', 'tagged_by_crew': 1, 'init_detect_by': 'OGI', 'init_detect_date': datetime.datetime(2020, 6, 30, 10, 30), 'requires_shutdown': False, 'date_repaired': datetime.datetime(2020, 7, 16, 16, 0), 'repair_delay': 16, 'OGI_sp_covered': 1}, {'leak_ID': 'ABRAND00866_0000000002', 'facility_ID': 'ABRAND00866', 'equipment_group': 1, 'rate': 0.10706697955790573, 'lat': 52.24, 'lon': -114.33, 'status': 'repaired', 'days_active': 53, 'days_active_prog_start': 0, 'tagged': True, 'component': 'unknown', 'date_began': datetime.datetime(2021, 7, 24, 0, 0), 'date_tagged': datetime.datetime(2021, 8, 30, 10, 30), 'tagged_by_company': 'OGI', 'tagged_by_crew': 1, 'init_detect_by': 'OGI', 'init_detect_date': datetime.datetime(2021, 8, 30, 10, 30), 'requires_shutdown': False, 'date_repaired': datetime.datetime(2021, 9, 15, 16, 0), 'repair_delay': 16, 'OGI_sp_covered': 1}]",[],0,False,,,,3,4,63,30,False,6,0,0,3,0.0,2465.463927794272,0.02404809619238477,0.15617910550821024,1.3509391385174092
ABRAND00226,351,54.3,-118.65,1,6,2,2,2,120,1,30,20,120,1,lognorm,0.062287158377333125,[1.462],"['kilogram', 'hour']",<scipy.stats._distn_infrastructure.rv_frozen object at 0x000002073C01D1C8>,0,5,60,2732.1631113820604,[],"[{'leak_ID': 'ABRAND00226_0000000000', 'facility_ID': 'ABRAND00226', 'equipment_group': 1, 'rate': 0.23938609537822075, 'lat': 54.3, 'lon': -118.65, 'status': 'repaired', 'days_active': 102, 'days_active_prog_start': 0, 'tagged': True, 'component': 'unknown', 'date_began': datetime.datetime(2018, 4, 6, 0, 0), 'date_tagged': datetime.datetime(2018, 7, 1, 10, 30), 'tagged_by_company': 'OGI', 'tagged_by_crew': 2, 'init_detect_by': 'OGI', 'init_detect_date': datetime.datetime(2018, 7, 1, 10, 30), 'requires_shutdown': False, 'date_repaired': datetime.datetime(2018, 7, 17, 16, 0), 'repair_delay': 16, 'OGI_sp_covered': 1}, {'leak_ID': 'ABRAND00226_0000000001', 'facility_ID': 'ABRAND00226', 'equipment_group': 1, 'rate': 0.002062043355768892, 'lat': 54.3, 'lon': -118.65, 'status': 'repaired', 'days_active': 120, 'days_active_prog_start': 0, 'tagged': True, 'component': 'unknown', 'date_began': datetime.datetime(2019, 8, 2, 0, 0), 'date_tagged': datetime.datetime(2019, 11, 30, 0, 0), 'tagged_by_company': 'natural', 'tagged_by_crew': 1, 'init_detect_by': 'natural', 'init_detect_date': datetime.datetime(2019, 11, 30, 0, 0), 'requires_shutdown': False, 'date_repaired': datetime.datetime(2019, 11, 30, 16, 0), 'repair_delay': 0, 'OGI_sp_covered': 1}, {'leak_ID': 'ABRAND00226_0000000002', 'facility_ID': 'ABRAND00226', 'equipment_group': 1, 'rate': 0.08350045648394154, 'lat': 54.3, 'lon': -118.65, 'status': 'repaired', 'days_active': 47, 'days_active_prog_start': 0, 'tagged': True, 'component': 'unknown', 'date_began': datetime.datetime(2020, 3, 31, 0, 0), 'date_tagged': datetime.datetime(2020, 5, 1, 10, 30), 'tagged_by_company': 'OGI', 'tagged_by_crew': 2, 'init_detect_by': 'OGI', 'init_detect_date': datetime.datetime(2020, 5, 1, 10, 30), 'requires_shutdown': False, 'date_repaired': datetime.datetime(2020, 5, 17, 16, 0), 'repair_delay': 16, 'OGI_sp_covered': 1}, {'leak_ID': 'ABRAND00226_0000000003', 'facility_ID': 'ABRAND00226', 'equipment_group': 1, 'rate': 0.0014401002990334618, 'lat': 54.3, 'lon': -118.65, 'status': 'repaired', 'days_active': 120, 'days_active_prog_start': 0, 'tagged': True, 'component': 'unknown', 'date_began': datetime.datetime(2021, 3, 14, 0, 0), 'date_tagged': datetime.datetime(2021, 7, 12, 0, 0), 'tagged_by_company': 'natural', 'tagged_by_crew': 1, 'init_detect_by': 'natural', 'init_detect_date': datetime.datetime(2021, 7, 12, 0, 0), 'requires_shutdown': False, 'date_repaired': datetime.datetime(2021, 7, 12, 16, 0), 'repair_delay': 0, 'OGI_sp_covered': 1}, {'leak_ID': 'ABRAND00226_0000000004', 'facility_ID': 'ABRAND00226', 'equipment_group': 1, 'rate': 0.05107317520872517, 'lat': 54.3, 'lon': -118.65, 'status': 'repaired', 'days_active': 56, 'days_active_prog_start': 0, 'tagged': True, 'component': 'unknown', 'date_began': datetime.datetime(2021, 5, 22, 0, 0), 'date_tagged': datetime.datetime(2021, 7, 1, 10, 30), 'tagged_by_company': 'OGI', 'tagged_by_crew': 2, 'init_detect_by': 'OGI', 'init_detect_date': datetime.datetime(2021, 7, 1, 10, 30), 'requires_shutdown': False, 'date_repaired': datetime.datetime(2021, 7, 17, 16, 0), 'repair_delay': 16, 'OGI_sp_covered': 1}]",[],0,False,,,,2,4,63,30,False,6,2,0,5,0.0,2732.1631113820604,0.026052104208416832,0.16430847159247156,1.4970756774696221
ABRAND00277,601,54.0,-117.52,2,6,2,2,2,120,1,30,20,120,1,lognorm,0.062287158377333125,[1.462],"['kilogram', 'hour']",<scipy.stats._distn_infrastructure.rv_frozen object at 0x000002073C01D1C8>,1,5,60,1227.4944349649572,[],"[{'leak_ID': 'ABRAND00277_0000000001', 'facility_ID': 'ABRAND00277', 'equipment_group': 2, 'rate': 0.0009052414207471143, 'lat': 54.0, 'lon': -117.52, 'status': 'repaired', 'days_active': 120, 'days_active_prog_start': 101, 'tagged': True, 'component': 'unknown', 'date_began': datetime.datetime(2016, 9, 22, 0, 0), 'date_tagged': datetime.datetime(2017, 1, 19, 0, 0), 'tagged_by_company': 'natural', 'tagged_by_crew': 1, 'init_detect_by': 'natural', 'init_detect_date': datetime.datetime(2017, 1, 19, 0, 0), 'requires_shutdown': False, 'date_repaired': datetime.datetime(2017, 1, 19, 16, 0), 'repair_delay': 0, 'OGI_sp_covered': 1}, {'leak_ID': 'ABRAND00277_0000000001', 'facility_ID': 'ABRAND00277', 'equipment_group': 2, 'rate': 0.09914527274622469, 'lat': 54.0, 'lon': -117.52, 'status': 'repaired', 'days_active': 55, 'days_active_prog_start': 0, 'tagged': True, 'component': 'unknown', 'date_began': datetime.datetime(2017, 9, 20, 0, 0), 'date_tagged': datetime.datetime(2017, 10, 29, 10, 30), 'tagged_by_company': 'OGI', 'tagged_by_crew': 3, 'init_detect_by': 'OGI', 'init_detect_date': datetime.datetime(2017, 10, 29, 10, 30), 'requires_shutdown': False, 'date_repaired': datetime.datetime(2017, 11, 14, 16, 0), 'repair_delay': 16, 'OGI_sp_covered': 1}, {'leak_ID': 'ABRAND00277_0000000002', 'facility_ID': 'ABRAND00277', 'equipment_group': 2, 'rate': 0.010347423443475596, 'lat': 54.0, 'lon': -117.52, 'status': 'repaired', 'days_active': 120, 'days_active_prog_start': 0, 'tagged': True, 'component': 'unknown', 'date_began': datetime.datetime(2018, 5, 28, 0, 0), 'date_tagged': datetime.datetime(2018, 9, 25, 0, 0), 'tagged_by_company': 'natural', 'tagged_by_crew': 1, 'init_detect_by': 'natural', 'init_detect_date': datetime.datetime(2018, 9, 25, 0, 0), 'requires_shutdown': False, 'date_repaired': datetime.datetime(2018, 9, 25, 16, 0), 'repair_delay': 0, 'OGI_sp_covered': 1}, {'leak_ID': 'ABRAND00277_0000000003', 'facility_ID': 'ABRAND00277', 'equipment_group': 2, 'rate': 0.03576865199959879, 'lat': 54.0, 'lon': -117.52, 'status': 'repaired', 'days_active': 120, 'days_active_prog_start': 0, 'tagged': True, 'component': 'unknown', 'date_began': datetime.datetime(2020, 10, 8, 0, 0), 'date_tagged': datetime.datetime(2021, 2, 5, 0, 0), 'tagged_by_company': 'natural', 'tagged_by_crew': 1, 'init_detect_by': 'natural', 'init_detect_date': datetime.datetime(2021, 2, 5, 0, 0), 'requires_shutdown': False, 'date_repaired': datetime.datetime(2021, 2, 5, 16, 0), 'repair_delay': 0, 'OGI_sp_covered': 1}, {'leak_ID': 'ABRAND00277_0000000004', 'facility_ID': 'ABRAND00277', 'equipment_group': 1, 'rate': 0.026691607288271964, 'lat': 54.0, 'lon': -117.52, 'status': 'repaired', 'days_active': 120, 'days_active_prog_start': 0, 'tagged': True, 'component': 'unknown', 'date_began': datetime.datetime(2020, 12, 29, 0, 0), 'date_tagged': datetime.datetime(2021, 4, 28, 0, 0), 'tagged_by_company': 'natural', 'tagged_by_crew': 1, 'init_detect_by': 'natural', 'init_detect_date': datetime.datetime(2021, 4, 28, 0, 0), 'requires_shutdown': False, 'date_repaired': datetime.datetime(2021, 4, 28, 0, 0), 'repair_delay': 0, 'OGI_sp_covered': 1}]",[],1,False,,,,2,4,63,30,False,6,7,0,5,0.0,1227.4944349649572,0.028056112224448898,0.17140353674477402,0.6725996903917574
ABRAND00656,601,53.43,-115.14,3,6,2,2,2,120,1,30,20,120,1,lognorm,0.062287158377333125,[1.462],"['kilogram', 'hour']",<scipy.stats._distn_infrastructure.rv_frozen object at 0x000002073C01D1C8>,0,5,60,557.6467842188091,[],"[{'leak_ID': 'ABRAND00656_0000000000', 'facility_ID': 'ABRAND00656', 'equipment_group': 2, 'rate': 0.006618908681605812, 'lat': 53.43, 'lon': -115.14, 'status': 'repaired', 'days_active': 120, 'days_active_prog_start': 0, 'tagged': True, 'component': 'unknown', 'date_began': datetime.datetime(2017, 10, 15, 0, 0), 'date_tagged': datetime.datetime(2018, 2, 12, 0, 0), 'tagged_by_company': 'natural', 'tagged_by_crew': 1, 'init_detect_by': 'natural', 'init_detect_date': datetime.datetime(2018, 2, 12, 0, 0), 'requires_shutdown': False, 'date_repaired': datetime.datetime(2018, 2, 12, 16, 0), 'repair_delay': 0, 'OGI_sp_covered': 1}, {'leak_ID': 'ABRAND00656_0000000001', 'facility_ID': 'ABRAND00656', 'equipment_group': 3, 'rate': 0.006378195270155903, 'lat': 53.43, 'lon': -115.14, 'status': 'repaired', 'days_active': 120, 'days_active_prog_start': 0, 'tagged': True, 'component': 'unknown', 'date_began': datetime.datetime(2017, 11, 18, 0, 0), 'date_tagged': datetime.datetime(2018, 3, 18, 0, 0), 'tagged_by_company': 'natural', 'tagged_by_crew': 1, 'init_detect_by': 'natural', 'init_detect_date': datetime.datetime(2018, 3, 18, 0, 0), 'requires_shutdown': False, 'date_repaired': datetime.datetime(2018, 3, 18, 16, 0), 'repair_delay': 0, 'OGI_sp_covered': 1}, {'leak_ID': 'ABRAND00656_0000000002', 'facility_ID': 'ABRAND00656', 'equipment_group': 2, 'rate': 0.023110227924977064, 'lat': 53.43, 'lon': -115.14, 'status': 'repaired', 'days_active': 120, 'days_active_prog_start': 0, 'tagged': True, 'component': 'unknown', 'date_began': datetime.datetime(2018, 4, 17, 0, 0), 'date_tagged': datetime.datetime(2018, 8, 15, 0, 0), 'tagged_by_company': 'natural', 'tagged_by_crew': 1, 'init_detect_by': 'natural', 'init_detect_date': datetime.datetime(2018, 8, 15, 0, 0), 'requires_shutdown': False, 'date_repaired': datetime.datetime(2018, 8, 15, 16, 0), 'repair_delay': 0, 'OGI_sp_covered': 1}, {'leak_ID': 'ABRAND00656_0000000003', 'facility_ID': 'ABRAND00656', 'equipment_group': 1, 'rate': 0.0010296903926906061, 'lat': 53.43, 'lon': -115.14, 'status': 'repaired', 'days_active': 120, 'days_active_prog_start': 0, 'tagged': True, 'component': 'unknown', 'date_began': datetime.datetime(2018, 6, 3, 0, 0), 'date_tagged': datetime.datetime(2018, 10, 1, 0, 0), 'tagged_by_company': 'natural', 'tagged_by_crew': 1, 'init_detect_by': 'natural', 'init_detect_date': datetime.datetime(2018, 10, 1, 0, 0), 'requires_shutdown': False, 'date_repaired': datetime.datetime(2018, 10, 1, 16, 0), 'repair_delay': 0, 'OGI_sp_covered': 1}, {'leak_ID': 'ABRAND00656_0000000004', 'facility_ID': 'ABRAND00656', 'equipment_group': 3, 'rate': 0.01664835429488476, 'lat': 53.43, 'lon': -115.14, 'status': 'repaired', 'days_active': 120, 'days_active_prog_start': 0, 'tagged': True, 'component': 'unknown', 'date_began': datetime.datetime(2018, 11, 15, 0, 0), 'date_tagged': datetime.datetime(2019, 3, 15, 0, 0), 'tagged_by_company': 'natural', 'tagged_by_crew': 1, 'init_detect_by': 'natural', 'init_detect_date': datetime.datetime(2019, 3, 15, 0, 0), 'requires_shutdown': False, 'date_repaired': datetime.datetime(2019, 3, 15, 16, 0), 'repair_delay': 0, 'OGI_sp_covered': 1}]",[],0,False,,,,2,4,63,30,False,6,8,0,5,0.0,557.6467842188091,0.03006012024048096,0.17829825149838882,0.305559881763731
ABRAND01048,601,51.84,-112.95,3,6,2,2,2,120,1,30,20,120,1,lognorm,0.062287158377333125,[1.462],"['kilogram', 'hour']",<scipy.stats._distn_infrastructure.rv_frozen object at 0x000002073C01D1C8>,1,5,60,978.0152551821492,[],"[{'leak_ID': 'ABRAND01048_0000000001', 'facility_ID': 'ABRAND01048', 'equipment_group': 3, 'rate': 0.0023061187182302732, 'lat': 51.84, 'lon': -112.95, 'status': 'repaired', 'days_active': 120, 'days_active_prog_start': 34, 'tagged': True, 'component': 'unknown', 'date_began': datetime.datetime(2016, 11, 28, 0, 0), 'date_tagged': datetime.datetime(2017, 3, 27, 0, 0), 'tagged_by_company': 'natural', 'tagged_by_crew': 1, 'init_detect_by': 'natural', 'init_detect_date': datetime.datetime(2017, 3, 27, 0, 0), 'requires_shutdown': False, 'date_repaired': datetime.datetime(2017, 3, 27, 16, 0), 'repair_delay': 0, 'OGI_sp_covered': 1}, {'leak_ID': 'ABRAND01048_0000000001', 'facility_ID': 'ABRAND01048', 'equipment_group': 1, 'rate': 0.028764514770844424, 'lat': 51.84, 'lon': -112.95, 'status': 'repaired', 'days_active': 120, 'days_active_prog_start': 0, 'tagged': True, 'component': 'unknown', 'date_began': datetime.datetime(2017, 7, 31, 0, 0), 'date_tagged': datetime.datetime(2017, 11, 28, 0, 0), 'tagged_by_company': 'natural', 'tagged_by_crew': 1, 'init_detect_by': 'natural', 'init_detect_date': datetime.datetime(2017, 11, 28, 0, 0), 'requires_shutdown': False, 'date_repaired': datetime.datetime(2017, 11, 28, 16, 0), 'repair_delay': 0, 'OGI_sp_covered': 1}, {'leak_ID': 'ABRAND01048_0000000002', 'facility_ID': 'ABRAND01048', 'equipment_group': 3, 'rate': 0.019437032566856374, 'lat': 51.84, 'lon': -112.95, 'status': 'repaired', 'days_active': 120, 'days_active_prog_start': 0, 'tagged': True, 'component': 'unknown', 'date_began': datetime.datetime(2018, 1, 14, 0, 0), 'date_tagged': datetime.datetime(2018, 5, 14, 0, 0), 'tagged_by_company': 'natural', 'tagged_by_crew': 1, 'init_detect_by': 'natural', 'init_detect_date': datetime.datetime(2018, 5, 14, 0, 0), 'requires_shutdown': False, 'date_repaired': datetime.datetime(2018, 5, 14, 16, 0), 'repair_delay': 0, 'OGI_sp_covered': 1}, {'leak_ID': 'ABRAND01048_0000000003', 'facility_ID': 'ABRAND01048', 'equipment_group': 3, 'rate': 0.1208033903723087, 'lat': 51.84, 'lon': -112.95, 'status': 'repaired', 'days_active': 41, 'days_active_prog_start': 0, 'tagged': True, 'component': 'unknown', 'date_began': datetime.datetime(2019, 12, 8, 0, 0), 'date_tagged': datetime.datetime(2020, 1, 2, 13, 0), 'tagged_by_company': 'OGI', 'tagged_by_crew': 2, 'init_detect_by': 'OGI', 'init_detect_date': datetime.datetime(2020, 1, 2, 13, 0), 'requires_shutdown': False, 'date_repaired': datetime.datetime(2020, 1, 18, 16, 0), 'repair_delay': 16, 'OGI_sp_covered': 1}, {'leak_ID': 'ABRAND01048_0000000004', 'facility_ID': 'ABRAND01048', 'equipment_group': 3, 'rate': 0.0032014176124674563, 'lat': 51.84, 'lon': -112.95, 'status': 'repaired', 'days_active': 120, 'days_active_prog_start': 0, 'tagged': True, 'component': 'unknown', 'date_began': datetime.datetime(2019, 12, 14, 0, 0), 'date_tagged': datetime.datetime(2020, 4, 12, 0, 0), 'tagged_by_company': 'natural', 'tagged_by_crew': 1, 'init_detect_by': 'natural', 'init_detect_date': datetime.datetime(2020, 4, 12, 0, 0), 'requires_shutdown': False, 'date_repaired': datetime.datetime(2020, 4, 12, 16, 0), 'repair_delay': 0, 'OGI_sp_covered': 1}]",[],1,False,,,,3,4,63,30,False,6,6,0,5,0.0,978.0152551821492,0.03206412825651302,0.18503140423411701,0.5358987699628215
ABRAND00786,311,52.45,-114.55,3,6,2,2,2,120,1,30,20,120,1,lognorm,0.062287158377333125,[1.462],"['kilogram', 'hour']",<scipy.stats._distn_infrastructure.rv_frozen object at 0x000002073C01D1C8>,0,5,60,898.3835314338396,[],"[{'leak_ID': 'ABRAND00786_0000000000', 'facility_ID': 'ABRAND00786', 'equipment_group': 2, 'rate': 0.06312799990028038, 'lat': 52.45, 'lon': -114.55, 'status': 'repaired', 'days_active': 58, 'days_active_prog_start': 0, 'tagged': True, 'component': 'unknown', 'date_began': datetime.datetime(2017, 11, 21, 0, 0), 'date_tagged': datetime.datetime(2018, 1, 2, 13, 0), 'tagged_by_company': 'OGI', 'tagged_by_crew': 3, 'init_detect_by': 'OGI', 'init_detect_date': datetime.datetime(2018, 1, 2, 13, 0), 'requires_shutdown': False, 'date_repaired': datetime.datetime(2018, 1, 18, 16, 0), 'repair_delay': 16, 'OGI_sp_covered': 1}, {'leak_ID': 'ABRAND00786_0000000001', 'facility_ID': 'ABRAND00786', 'equipment_group': 2, 'rate': 0.007238155671183539, 'lat': 52.45, 'lon': -114.55, 'status': 'repaired', 'days_active': 120, 'days_active_prog_start': 0, 'tagged': True, 'component': 'unknown', 'date_began': datetime.datetime(2019, 7, 24, 0, 0), 'date_tagged': datetime.datetime(2019, 11, 21, 0, 0), 'tagged_by_company': 'natural', 'tagged_by_crew': 1, 'init_detect_by': 'natural', 'init_detect_date': datetime.datetime(2019, 11, 21, 0, 0), 'requires_shutdown': False, 'date_repaired': datetime.datetime(2019, 11, 21, 16, 0), 'repair_delay': 0, 'OGI_sp_covered': 1}, {'leak_ID': 'ABRAND00786_0000000002', 'facility_ID': 'ABRAND00786', 'equipment_group': 1, 'rate': 0.06368692788196816, 'lat': 52.45, 'lon': -114.55, 'status': 'repaired', 'days_active': 19, 'days_active_prog_start': 0, 'tagged': True, 'component': 'unknown', 'date_began': datetime.datetime(2019, 12, 30, 0, 0), 'date_tagged': datetime.datetime(2020, 1, 2, 13, 0), 'tagged_by_company': 'OGI', 'tagged_by_crew': 3, 'init_detect_by': 'OGI', 'init_detect_date': datetime.datetime(2020, 1, 2, 13, 0), 'requires_shutdown': False, 'date_repaired': datetime.datetime(2020, 1, 18, 16, 0), 'repair_delay': 16, 'OGI_sp_covered': 1}, {'leak_ID': 'ABRAND00786_0000000003', 'facility_ID': 'ABRAND00786', 'equipment_group': 2, 'rate': 0.07022293959035675, 'lat': 52.45, 'lon': -114.55, 'status': 'repaired', 'days_active': 50, 'days_active_prog_start': 0, 'tagged': True, 'component': 'unknown', 'date_began': datetime.datetime(2021, 1, 28, 0, 0), 'date_tagged': datetime.datetime(2021, 3, 3, 13, 0), 'tagged_by_company': 'OGI', 'tagged_by_crew': 3, 'init_detect_by': 'OGI', 'init_detect_date': datetime.datetime(2021, 3, 3, 13, 0), 'requires_shutdown': False, 'date_repaired': datetime.datetime(2021, 3, 19, 16, 0), 'repair_delay': 16, 'OGI_sp_covered': 1}, {'leak_ID': 'ABRAND00786_0000000004', 'facility_ID': 'ABRAND00786', 'equipment_group': 2, 'rate': 0.009556302130916612, 'lat': 52.45, 'lon': -114.55, 'status': 'repaired', 'days_active': 120, 'days_active_prog_start': 0, 'tagged': True, 'component': 'unknown', 'date_began': datetime.datetime(2021, 7, 20, 0, 0), 'date_tagged': datetime.datetime(2021, 11, 17, 0, 0), 'tagged_by_company': 'natural', 'tagged_by_crew': 1, 'init_detect_by': 'natural', 'init_detect_date': datetime.datetime(2021, 11, 17, 0, 0), 'requires_shutdown': False, 'date_repaired': datetime.datetime(2021, 11, 17, 16, 0), 'repair_delay': 0, 'OGI_sp_covered': 1}]",[],0,False,,,,3,4,63,30,False,6,4,0,5,0.0,898.3835314338396,0.03406813627254509,0.19150215375311339,0.492264948730871
ABRAND00126,601,54.9,-119.29,3,6,2,2,2,120,1,30,20,120,1,lognorm,0.062287158377333125,[1.462],"['kilogram', 'hour']",<scipy.stats._distn_infrastructure.rv_frozen object at 0x000002073C01D1C8>,0,3,60,382.8113793729265,[],"[{'leak_ID': 'ABRAND00126_0000000000', 'facility_ID': 'ABRAND00126', 'equipment_group': 3, 'rate': 0.045679922117822166, 'lat': 54.9, 'lon': -119.29, 'status': 'repaired', 'days_active': 38, 'days_active_prog_start': 0, 'tagged': True, 'component': 'unknown', 'date_began': datetime.datetime(2019, 2, 10, 0, 0), 'date_tagged': datetime.datetime(2019, 3, 4, 8, 0), 'tagged_by_company': 'OGI', 'tagged_by_crew': 1, 'init_detect_by': 'OGI', 'init_detect_date': datetime.datetime(2019, 3, 4, 8, 0), 'requires_shutdown': False, 'date_repaired': datetime.datetime(2019, 3, 20, 16, 0), 'repair_delay': 16, 'OGI_sp_covered': 1}, {'leak_ID': 'ABRAND00126_0000000001', 'facility_ID': 'ABRAND00126', 'equipment_group': 2, 'rate': 0.01730708893919165, 'lat': 54.9, 'lon': -119.29, 'status': 'repaired', 'days_active': 120, 'days_active_prog_start': 0, 'tagged': True, 'component': 'unknown', 'date_began': datetime.datetime(2019, 5, 1, 0, 0), 'date_tagged': datetime.datetime(2019, 8, 29, 0, 0), 'tagged_by_company': 'natural', 'tagged_by_crew': 1, 'init_detect_by': 'natural', 'init_detect_date': datetime.datetime(2019, 8, 29, 0, 0), 'requires_shutdown': False, 'date_repaired': datetime.datetime(2019, 8, 29, 0, 0), 'repair_delay': 0, 'OGI_sp_covered': 1}, {'leak_ID': 'ABRAND00126_0000000002', 'facility_ID': 'ABRAND00126', 'equipment_group': 3, 'rate': 0.0051499962340040215, 'lat': 54.9, 'lon': -119.29, 'status': 'repaired', 'days_active': 120, 'days_active_prog_start': 0, 'tagged': True, 'component': 'unknown', 'date_began': datetime.datetime(2019, 6, 4, 0, 0), 'date_tagged': datetime.datetime(2019, 10, 2, 0, 0), 'tagged_by_company': 'natural', 'tagged_by_crew': 1, 'init_detect_by': 'natural', 'init_detect_date': datetime.datetime(2019, 10, 2, 0, 0), 'requires_shutdown': False, 'date_repaired': datetime.datetime(2019, 10, 2, 16, 0), 'repair_delay': 0, 'OGI_sp_covered': 1}]",[],0,False,,,,2,4,62,30,False,6,2,0,3,0.0,382.8113793729265,0.036072144288577156,0.19763209542156654,0.20975965993037068
ABRAND00988,621,52.69,-114.02,3,6,2,2,2,120,1,30,20,120,1,lognorm,0.062287158377333125,[1.462],"['kilogram', 'hour']",<scipy.stats._distn_infrastructure.rv_frozen object at 0x000002073C01D1C8>,0,4,60,3503.0452467617692,[],"[{'leak_ID': 'ABRAND00988_0000000000', 'facility_ID': 'ABRAND00988', 'equipment_group': 2, 'rate': 0.01595656028047246, 'lat': 52.69, 'lon': -114.02, 'status': 'repaired', 'days_active': 120, 'days_active_prog_start': 0, 'tagged': True, 'component': 'unknown', 'date_began': datetime.datetime(2017, 10, 16, 0, 0), 'date_tagged': datetime.datetime(2018, 2, 13, 0, 0), 'tagged_by_company': 'natural', 'tagged_by_crew': 1, 'init_detect_by': 'natural', 'init_detect_date': datetime.datetime(2018, 2, 13, 0, 0), 'requires_shutdown': False, 'date_repaired': datetime.datetime(2018, 2, 13, 16, 0), 'repair_delay': 0, 'OGI_sp_covered': 1}, {'leak_ID': 'ABRAND00988_0000000001', 'facility_ID': 'ABRAND00988', 'equipment_group': 3, 'rate': 0.077656128525412, 'lat': 52.69, 'lon': -114.02, 'status': 'repaired', 'days_active': 64, 'days_active_prog_start': 0, 'tagged': True, 'component': 'unknown', 'date_began': datetime.datetime(2018, 1, 15, 0, 0), 'date_tagged': datetime.datetime(2018, 3, 4, 8, 0), 'tagged_by_company': 'OGI', 'tagged_by_crew': 2, 'init_detect_by': 'OGI', 'init_detect_date': datetime.datetime(2018, 3, 4, 8, 0), 'requires_shutdown': False, 'date_repaired': datetime.datetime(2018, 3, 20, 16, 0), 'repair_delay': 16, 'OGI_sp_covered': 1}, {'leak_ID': 'ABRAND00988_0000000002', 'facility_ID': 'ABRAND00988', 'equipment_group': 3, 'rate': 0.5548607842060107, 'lat': 52.69, 'lon': -114.02, 'status': 'repaired', 'days_active': 60, 'days_active_prog_start': 0, 'tagged': True, 'component': 'unknown', 'date_began': datetime.datetime(2020, 3, 19, 0, 0), 'date_tagged': datetime.datetime(2020, 5, 2, 8, 0), 'tagged_by_company': 'OGI', 'tagged_by_crew': 2, 'init_detect_by': 'OGI', 'init_detect_date': datetime.datetime(2020, 5, 2, 8, 0), 'requires_shutdown': False, 'date_repaired': datetime.datetime(2020, 5, 18, 16, 0), 'repair_delay': 16, 'OGI_sp_covered': 1}, {'leak_ID': 'ABRAND00988_0000000003', 'facility_ID': 'ABRAND00988', 'equipment_group': 1, 'rate': 0.003067322160084147, 'lat': 52.69, 'lon': -114.02, 'status': 'repaired', 'days_active': 120, 'days_active_prog_start': 0, 'tagged': True, 'component': 'unknown', 'date_began': datetime.datetime(2021, 6, 23, 0, 0), 'date_tagged': datetime.datetime(2021, 10, 21, 0, 0), 'tagged_by_company': 'natural', 'tagged_by_crew': 1, 'init_detect_by': 'natural', 'init_detect_date': datetime.datetime(2021, 10, 21, 0, 0), 'requires_shutdown': False, 'date_repaired': datetime.datetime(2021, 10, 21, 16, 0), 'repair_delay': 0, 'OGI_sp_covered': 1}]",[],0,False,,,,3,4,62,30,False,6,4,0,4,0.0,3503.0452467617692,0.03807615230460922,0.20366009307449534,1.9194768475406956
ABRAND00933,361,52.96,-114.18,2,6,2,2,2,120,1,30,20,120,1,lognorm,0.062287158377333125,[1.462],"['kilogram', 'hour']",<scipy.stats._distn_infrastructure.rv_frozen object at 0x000002073C01D1C8>,1,5,60,1659.907721525546,[],"[{'leak_ID': 'ABRAND00933_0000000001', 'facility_ID': 'ABRAND00933', 'equipment_group': 1, 'rate': 0.027036357721457398, 'lat': 52.96, 'lon': -114.18, 'status': 'repaired', 'days_active': 120, 'days_active_prog_start': 73, 'tagged': True, 'component': 'unknown', 'date_began': datetime.datetime(2016, 10, 20, 0, 0), 'date_tagged': datetime.datetime(2017, 2, 16, 0, 0), 'tagged_by_company': 'natural', 'tagged_by_crew': 1, 'init_detect_by': 'natural', 'init_detect_date': datetime.datetime(2017, 2, 16, 0, 0), 'requires_shutdown': False, 'date_repaired': datetime.datetime(2017, 2, 16, 16, 0), 'repair_delay': 0, 'OGI_sp_covered': 1}, {'leak_ID': 'ABRAND00933_0000000001', 'facility_ID': 'ABRAND00933', 'equipment_group': 2, 'rate': 0.051786234192670894, 'lat': 52.96, 'lon': -114.18, 'status': 'repaired', 'days_active': 18, 'days_active_prog_start': 0, 'tagged': True, 'component': 'unknown', 'date_began': datetime.datetime(2017, 8, 29, 0, 0), 'date_tagged': datetime.datetime(2017, 8, 31, 8, 0), 'tagged_by_company': 'OGI', 'tagged_by_crew': 3, 'init_detect_by': 'OGI', 'init_detect_date': datetime.datetime(2017, 8, 31, 8, 0), 'requires_shutdown': False, 'date_repaired': datetime.datetime(2017, 9, 16, 16, 0), 'repair_delay': 16, 'OGI_sp_covered': 1}, {'leak_ID': 'ABRAND00933_0000000002', 'facility_ID': 'ABRAND00933', 'equipment_group': 2, 'rate': 0.01793196749588817, 'lat': 52.96, 'lon': -114.18, 'status': 'repaired', 'days_active': 120, 'days_active_prog_start': 0, 'tagged': True, 'component': 'unknown', 'date_began': datetime.datetime(2018, 10, 11, 0, 0), 'date_tagged': datetime.datetime(2019, 2, 8, 0, 0), 'tagged_by_company': 'natural', 'tagged_by_crew': 1, 'init_detect_by': 'natural', 'init_detect_date': datetime.datetime(2019, 2, 8, 0, 0), 'requires_shutdown': False, 'date_repaired': datetime.datetime(2019, 2, 8, 16, 0), 'repair_delay': 0, 'OGI_sp_covered': 1}, {'leak_ID': 'ABRAND00933_0000000003', 'facility_ID': 'ABRAND00933', 'equipment_group': 1, 'rate': 0.0027544667244731695, 'lat': 52.96, 'lon': -114.18, 'status': 'repaired', 'days_active': 120, 'days_active_prog_start': 0, 'tagged': True, 'component': 'unknown', 'date_began': datetime.datetime(2019, 1, 23, 0, 0), 'date_tagged': datetime.datetime(2019, 5, 23, 0, 0), 'tagged_by_company': 'natural', 'tagged_by_crew': 1, 'init_detect_by': 'natural', 'init_detect_date': datetime.datetime(2019, 5, 23, 0, 0), 'requires_shutdown': False, 'date_repaired': datetime.datetime(2019, 5, 23, 16, 0), 'repair_delay': 0, 'OGI_sp_covered': 0}, {'leak_ID': 'ABRAND00933_0000000004', 'facility_ID': 'ABRAND00933', 'equipment_group': 2, 'rate': 0.2964624855151889, 'lat': 52.96, 'lon': -114.18, 'status': 'repaired', 'days_active': 49, 'days_active_prog_start': 0, 'tagged': True, 'component': 'unknown', 'date_began': datetime.datetime(2021, 9, 27, 0, 0), 'date_tagged': datetime.datetime(2021, 10, 30, 8, 0), 'tagged_by_company': 'OGI', 'tagged_by_crew': 3, 'init_detect_by': 'OGI', 'init_detect_date': datetime.datetime(2021, 10, 30, 8, 0), 'requires_shutdown': False, 'date_repaired': datetime.datetime(2021, 11, 15, 16, 0), 'repair_delay': 16, 'OGI_sp_covered': 1}]",[],1,False,,,,2,4,62,30,False,6,3,0,5,0.0,1659.907721525546,0.04008016032064128,0.20960390639155932,0.9095384775482445
ABRAND00483,351,53.87,-115.77,3,6,2,2,2,120,1,30,20,120,1,lognorm,0.062287158377333125,[1.462],"['kilogram', 'hour']",<scipy.stats._distn_infrastructure.rv_frozen object at 0x000002073C01D1C8>,0,8,60,4260.293448806074,[],"[{'leak_ID': 'ABRAND00483_0000000000', 'facility_ID': 'ABRAND00483', 'equipment_group': 1, 'rate': 0.0800167978911794, 'lat': 53.87, 'lon': -115.77, 'status': 'repaired', 'days_active': 120, 'days_active_prog_start': 0, 'tagged': True, 'component': 'unknown', 'date_began': datetime.datetime(2018, 5, 8, 0, 0), 'date_tagged': datetime.datetime(2018, 9, 5, 0, 0), 'tagged_by_company': 'natural', 'tagged_by_crew': 1, 'init_detect_by': 'OGI', 'init_detect_date': datetime.datetime(2018, 8, 31, 10, 30), 'requires_shutdown': False, 'date_repaired': datetime.datetime(2018, 9, 5, 16, 0), 'repair_delay': 0, 'OGI_sp_covered': 1}, {'leak_ID': 'ABRAND00483_0000000001', 'facility_ID': 'ABRAND00483', 'equipment_group': 1, 'rate': 0.017265644463532657, 'lat': 53.87, 'lon': -115.77, 'status': 'repaired', 'days_active': 120, 'days_active_prog_start': 0, 'tagged': True, 'component': 'unknown', 'date_began': datetime.datetime(2018, 6, 4, 0, 0), 'date_tagged': datetime.datetime(2018, 10, 2, 0, 0), 'tagged_by_company': 'natural', 'tagged_by_crew': 1, 'init_detect_by': 'natural', 'init_detect_date': datetime.datetime(2018, 10, 2, 0, 0), 'requires_shutdown': False, 'date_repaired': datetime.datetime(2018, 10, 2, 16, 0), 'repair_delay': 0, 'OGI_sp_covered': 1}, {'leak_ID': 'ABRAND00483_0000000003', 'facility_ID': 'ABRAND00483', 'equipment_group': 2, 'rate': 0.18885468947647627, 'lat': 53.87, 'lon': -115.77, 'status': 'repaired', 'days_active': 46, 'days_active_prog_start': 0, 'tagged': True, 'component': 'unknown', 'date_began': datetime.datetime(2019, 2, 2, 0, 0), 'date_tagged': datetime.datetime(2019, 3, 4, 10, 30), 'tagged_by_company': 'OGI', 'tagged_by_crew': 1, 'init_detect_by': 'OGI', 'init_detect_date': datetime.datetime(2019, 3, 4, 10, 30), 'requires_shutdown': False, 'date_repaired': datetime.datetime(2019, 3, 20, 16, 0), 'repair_delay': 16, 'OGI_sp_covered': 1}, {'leak_ID': 'ABRAND00483_0000000002', 'facility_ID': 'ABRAND00483', 'equipment_group': 1, 'rate': 0.026325159844540688, 'lat': 53.87, 'lon': -115.77, 'status': 'repaired', 'days_active': 120, 'days_active_prog_start': 0, 'tagged': True, 'component': 'unknown', 'date_began': datetime.datetime(2018, 12, 19, 0, 0), 'date_tagged': datetime.datetime(2019, 4, 18, 0, 0), 'tagged_by_company': 'natural', 'tagged_by_crew': 1, 'init_detect_by': 'natural', 'init_detect_date': datetime.datetime(2019, 4, 18, 0, 0), 'requires_shutdown': False, 'date_repaired': datetime.datetime(2019, 4, 18, 16, 0), 'repair_delay': 0, 'OGI_sp_covered': 1}, {'leak_ID': 'ABRAND00483_0000000004', 'facility_ID': 'ABRAND00483', 'equipment_group': 3, 'rate': 0.16803737096945795, 'lat': 53.87, 'lon': -115.77, 'status': 'repaired', 'days_active': 120, 'days_active_prog_start': 0, 'tagged': True, 'component': 'unknown', 'date_began': datetime.datetime(2019, 8, 18, 0, 0), 'date_tagged': datetime.datetime(2019, 12, 16, 0, 0), 'tagged_by_company': 'natural', 'tagged_by_crew': 1, 'init_detect_by': 'natural', 'init_detect_date': datetime.datetime(2019, 12, 16, 0, 0), 'requires_shutdown': False, 'date_repaired': datetime.datetime(2019, 12, 16, 16, 0), 'repair_delay': 0, 'OGI_sp_covered': 1}, {'leak_ID': 'ABRAND00483_0000000005', 'facility_ID': 'ABRAND00483', 'equipment_group': 3, 'rate': 0.018813730226868212, 'lat': 53.87, 'lon': -115.77, 'status': 'repaired', 'days_active': 120, 'days_active_prog_start': 0, 'tagged': True, 'component': 'unknown', 'date_began': datetime.datetime(2020, 1, 6, 0, 0), 'date_tagged': datetime.datetime(2020, 5, 5, 0, 0), 'tagged_by_company': 'natural', 'tagged_by_crew': 1, 'init_detect_by': 'natural', 'init_detect_date': datetime.datetime(2020, 5, 5, 0, 0), 'requires_shutdown': False, 'date_repaired': datetime.datetime(2020, 5, 5, 16, 0), 'repair_delay': 0, 'OGI_sp_covered': 1}, {'leak_ID': 'ABRAND00483_0000000006', 'facility_ID': 'ABRAND00483', 'equipment_group': 1, 'rate': 0.026656687349348118, 'lat': 53.87, 'lon': -115.77, 'status': 'repaired', 'days_active': 120, 'days_active_prog_start': 0, 'tagged': True, 'component': 'unknown', 'date_began': datetime.datetime(2020, 7, 15, 0, 0), 'date_tagged': datetime.datetime(2020, 11, 12, 0, 0), 'tagged_by_company': 'natural', 'tagged_by_crew': 1, 'init_detect_by': 'natural', 'init_detect_date': datetime.datetime(2020, 11, 12, 0, 0), 'requires_shutdown': False, 'date_repaired': datetime.datetime(2020, 11, 12, 16, 0), 'repair_delay': 0, 'OGI_sp_covered': 1}, {'leak_ID': 'ABRAND00483_0000000007', 'facility_ID': 'ABRAND00483', 'equipment_group': 2, 'rate': 0.0013982445705404635, 'lat': 53.87, 'lon': -115.77, 'status': 'repaired', 'days_active': 120, 'days_active_prog_start': 0, 'tagged': True, 'component': 'unknown', 'date_began': datetime.datetime(2021, 7, 17, 0, 0), 'date_tagged': datetime.datetime(2021, 11, 14, 0, 0), 'tagged_by_company': 'natural', 'tagged_by_crew': 1, 'init_detect_by': 'natural', 'init_detect_date': datetime.datetime(2021, 11, 14, 0, 0), 'requires_shutdown': False, 'date_repaired': datetime.datetime(2021, 11, 14, 16, 0), 'repair_delay': 0, 'OGI_sp_covered': 1}]",[],0,False,,,,2,4,62,30,False,6,7,0,8,0.0,4260.293448806074,0.04208416833667335,0.21550884184055957,2.3344073692088076
ABRAND00667,311,52.85,-115.1,5,6,2,2,2,120,1,30,20,120,1,lognorm,0.062287158377333125,[1.462],"['kilogram', 'hour']",<scipy.stats._distn_infrastructure.rv_frozen object at 0x000002073C01D1C8>,0,6,60,1771.3132062784232,[],"[{'leak_ID': 'ABRAND00667_0000000000', 'facility_ID': 'ABRAND00667', 'equipment_group': 2, 'rate': 0.043538941069379035, 'lat': 52.85, 'lon': -115.1, 'status': 'repaired', 'days_active': 70, 'days_active_prog_start': 0, 'tagged': True, 'component': 'unknown', 'date_began': datetime.datetime(2017, 9, 6, 0, 0), 'date_tagged': datetime.datetime(2017, 10, 30, 10, 30), 'tagged_by_company': 'OGI', 'tagged_by_crew': 2, 'init_detect_by': 'OGI', 'init_detect_date': datetime.datetime(2017, 10, 30, 10, 30), 'requires_shutdown': False, 'date_repaired': datetime.datetime(2017, 11, 15, 16, 0), 'repair_delay': 16, 'OGI_sp_covered': 1}, {'leak_ID': 'ABRAND00667_0000000001', 'facility_ID': 'ABRAND00667', 'equipment_group': 5, 'rate': 0.5131410740461597, 'lat': 52.85, 'lon': -115.1, 'status': 'repaired', 'days_active': 18, 'days_active_prog_start': 0, 'tagged': True, 'component': 'unknown', 'date_began': datetime.datetime(2018, 8, 29, 0, 0), 'date_tagged': datetime.datetime(2018, 8, 31, 10, 30), 'tagged_by_company': 'OGI', 'tagged_by_crew': 2, 'init_detect_by': 'OGI', 'init_detect_date': datetime.datetime(2018, 8, 31, 10, 30), 'requires_shutdown': False, 'date_repaired': datetime.datetime(2018, 9, 16, 16, 0), 'repair_delay': 16, 'OGI_sp_covered': 1}, {'leak_ID': 'ABRAND00667_0000000002', 'facility_ID': 'ABRAND00667', 'equipment_group': 4, 'rate': 0.01569876603031942, 'lat': 52.85, 'lon': -115.1, 'status': 'repaired', 'days_active': 120, 'days_active_prog_start': 0, 'tagged': True, 'component': 'unknown', 'date_began': datetime.datetime(2018, 9, 9, 0, 0), 'date_tagged': datetime.datetime(2019, 1, 7, 0, 0), 'tagged_by_company': 'natural', 'tagged_by_crew': 1, 'init_detect_by': 'natural', 'init_detect_date': datetime.datetime(2019, 1, 7, 0, 0), 'requires_shutdown': False, 'date_repaired': datetime.datetime(2019, 1, 7, 16, 0), 'repair_delay': 0, 'OGI_sp_covered': 1}, {'leak_ID': 'ABRAND00667_0000000003', 'facility_ID': 'ABRAND00667', 'equipment_group': 5, 'rate': 0.016100001739642766, 'lat': 52.85, 'lon': -115.1, 'status': 'repaired', 'days_active': 120, 'days_active_prog_start': 0, 'tagged': True, 'component': 'unknown', 'date_began': datetime.datetime(2018, 10, 17, 0, 0), 'date_tagged': datetime.datetime(2019, 2, 14, 0, 0), 'tagged_by_company': 'natural', 'tagged_by_crew': 1, 'init_detect_by': 'natural', 'init_detect_date': datetime.datetime(2019, 2, 14, 0, 0), 'requires_shutdown': False, 'date_repaired': datetime.datetime(2019, 2, 14, 16, 0), 'repair_delay': 0, 'OGI_sp_covered': 1}, {'leak_ID': 'ABRAND00667_0000000004', 'facility_ID': 'ABRAND00667', 'equipment_group': 4, 'rate': 0.007844616037704815, 'lat': 52.85, 'lon': -115.1, 'status': 'repaired', 'days_active': 120, 'days_active_prog_start': 0, 'tagged': True, 'component': 'unknown', 'date_began': datetime.datetime(2019, 6, 3, 0, 0), 'date_tagged': datetime.datetime(2019, 10, 1, 0, 0), 'tagged_by_company': 'natural', 'tagged_by_crew': 1, 'init_detect_by': 'natural', 'init_detect_date': datetime.datetime(2019, 10, 1, 0, 0), 'requires_shutdown': False, 'date_repaired': datetime.datetime(2019, 10, 1, 16, 0), 'repair_delay': 0, 'OGI_sp_covered': 1}, {'leak_ID': 'ABRAND00667_0000000005', 'facility_ID': 'ABRAND00667', 'equipment_group': 4, 'rate': 0.028831991610372275, 'lat': 52.85, 'lon': -115.1, 'status': 'repaired', 'days_active': 120, 'days_active_prog_start': 0, 'tagged': True, 'component': 'unknown', 'date_began': datetime.datetime(2019, 11, 13, 0, 0), 'date_tagged': datetime.datetime(2020, 3, 12, 0, 0), 'tagged_by_company': 'natural', 'tagged_by_crew': 1, 'init_detect_by': 'natural', 'init_detect_date': datetime.datetime(2020, 3, 12, 0, 0), 'requires_shutdown': False, 'date_repaired': datetime.datetime(2020, 3, 12, 16, 0), 'repair_delay': 0, 'OGI_sp_covered': 1}]",[],0,False,,,,2,4,62,30,False,6,7,0,6,0.0,1771.3132062784232,0.04408817635270541,0.22110302755838893,0.9705825787826976
ABRAND00654,601,52.44,-115.14,5,6,2,2,2,120,1,30,20,120,1,lognorm,0.062287158377333125,[1.462],"['kilogram', 'hour']",<scipy.stats._distn_infrastructure.rv_frozen object at 0x000002073C01D1C8>,0,3,60,380.8367797043252,"[{'leak_ID': 'ABRAND00654_0000000002', 'facility_ID': 'ABRAND00654', 'equipment_group': 4, 'rate': 0.005408702327141339, 'lat': 52.44, 'lon': -115.14, 'status': 'active', 'days_active': 23, 'days_active_prog_start': 0, 'tagged': False, 'component': 'unknown', 'date_began': datetime.datetime(2021, 12, 7, 0, 0), 'date_tagged': None, 'tagged_by_company': None, 'tagged_by_crew': None, 'init_detect_by': None, 'init_detect_date': None, 'requires_shutdown': False, 'date_repaired': None, 'repair_delay': None}]","[{'leak_ID': 'ABRAND00654_0000000000', 'facility_ID': 'ABRAND00654', 'equipment_group': 5, 'rate': 0.0322673217844538, 'lat': 52.44, 'lon': -115.14, 'status': 'repaired', 'days_active': 120, 'days_active_prog_start': 0, 'tagged': True, 'component': 'unknown', 'date_began': datetime.datetime(2019, 7, 1, 0, 0), 'date_tagged': datetime.datetime(2019, 10, 29, 0, 0), 'tagged_by_company': 'natural', 'tagged_by_crew': 1, 'init_detect_by': 'natural', 'init_detect_date': datetime.datetime(2019, 10, 29, 0, 0), 'requires_shutdown': False, 'date_repaired': datetime.datetime(2019, 10, 29, 16, 0), 'repair_delay': 0, 'OGI_sp_covered': 1}, {'leak_ID': 'ABRAND00654_0000000001', 'facility_ID': 'ABRAND00654', 'equipment_group': 4, 'rate': 0.0034279527564248513, 'lat': 52.44, 'lon': -115.14, 'status': 'repaired', 'days_active': 120, 'days_active_prog_start': 0, 'tagged': True, 'component': 'unknown', 'date_began': datetime.datetime(2020, 12, 14, 0, 0), 'date_tagged': datetime.datetime(2021, 4, 13, 0, 0), 'tagged_by_company': 'natural', 'tagged_by_crew': 1, 'init_detect_by': 'natural', 'init_detect_date': datetime.datetime(2021, 4, 13, 0, 0), 'requires_shutdown': False, 'date_repaired': datetime.datetime(2021, 4, 13, 16, 0), 'repair_delay': 0, 'OGI_sp_covered': 0}]",[],0,False,,,,3,4,62,30,False,6,2,1,2,10.74817326449527,370.0886064398299,0.04609218436873747,0.2266078762564429,0.20867768750921928
ABRAND00833,361,52.33,-114.42,1,6,2,2,2,120,1,30,20,120,1,lognorm,0.062287158377333125,[1.462],"['kilogram', 'hour']",<scipy.stats._distn_infrastructure.rv_frozen object at 0x000002073C01D1C8>,0,4,60,764.5090394578486,[],"[{'leak_ID': 'ABRAND00833_0000000000', 'facility_ID': 'ABRAND00833', 'equipment_group': 1, 'rate': 0.21843089796771356, 'lat': 52.33, 'lon': -114.42, 'status': 'repaired', 'days_active': 17, 'days_active_prog_start': 0, 'tagged': True, 'component': 'unknown', 'date_began': datetime.datetime(2018, 5, 2, 0, 0), 'date_tagged': datetime.datetime(2018, 5, 3, 13, 0), 'tagged_by_company': 'OGI', 'tagged_by_crew': 1, 'init_detect_by': 'OGI', 'init_detect_date': datetime.datetime(2018, 5, 3, 13, 0), 'requires_shutdown': False, 'date_repaired': datetime.datetime(2018, 5, 19, 16, 0), 'repair_delay': 16, 'OGI_sp_covered': 1}, {'leak_ID': 'ABRAND00833_0000000001', 'facility_ID': 'ABRAND00833', 'equipment_group': 1, 'rate': 0.02859443951359393, 'lat': 52.33, 'lon': -114.42, 'status': 'repaired', 'days_active': 120, 'days_active_prog_start': 0, 'tagged': True, 'component': 'unknown', 'date_began': datetime.datetime(2018, 8, 20, 0, 0), 'date_tagged': datetime.datetime(2018, 12, 18, 0, 0), 'tagged_by_company': 'natural', 'tagged_by_crew': 1, 'init_detect_by': 'natural', 'init_detect_date': datetime.datetime(2018, 12, 18, 0, 0), 'requires_shutdown': False, 'date_repaired': datetime.datetime(2018, 12, 18, 16, 0), 'repair_delay': 0, 'OGI_sp_covered': 1}, {'leak_ID': 'ABRAND00833_0000000002', 'facility_ID': 'ABRAND00833', 'equipment_group': 1, 'rate': 0.002694951118904989, 'lat': 52.33, 'lon': -114.42, 'status': 'repaired', 'days_active': 120, 'days_active_prog_start': 0, 'tagged': True, 'component': 'unknown', 'date_began': datetime.datetime(2018, 10, 15, 0, 0), 'date_tagged': datetime.datetime(2019, 2, 12, 0, 0), 'tagged_by_company': 'natural', 'tagged_by_crew': 1, 'init_detect_by': 'natural', 'init_detect_date': datetime.datetime(2019, 2, 12, 0, 0), 'requires_shutdown': False, 'date_repaired': datetime.datetime(2019, 2, 12, 16, 0), 'repair_delay': 0, 'OGI_sp_covered': 1}, {'leak_ID': 'ABRAND00833_0000000003', 'facility_ID': 'ABRAND00833', 'equipment_group': 1, 'rate': 0.011503600930277968, 'lat': 52.33, 'lon': -114.42, 'status': 'repaired', 'days_active': 120, 'days_active_prog_start': 0, 'tagged': True, 'component': 'unknown', 'date_began': datetime.datetime(2020, 9, 28, 0, 0), 'date_tagged': datetime.datetime(2021, 1, 26, 0, 0), 'tagged_by_company': 'natural', 'tagged_by_crew': 1, 'init_detect_by': 'natural', 'init_detect_date': datetime.datetime(2021, 1, 26, 0, 0), 'requires_shutdown': False, 'date_repaired': datetime.datetime(2021, 1, 26, 16, 0), 'repair_delay': 0, 'OGI_sp_covered': 1}]",[],0,False,,,,3,4,62,30,False,6,4,0,4,0.0,764.5090394578486,0.04809619238476954,0.2320904424029479,0.4189090627166294
ABRAND00391,311,53.28,-116.01,2,6,2,2,2,120,1,30,20,120,1,lognorm,0.062287158377333125,[1.462],"['kilogram', 'hour']",<scipy.stats._distn_infrastructure.rv_frozen object at 0x000002073C01D1C8>,3,7,60,920.0857366594796,[],"[{'leak_ID': 'ABRAND00391_0000000002', 'facility_ID': 'ABRAND00391', 'equipment_group': 1, 'rate': 0.04615236192889658, 'lat': 53.28, 'lon': -116.01, 'status': 'repaired', 'days_active': 86, 'days_active_prog_start': 67, 'tagged': True, 'component': 'unknown', 'date_began': datetime.datetime(2016, 10, 26, 0, 0), 'date_tagged': datetime.datetime(2017, 1, 3, 13, 0), 'tagged_by_company': 'OGI', 'tagged_by_crew': 2, 'init_detect_by': 'OGI', 'init_detect_date': datetime.datetime(2017, 1, 3, 13, 0), 'requires_shutdown': False, 'date_repaired': datetime.datetime(2017, 1, 19, 16, 0), 'repair_delay': 16, 'OGI_sp_covered': 1}, {'leak_ID': 'ABRAND00391_0000000003', 'facility_ID': 'ABRAND00391', 'equipment_group': 2, 'rate': 0.019815772565272213, 'lat': 53.28, 'lon': -116.01, 'status': 'repaired', 'days_active': 120, 'days_active_prog_start': 77, 'tagged': True, 'component': 'unknown', 'date_began': datetime.datetime(2016, 10, 16, 0, 0), 'date_tagged': datetime.datetime(2017, 2, 12, 0, 0), 'tagged_by_company': 'natural', 'tagged_by_crew': 1, 'init_detect_by': 'natural', 'init_detect_date': datetime.datetime(2017, 2, 12, 0, 0), 'requires_shutdown': False, 'date_repaired': datetime.datetime(2017, 2, 12, 16, 0), 'repair_delay': 0, 'OGI_sp_covered': 1}, {'leak_ID': 'ABRAND00391_0000000001', 'facility_ID': 'ABRAND00391', 'equipment_group': 1, 'rate': 0.029343823437373445, 'lat': 53.28, 'lon': -116.01, 'status': 'repaired', 'days_active': 120, 'days_active_prog_start': 57, 'tagged': True, 'component': 'unknown', 'date_began': datetime.datetime(2016, 11, 5, 0, 0), 'date_tagged': datetime.datetime(2017, 3, 4, 0, 0), 'tagged_by_company': 'natural', 'tagged_by_crew': 1, 'init_detect_by': 'natural', 'init_detect_date': datetime.datetime(2017, 3, 4, 0, 0), 'requires_shutdown': False, 'date_repaired': datetime.datetime(2017, 3, 4, 16, 0), 'repair_delay': 0, 'OGI_sp_covered': 1}, {'leak_ID': 'ABRAND00391_0000000003', 'facility_ID': 'ABRAND00391', 'equipment_group': 1, 'rate': 0.02895987716445029, 'lat': 53.28, 'lon': -116.01, 'status': 'repaired', 'days_active': 120, 'days_active_prog_start': 0, 'tagged': True, 'component': 'unknown', 'date_began': datetime.datetime(2018, 8, 21, 0, 0), 'date_tagged': datetime.datetime(2018, 12, 19, 0, 0), 'tagged_by_company': 'natural', 'tagged_by_crew': 1, 'init_detect_by': 'natural', 'init_detect_date': datetime.datetime(2018, 12, 19, 0, 0), 'requires_shutdown': False, 'date_repaired': datetime.datetime(2018, 12, 19, 16, 0), 'repair_delay': 0, 'OGI_sp_covered': 0}, {'leak_ID': 'ABRAND00391_0000000004', 'facility_ID': 'ABRAND00391', 'equipment_group': 1, 'rate': 0.018643491887999693, 'lat': 53.28, 'lon': -116.01, 'status': 'repaired', 'days_active': 120, 'days_active_prog_start': 0, 'tagged': True, 'component': 'unknown', 'date_began': datetime.datetime(2019, 2, 3, 0, 0), 'date_tagged': datetime.datetime(2019, 6, 3, 0, 0), 'tagged_by_company': 'natural', 'tagged_by_crew': 1, 'init_detect_by': 'natural', 'init_detect_date': datetime.datetime(2019, 6, 3, 0, 0), 'requires_shutdown': False, 'date_repaired': datetime.datetime(2019, 6, 3, 16, 0), 'repair_delay': 0, 'OGI_sp_covered': 0}, {'leak_ID': 'ABRAND00391_0000000005', 'facility_ID': 'ABRAND00391', 'equipment_group': 2, 'rate': 0.001307129297628422, 'lat': 53.28, 'lon': -116.01, 'status': 'repaired', 'days_active': 120, 'days_active_prog_start': 0, 'tagged': True, 'component': 'unknown', 'date_began': datetime.datetime(2019, 6, 11, 0, 0), 'date_tagged': datetime.datetime(2019, 10, 9, 0, 0), 'tagged_by_company': 'natural', 'tagged_by_crew': 1, 'init_detect_by': 'natural', 'init_detect_date': datetime.datetime(2019, 10, 9, 0, 0), 'requires_shutdown': False, 'date_repaired': datetime.datetime(2019, 10, 9, 16, 0), 'repair_delay': 0, 'OGI_sp_covered': 1}, {'leak_ID': 'ABRAND00391_0000000006', 'facility_ID': 'ABRAND00391', 'equipment_group': 1, 'rate': 0.01001872245896793, 'lat': 53.28, 'lon': -116.01, 'status': 'repaired', 'days_active': 120, 'days_active_prog_start': 0, 'tagged': True, 'component': 'unknown', 'date_began': datetime.datetime(2020, 1, 8, 0, 0), 'date_tagged': datetime.datetime(2020, 5, 7, 0, 0), 'tagged_by_company': 'natural', 'tagged_by_crew': 1, 'init_detect_by': 'natural', 'init_detect_date': datetime.datetime(2020, 5, 7, 0, 0), 'requires_shutdown': False, 'date_repaired': datetime.datetime(2020, 5, 7, 16, 0), 'repair_delay': 0, 'OGI_sp_covered': 1}]",[],3,False,,,,2,4,62,30,False,6,8,0,7,0.0,920.0857366594796,0.050100200400801605,0.2374811798475583,0.5041565680325916
ABRAND00409,351,52.99,-115.96,5,6,2,2,2,120,1,30,20,120,1,lognorm,0.062287158377333125,[1.462],"['kilogram', 'hour']",<scipy.stats._distn_infrastructure.rv_frozen object at 0x000002073C01D1C8>,1,4,60,279.80135151202836,[],"[{'leak_ID': 'ABRAND00409_0000000001', 'facility_ID': 'ABRAND00409', 'equipment_group': 4, 'rate': 0.015388157828750068, 'lat': 52.99, 'lon': -115.96, 'status': 'repaired', 'days_active': 120, 'days_active_prog_start': 85, 'tagged': True, 'component': 'unknown', 'date_began': datetime.datetime(2016, 10, 8, 0, 0), 'date_tagged': datetime.datetime(2017, 2, 4, 0, 0), 'tagged_by_company': 'natural', 'tagged_by_crew': 1, 'init_detect_by': 'natural', 'init_detect_date': datetime.datetime(2017, 2, 4, 0, 0), 'requires_shutdown': False, 'date_repaired': datetime.datetime(2017, 2, 4, 16, 0), 'repair_delay': 0, 'OGI_sp_covered': 1}, {'leak_ID': 'ABRAND00409_0000000001', 'facility_ID': 'ABRAND00409', 'equipment_group': 1, 'rate': 0.005874658426690709, 'lat': 52.99, 'lon': -115.96, 'status': 'repaired', 'days_active': 120, 'days_active_prog_start': 0, 'tagged': True, 'component': 'unknown', 'date_began': datetime.datetime(2017, 4, 4, 0, 0), 'date_tagged': datetime.datetime(2017, 8, 2, 0, 0), 'tagged_by_company': 'natural', 'tagged_by_crew': 1, 'init_detect_by': 'natural', 'init_detect_date': datetime.datetime(2017, 8, 2, 0, 0), 'requires_shutdown': False, 'date_repaired': datetime.datetime(2017, 8, 2, 16, 0), 'repair_delay': 0, 'OGI_sp_covered': 0}, {'leak_ID': 'ABRAND00409_0000000002', 'facility_ID': 'ABRAND00409', 'equipment_group': 5, 'rate': 0.016413910189661502, 'lat': 52.99, 'lon': -115.96, 'status': 'repaired', 'days_active': 120, 'days_active_prog_start': 0, 'tagged': True, 'component': 'unknown', 'date_began': datetime.datetime(2017, 5, 7, 0, 0), 'date_tagged': datetime.datetime(2017, 9, 4, 0, 0), 'tagged_by_company': 'natural', 'tagged_by_crew': 1, 'init_detect_by': 'natural', 'init_detect_date': datetime.datetime(2017, 9, 4, 0, 0), 'requires_shutdown': False, 'date_repaired': datetime.datetime(2017, 9, 4, 16, 0), 'repair_delay': 0, 'OGI_sp_covered': 1}, {'leak_ID': 'ABRAND00409_0000000003', 'facility_ID': 'ABRAND00409', 'equipment_group': 2, 'rate': 0.00021023175381447074, 'lat': 52.99, 'lon': -115.96, 'status': 'repaired', 'days_active': 120, 'days_active_prog_start': 0, 'tagged': True, 'component': 'unknown', 'date_began': datetime.datetime(2019, 2, 12, 0, 0), 'date_tagged': datetime.datetime(2019, 6, 12, 0, 0), 'tagged_by_company': 'natural', 'tagged_by_crew': 1, 'init_detect_by': 'natural', 'init_detect_date': datetime.datetime(2019, 6, 12, 0, 0), 'requires_shutdown': False, 'date_repaired': datetime.datetime(2019, 6, 12, 16, 0), 'repair_delay': 0, 'OGI_sp_covered': 1}]",[],1,False,,,,2,4,62,30,False,6,6,0,4,0.0,279.80135151202836,0.052104208416833664,0.24272578582093476,0.15331580904768677
ABRAND00560,351,53.21,-115.51,5,6,2,2,2,120,1,30,20,120,1,lognorm,0.062287158377333125,[1.462],"['kilogram', 'hour']",<scipy.stats._distn_infrastructure.rv_frozen object at 0x000002073C01D1C8>,0,2,60,276.2952017525631,[],"[{'leak_ID': 'ABRAND00560_0000000000', 'facility_ID': 'ABRAND00560', 'equipment_group': 5, 'rate': 0.003954208398412663, 'lat': 53.21, 'lon': -115.51, 'status': 'repaired', 'days_active': 120, 'days_active_prog_start': 0, 'tagged': True, 'component': 'unknown', 'date_began': datetime.datetime(2017, 10, 28, 0, 0), 'date_tagged': datetime.datetime(2018, 2, 25, 0, 0), 'tagged_by_company': 'natural', 'tagged_by_crew': 1, 'init_detect_by': 'natural', 'init_detect_date': datetime.datetime(2018, 2, 25, 0, 0), 'requires_shutdown': False, 'date_repaired': datetime.datetime(2018, 2, 25, 16, 0), 'repair_delay': 0, 'OGI_sp_covered': 1}, {'leak_ID': 'ABRAND00560_0000000001', 'facility_ID': 'ABRAND00560', 'equipment_group': 2, 'rate': 0.0716672664101549, 'lat': 53.21, 'lon': -115.51, 'status': 'repaired', 'days_active': 38, 'days_active_prog_start': 0, 'tagged': True, 'component': 'unknown', 'date_began': datetime.datetime(2018, 4, 12, 0, 0), 'date_tagged': datetime.datetime(2018, 5, 4, 8, 0), 'tagged_by_company': 'OGI', 'tagged_by_crew': 1, 'init_detect_by': 'OGI', 'init_detect_date': datetime.datetime(2018, 5, 4, 8, 0), 'requires_shutdown': False, 'date_repaired': datetime.datetime(2018, 5, 20, 16, 0), 'repair_delay': 16, 'OGI_sp_covered': 1}]",[],0,False,,,,2,4,61,30,False,6,2,0,2,0.0,276.2952017525631,0.05410821643286573,0.2479050504052411,0.15139463109729487
ABRAND00493,601,52.48,-115.74,5,6,2,2,2,120,1,30,20,120,1,lognorm,0.062287158377333125,[1.462],"['kilogram', 'hour']",<scipy.stats._distn_infrastructure.rv_frozen object at 0x000002073C01D1C8>,0,9,60,5118.948352318417,[],"[{'leak_ID': 'ABRAND00493_0000000000', 'facility_ID': 'ABRAND00493', 'equipment_group': 3, 'rate': 0.0034034366337265223, 'lat': 52.48, 'lon': -115.74, 'status': 'repaired', 'days_active': 120, 'days_active_prog_start': 0, 'tagged': True, 'component': 'unknown', 'date_began': datetime.datetime(2017, 5, 6, 0, 0), 'date_tagged': datetime.datetime(2017, 9, 3, 0, 0), 'tagged_by_company': 'natural', 'tagged_by_crew': 1, 'init_detect_by': 'natural', 'init_detect_date': datetime.datetime(2017, 9, 3, 0, 0), 'requires_shutdown': False, 'date_repaired': datetime.datetime(2017, 9, 3, 16, 0), 'repair_delay': 0, 'OGI_sp_covered': 1}, {'leak_ID': 'ABRAND00493_0000000002', 'facility_ID': 'ABRAND00493', 'equipment_group': 4, 'rate': 1.016377846748876, 'lat': 52.48, 'lon': -115.74, 'status': 'repaired', 'days_active': 49, 'days_active_prog_start': 0, 'tagged': True, 'component': 'unknown', 'date_began': datetime.datetime(2017, 12, 2, 0, 0), 'date_tagged': datetime.datetime(2018, 1, 4, 8, 0), 'tagged_by_company': 'OGI', 'tagged_by_crew': 2, 'init_detect_by': 'OGI', 'init_detect_date': datetime.datetime(2018, 1, 4, 8, 0), 'requires_shutdown': False, 'date_repaired': datetime.datetime(2018, 1, 20, 16, 0), 'repair_delay': 16, 'OGI_sp_covered': 1}, {'leak_ID': 'ABRAND00493_0000000001', 'facility_ID': 'ABRAND00493', 'equipment_group': 3, 'rate': 0.005576414863151404, 'lat': 52.48, 'lon': -115.74, 'status': 'repaired', 'days_active': 120, 'days_active_prog_start': 0, 'tagged': True, 'component': 'unknown', 'date_began': datetime.datetime(2017, 11, 19, 0, 0), 'date_tagged': datetime.datetime(2018, 3, 19, 0, 0), 'tagged_by_company': 'natural', 'tagged_by_crew': 1, 'init_detect_by': 'natural', 'init_detect_date': datetime.datetime(2018, 3, 19, 0, 0), 'requires_shutdown': False, 'date_repaired': datetime.datetime(2018, 3, 19, 16, 0), 'repair_delay': 0, 'OGI_sp_covered': 1}, {'leak_ID': 'ABRAND00493_0000000003', 'facility_ID': 'ABRAND00493', 'equipment_group': 1, 'rate': 0.00804015300566057, 'lat': 52.48, 'lon': -115.74, 'status': 'repaired', 'days_active': 120, 'days_active_prog_start': 0, 'tagged': True, 'component': 'unknown', 'date_began': datetime.datetime(2018, 5, 18, 0, 0), 'date_tagged': datetime.datetime(2018, 9, 15, 0, 0), 'tagged_by_company': 'natural', 'tagged_by_crew': 1, 'init_detect_by': 'natural', 'init_detect_date': datetime.datetime(2018, 9, 15, 0, 0), 'requires_shutdown': False, 'date_repaired': datetime.datetime(2018, 9, 15, 16, 0), 'repair_delay': 0, 'OGI_sp_covered': 1}, {'leak_ID': 'ABRAND00493_0000000004', 'facility_ID': 'ABRAND00493', 'equipment_group': 4, 'rate': 0.009953131172228052, 'lat': 52.48, 'lon': -115.74, 'status': 'repaired', 'days_active': 120, 'days_active_prog_start': 0, 'tagged': True, 'component': 'unknown', 'date_began': datetime.datetime(2019, 3, 8, 0, 0), 'date_tagged': datetime.datetime(2019, 7, 6, 0, 0), 'tagged_by_company': 'natural', 'tagged_by_crew': 1, 'init_detect_by': 'natural', 'init_detect_date': datetime.datetime(2019, 7, 6, 0, 0), 'requires_shutdown': False, 'date_repaired': datetime.datetime(2019, 7, 6, 16, 0), 'repair_delay': 0, 'OGI_sp_covered': 1}, {'leak_ID': 'ABRAND00493_0000000005', 'facility_ID': 'ABRAND00493', 'equipment_group': 5, 'rate': 0.008570818810193054, 'lat': 52.48, 'lon': -115.74, 'status': 'repaired', 'days_active': 120, 'days_active_prog_start': 0, 'tagged': True, 'component': 'unknown', 'date_began': datetime.datetime(2019, 6, 29, 0, 0), 'date_tagged': datetime.datetime(2019, 10, 27, 0, 0), 'tagged_by_company': 'natural', 'tagged_by_crew': 1, 'init_detect_by': 'natural', 'init_detect_date': datetime.datetime(2019, 10, 27, 0, 0), 'requires_shutdown': False, 'date_repaired': datetime.datetime(2019, 10, 27, 0, 0), 'repair_delay': 0, 'OGI_sp_covered': 1}, {'leak_ID': 'ABRAND00493_0000000006', 'facility_ID': 'ABRAND00493', 'equipment_group': 1, 'rate': 0.03595015698168317, 'lat': 52.48, 'lon': -115.74, 'status': 'repaired', 'days_active': 120, 'days_active_prog_start': 0, 'tagged': True, 'component': 'unknown', 'date_began': datetime.datetime(2019, 10, 28, 0, 0), 'date_tagged': datetime.datetime(2020, 2, 25, 0, 0), 'tagged_by_company': 'natural', 'tagged_by_crew': 1, 'init_detect_by': 'natural', 'init_detect_date': datetime.datetime(2020, 2, 25, 0, 0), 'requires_shutdown': False, 'date_repaired': datetime.datetime(2020, 2, 25, 16, 0), 'repair_delay': 0, 'OGI_sp_covered': 1}, {'leak_ID': 'ABRAND00493_0000000007', 'facility_ID': 'ABRAND00493', 'equipment_group': 4, 'rate': 0.0016302072436062702, 'lat': 52.48, 'lon': -115.74, 'status': 'repaired', 'days_active': 120, 'days_active_prog_start': 0, 'tagged': True, 'component': 'unknown', 'date_began': datetime.datetime(2019, 11, 17, 0, 0), 'date_tagged': datetime.datetime(2020, 3, 16, 0, 0), 'tagged_by_company': 'natural', 'tagged_by_crew': 1, 'init_detect_by': 'natural', 'init_detect_date': datetime.datetime(2020, 3, 16, 0, 0), 'requires_shutdown': False, 'date_repaired': datetime.datetime(2020, 3, 16, 16, 0), 'repair_delay': 0, 'OGI_sp_covered': 1}, {'leak_ID': 'ABRAND00493_0000000008', 'facility_ID': 'ABRAND00493', 'equipment_group': 5, 'rate': 0.005580455626399823, 'lat': 52.48, 'lon': -115.74, 'status': 'repaired', 'days_active': 120, 'days_active_prog_start': 0, 'tagged': True, 'component': 'unknown', 'date_began': datetime.datetime(2021, 4, 9, 0, 0), 'date_tagged': datetime.datetime(2021, 8, 7, 0, 0), 'tagged_by_company': 'natural', 'tagged_by_crew': 1, 'init_detect_by': 'natural', 'init_detect_date': datetime.datetime(2021, 8, 7, 0, 0), 'requires_shutdown': False, 'date_repaired': datetime.datetime(2021, 8, 7, 16, 0), 'repair_delay': 0, 'OGI_sp_covered': 1}]",[],0,False,,,,3,4,61,30,False,6,11,0,9,0.0,5118.948352318417,0.056112224448897796,0.2530217272704262,2.8049032067498176
ABRAND00965,362,52.67,-114.1,1,6,2,2,2,120,1,30,20,120,1,lognorm,0.062287158377333125,[1.462],"['kilogram', 'hour']",<scipy.stats._distn_infrastructure.rv_frozen object at 0x000002073C01D1C8>,0,6,60,1896.4370271051412,[],"[{'leak_ID': 'ABRAND00965_0000000000', 'facility_ID': 'ABRAND00965', 'equipment_group': 1, 'rate': 0.03751332591928161, 'lat': 52.67, 'lon': -114.1, 'status': 'repaired', 'days_active': 41, 'days_active_prog_start': 0, 'tagged': True, 'component': 'unknown', 'date_began': datetime.datetime(2017, 8, 7, 0, 0), 'date_tagged': datetime.datetime(2017, 9, 1, 8, 0), 'tagged_by_company': 'OGI', 'tagged_by_crew': 3, 'init_detect_by': 'OGI', 'init_detect_date': datetime.datetime(2017, 9, 1, 8, 0), 'requires_shutdown': False, 'date_repaired': datetime.datetime(2017, 9, 17, 16, 0), 'repair_delay': 16, 'OGI_sp_covered': 1}, {'leak_ID': 'ABRAND00965_0000000001', 'facility_ID': 'ABRAND00965', 'equipment_group': 1, 'rate': 0.003214937827270197, 'lat': 52.67, 'lon': -114.1, 'status': 'repaired', 'days_active': 120, 'days_active_prog_start': 0, 'tagged': True, 'component': 'unknown', 'date_began': datetime.datetime(2018, 4, 10, 0, 0), 'date_tagged': datetime.datetime(2018, 8, 8, 0, 0), 'tagged_by_company': 'natural', 'tagged_by_crew': 1, 'init_detect_by': 'natural', 'init_detect_date': datetime.datetime(2018, 8, 8, 0, 0), 'requires_shutdown': False, 'date_repaired': datetime.datetime(2018, 8, 8, 16, 0), 'repair_delay': 0, 'OGI_sp_covered': 1}, {'leak_ID': 'ABRAND00965_0000000002', 'facility_ID': 'ABRAND00965', 'equipment_group': 1, 'rate': 0.04516586725578849, 'lat': 52.67, 'lon': -114.1, 'status': 'repaired', 'days_active': 66, 'days_active_prog_start': 0, 'tagged': True, 'component': 'unknown', 'date_began': datetime.datetime(2020, 11, 15, 0, 0), 'date_tagged': datetime.datetime(2021, 1, 4, 8, 0), 'tagged_by_company': 'OGI', 'tagged_by_crew': 3, 'init_detect_by': 'OGI', 'init_detect_date': datetime.datetime(2021, 1, 4, 8, 0), 'requires_shutdown': False, 'date_repaired': datetime.datetime(2021, 1, 20, 16, 0), 'repair_delay': 16, 'OGI_sp_covered': 1}, {'leak_ID': 'ABRAND00965_0000000003', 'facility_ID': 'ABRAND00965', 'equipment_group': 1, 'rate': 0.017718358556915597, 'lat': 52.67, 'lon': -114.1, 'status': 'repaired', 'days_active': 120, 'days_active_prog_start': 0, 'tagged': True, 'component': 'unknown', 'date_began': datetime.datetime(2020, 12, 15, 0, 0), 'date_tagged': datetime.datetime(2021, 4, 14, 0, 0), 'tagged_by_company': 'natural', 'tagged_by_crew': 1, 'init_detect_by': 'natural', 'init_detect_date': datetime.datetime(2021, 4, 14, 0, 0), 'requires_shutdown': False, 'date_repaired': datetime.datetime(2021, 4, 14, 16, 0), 'repair_delay': 0, 'OGI_sp_covered': 0}, {'leak_ID': 'ABRAND00965_0000000004', 'facility_ID': 'ABRAND00965', 'equipment_group': 1, 'rate': 0.12489161731428071, 'lat': 52.67, 'lon': -114.1, 'status': 'repaired', 'days_active': 103, 'days_active_prog_start': 0, 'tagged': True, 'component': 'unknown', 'date_began': datetime.datetime(2021, 2, 6, 0, 0), 'date_tagged': datetime.datetime(2021, 5, 4, 8, 0), 'tagged_by_company': 'OGI', 'tagged_by_crew': 3, 'init_detect_by': 'OGI', 'init_detect_date': datetime.datetime(2021, 5, 4, 8, 0), 'requires_shutdown': False, 'date_repaired': datetime.datetime(2021, 5, 20, 16, 0), 'repair_delay': 16, 'OGI_sp_covered': 1}, {'leak_ID': 'ABRAND00965_0000000005', 'facility_ID': 'ABRAND00965', 'equipment_group': 1, 'rate': 0.017122307312382748, 'lat': 52.67, 'lon': -114.1, 'status': 'repaired', 'days_active': 120, 'days_active_prog_start': 0, 'tagged': True, 'component': 'unknown', 'date_began': datetime.datetime(2021, 7, 3, 0, 0), 'date_tagged': datetime.datetime(2021, 10, 31, 0, 0), 'tagged_by_company': 'natural', 'tagged_by_crew': 1, 'init_detect_by': 'natural', 'init_detect_date': datetime.datetime(2021, 10, 31, 0, 0), 'requires_shutdown': False, 'date_repaired': datetime.datetime(2021, 10, 31, 16, 0), 'repair_delay': 0, 'OGI_sp_covered': 1}]",[],0,False,,,,3,4,61,30,False,6,5,0,6,0.0,1896.4370271051412,0.05811623246492986,0.25810332296595173,1.0391435764959678
ABRAND00612,621,53.35,-115.28,4,6,2,2,2,120,1,30,20,120,1,lognorm,0.062287158377333125,[1.462],"['kilogram', 'hour']",<scipy.stats._distn_infrastructure.rv_frozen object at 0x000002073C01D1C8>,0,8,60,1735.5668213727736,[],"[{'leak_ID': 'ABRAND00612_0000000000', 'facility_ID': 'ABRAND00612', 'equipment_group': 3, 'rate': 0.004885603477493876, 'lat': 53.35, 'lon': -115.28, 'status': 'repaired', 'days_active': 120, 'days_active_prog_start': 0, 'tagged': True, 'component': 'unknown', 'date_began': datetime.datetime(2017, 1, 10, 0, 0), 'date_tagged': datetime.datetime(2017, 5, 10, 0, 0), 'tagged_by_company': 'natural', 'tagged_by_crew': 1, 'init_detect_by': 'natural', 'init_detect_date': datetime.datetime(2017, 5, 10, 0, 0), 'requires_shutdown': False, 'date_repaired': datetime.datetime(2017, 5, 10, 16, 0), 'repair_delay': 0, 'OGI_sp_covered': 1}, {'leak_ID': 'ABRAND00612_0000000001', 'facility_ID': 'ABRAND00612', 'equipment_group': 1, 'rate': 0.09939303288717583, 'lat': 53.35, 'lon': -115.28, 'status': 'repaired', 'days_active': 38, 'days_active_prog_start': 0, 'tagged': True, 'component': 'unknown', 'date_began': datetime.datetime(2018, 2, 11, 0, 0), 'date_tagged': datetime.datetime(2018, 3, 5, 10, 30), 'tagged_by_company': 'OGI', 'tagged_by_crew': 1, 'init_detect_by': 'OGI', 'init_detect_date': datetime.datetime(2018, 3, 5, 10, 30), 'requires_shutdown': False, 'date_repaired': datetime.datetime(2018, 3, 21, 16, 0), 'repair_delay': 16, 'OGI_sp_covered': 1}, {'leak_ID': 'ABRAND00612_0000000002', 'facility_ID': 'ABRAND00612', 'equipment_group': 1, 'rate': 0.008931821579888269, 'lat': 53.35, 'lon': -115.28, 'status': 'repaired', 'days_active': 120, 'days_active_prog_start': 0, 'tagged': True, 'component': 'unknown', 'date_began': datetime.datetime(2018, 11, 23, 0, 0), 'date_tagged': datetime.datetime(2019, 3, 23, 0, 0), 'tagged_by_company': 'natural', 'tagged_by_crew': 1, 'init_detect_by': 'natural', 'init_detect_date': datetime.datetime(2019, 3, 23, 0, 0), 'requires_shutdown': False, 'date_repaired': datetime.datetime(2019, 3, 23, 16, 0), 'repair_delay': 0, 'OGI_sp_covered': 1}, {'leak_ID': 'ABRAND00612_0000000003', 'facility_ID': 'ABRAND00612', 'equipment_group': 4, 'rate': 0.008942244158712793, 'lat': 53.35, 'lon': -115.28, 'status': 'repaired', 'days_active': 120, 'days_active_prog_start': 0, 'tagged': True, 'component': 'unknown', 'date_began': datetime.datetime(2019, 8, 25, 0, 0), 'date_tagged': datetime.datetime(2019, 12, 23, 0, 0), 'tagged_by_company': 'natural', 'tagged_by_crew': 1, 'init_detect_by': 'natural', 'init_detect_date': datetime.datetime(2019, 12, 23, 0, 0), 'requires_shutdown': False, 'date_repaired': datetime.datetime(2019, 12, 23, 13, 30), 'repair_delay': 0, 'OGI_sp_covered': 1}, {'leak_ID': 'ABRAND00612_0000000004', 'facility_ID': 'ABRAND00612', 'equipment_group': 4, 'rate': 0.12736868263013912, 'lat': 53.35, 'lon': -115.28, 'status': 'repaired', 'days_active': 65, 'days_active_prog_start': 0, 'tagged': True, 'component': 'unknown', 'date_began': datetime.datetime(2020, 1, 15, 0, 0), 'date_tagged': datetime.datetime(2020, 3, 4, 10, 30), 'tagged_by_company': 'OGI', 'tagged_by_crew': 1, 'init_detect_by': 'OGI', 'init_detect_date': datetime.datetime(2020, 3, 4, 10, 30), 'requires_shutdown': False, 'date_repaired': datetime.datetime(2020, 3, 20, 16, 0), 'repair_delay': 16, 'OGI_sp_covered': 1}, {'leak_ID': 'ABRAND00612_0000000005', 'facility_ID': 'ABRAND00612', 'equipment_group': 1, 'rate': 0.007902783978512145, 'lat': 53.35, 'lon': -115.28, 'status': 'repaired', 'days_active': 120, 'days_active_prog_start': 0, 'tagged': True, 'component': 'unknown', 'date_began': datetime.datetime(2020, 4, 6, 0, 0), 'date_tagged': datetime.datetime(2020, 8, 4, 0, 0), 'tagged_by_company': 'natural', 'tagged_by_crew': 1, 'init_detect_by': 'natural', 'init_detect_date': datetime.datetime(2020, 8, 4, 0, 0), 'requires_shutdown': False, 'date_repaired': datetime.datetime(2020, 8, 4, 16, 0), 'repair_delay': 0, 'OGI_sp_covered': 1}, {'leak_ID': 'ABRAND00612_0000000006', 'facility_ID': 'ABRAND00612', 'equipment_group': 3, 'rate': 0.017116156761332258, 'lat': 53.35, 'lon': -115.28, 'status': 'repaired', 'days_active': 120, 'days_active_prog_start': 0, 'tagged': True, 'component': 'unknown', 'date_began': datetime.datetime(2020, 9, 27, 0, 0), 'date_tagged': datetime.datetime(2021, 1, 25, 0, 0), 'tagged_by_company': 'natural', 'tagged_by_crew': 1, 'init_detect_by': 'natural', 'init_detect_date': datetime.datetime(2021, 1, 25, 0, 0), 'requires_shutdown': False, 'date_repaired': datetime.datetime(2021, 1, 25, 16, 0), 'repair_delay': 0, 'OGI_sp_covered': 1}, {'leak_ID': 'ABRAND00612_0000000007', 'facility_ID': 'ABRAND00612', 'equipment_group': 4, 'rate': 0.13519094915819554, 'lat': 53.35, 'lon': -115.28, 'status': 'repaired', 'days_active': 17, 'days_active_prog_start': 0, 'tagged': True, 'component': 'unknown', 'date_began': datetime.datetime(2021, 3, 4, 0, 0), 'date_tagged': datetime.datetime(2021, 3, 5, 10, 30), 'tagged_by_company': 'OGI', 'tagged_by_crew': 1, 'init_detect_by': 'OGI', 'init_detect_date': datetime.datetime(2021, 3, 5, 10, 30), 'requires_shutdown': False, 'date_repaired': datetime.datetime(2021, 3, 21, 16, 0), 'repair_delay': 16, 'OGI_sp_covered': 1}]",[],0,False,,,,2,4,61,30,False,6,9,0,8,0.0,1735.5668213727736,0.06012024048096192,0.26318297607194585,0.9509955185604239
ABRAND01099,601,50.23,-111.31,2,6,2,2,2,120,1,30,20,120,1,lognorm,0.062287158377333125,[1.462],"['kilogram', 'hour']",<scipy.stats._distn_infrastructure.rv_frozen object at 0x000002073C01D1C8>,1,3,60,455.97915882785975,[],"[{'leak_ID': 'ABRAND01099_0000000001', 'facility_ID': 'ABRAND01099', 'equipment_group': 2, 'rate': 0.0019969878035941816, 'lat': 50.23, 'lon': -111.31, 'status': 'repaired', 'days_active': 120, 'days_active_prog_start': 108, 'tagged': True, 'component': 'unknown', 'date_began': datetime.datetime(2016, 9, 15, 0, 0), 'date_tagged': datetime.datetime(2017, 1, 12, 0, 0), 'tagged_by_company': 'natural', 'tagged_by_crew': 1, 'init_detect_by': 'natural', 'init_detect_date': datetime.datetime(2017, 1, 12, 0, 0), 'requires_shutdown': False, 'date_repaired': datetime.datetime(2017, 1, 12, 16, 0), 'repair_delay': 0, 'OGI_sp_covered': 1}, {'leak_ID': 'ABRAND01099_0000000001', 'facility_ID': 'ABRAND01099', 'equipment_group': 1, 'rate': 0.03034429415144579, 'lat': 50.23, 'lon': -111.31, 'status': 'repaired', 'days_active': 120, 'days_active_prog_start': 0, 'tagged': True, 'component': 'unknown', 'date_began': datetime.datetime(2018, 6, 25, 0, 0), 'date_tagged': datetime.datetime(2018, 10, 23, 0, 0), 'tagged_by_company': 'natural', 'tagged_by_crew': 1, 'init_detect_by': 'natural', 'init_detect_date': datetime.datetime(2018, 10, 23, 0, 0), 'requires_shutdown': False, 'date_repaired': datetime.datetime(2018, 10, 23, 16, 0), 'repair_delay': 0, 'OGI_sp_covered': 1}, {'leak_ID': 'ABRAND01099_0000000002', 'facility_ID': 'ABRAND01099', 'equipment_group': 1, 'rate': 0.04606449739117173, 'lat': 50.23, 'lon': -111.31, 'status': 'repaired', 'days_active': 35, 'days_active_prog_start': 0, 'tagged': True, 'component': 'unknown', 'date_began': datetime.datetime(2020, 4, 14, 0, 0), 'date_tagged': datetime.datetime(2020, 5, 3, 10, 30), 'tagged_by_company': 'OGI', 'tagged_by_crew': 2, 'init_detect_by': 'OGI', 'init_detect_date': datetime.datetime(2020, 5, 3, 10, 30), 'requires_shutdown': False, 'date_repaired': datetime.datetime(2020, 5, 19, 16, 0), 'repair_delay': 16, 'OGI_sp_covered': 1}]",[],1,False,,,,4,4,61,30,False,6,3,0,3,0.0,455.97915882785975,0.06212424849699399,0.268192323659678,0.24985159387827932
ABRAND00882,621,52.56,-114.29,4,6,2,2,2,120,1,30,20,120,1,lognorm,0.062287158377333125,[1.462],"['kilogram', 'hour']",<scipy.stats._distn_infrastructure.rv_frozen object at 0x000002073C01D1C8>,0,6,60,914.7489448910906,[],"[{'leak_ID': 'ABRAND00882_0000000000', 'facility_ID': 'ABRAND00882', 'equipment_group': 2, 'rate': 0.00521071767965973, 'lat': 52.56, 'lon': -114.29, 'status': 'repaired', 'days_active': 120, 'days_active_prog_start': 0, 'tagged': True, 'component': 'unknown', 'date_began': datetime.datetime(2017, 3, 12, 0, 0), 'date_tagged': datetime.datetime(2017, 7, 10, 0, 0), 'tagged_by_company': 'natural', 'tagged_by_crew': 1, 'init_detect_by': 'natural', 'init_detect_date': datetime.datetime(2017, 7, 10, 0, 0), 'requires_shutdown': False, 'date_repaired': datetime.datetime(2017, 7, 10, 16, 0), 'repair_delay': 0, 'OGI_sp_covered': 1}, {'leak_ID': 'ABRAND00882_0000000001', 'facility_ID': 'ABRAND00882', 'equipment_group': 2, 'rate': 0.020811318434817618, 'lat': 52.56, 'lon': -114.29, 'status': 'repaired', 'days_active': 120, 'days_active_prog_start': 0, 'tagged': True, 'component': 'unknown', 'date_began': datetime.datetime(2017, 11, 1, 0, 0), 'date_tagged': datetime.datetime(2018, 3, 1, 0, 0), 'tagged_by_company': 'natural', 'tagged_by_crew': 1, 'init_detect_by': 'natural', 'init_detect_date': datetime.datetime(2018, 3, 1, 0, 0), 'requires_shutdown': False, 'date_repaired': datetime.datetime(2018, 3, 1, 0, 0), 'repair_delay': 0, 'OGI_sp_covered': 1}, {'leak_ID': 'ABRAND00882_0000000002', 'facility_ID': 'ABRAND00882', 'equipment_group': 3, 'rate': 0.023051376534469804, 'lat': 52.56, 'lon': -114.29, 'status': 'repaired', 'days_active': 120, 'days_active_prog_start': 0, 'tagged': True, 'component': 'unknown', 'date_began': datetime.datetime(2018, 9, 17, 0, 0), 'date_tagged': datetime.datetime(2019, 1, 15, 0, 0), 'tagged_by_company': 'natural', 'tagged_by_crew': 1, 'init_detect_by': 'natural', 'init_detect_date': datetime.datetime(2019, 1, 15, 0, 0), 'requires_shutdown': False, 'date_repaired': datetime.datetime(2019, 1, 15, 16, 0), 'repair_delay': 0, 'OGI_sp_covered': 1}, {'leak_ID': 'ABRAND00882_0000000003', 'facility_ID': 'ABRAND00882', 'equipment_group': 2, 'rate': 0.020340147435809856, 'lat': 52.56, 'lon': -114.29, 'status': 'repaired', 'days_active': 120, 'days_active_prog_start': 0, 'tagged': True, 'component': 'unknown', 'date_began': datetime.datetime(2019, 12, 12, 0, 0), 'date_tagged': datetime.datetime(2020, 4, 10, 0, 0), 'tagged_by_company': 'natural', 'tagged_by_crew': 1, 'init_detect_by': 'natural', 'init_detect_date': datetime.datetime(2020, 4, 10, 0, 0), 'requires_shutdown': False, 'date_repaired': datetime.datetime(2020, 4, 10, 16, 0), 'repair_delay': 0, 'OGI_sp_covered': 1}, {'leak_ID': 'ABRAND00882_0000000004', 'facility_ID': 'ABRAND00882', 'equipment_group': 2, 'rate': 0.01530726607531029, 'lat': 52.56, 'lon': -114.29, 'status': 'repaired', 'days_active': 120, 'days_active_prog_start': 0, 'tagged': True, 'component': 'unknown', 'date_began': datetime.datetime(2021, 3, 21, 0, 0), 'date_tagged': datetime.datetime(2021, 7, 19, 0, 0), 'tagged_by_company': 'natural', 'tagged_by_crew': 1, 'init_detect_by': 'natural', 'init_detect_date': datetime.datetime(2021, 7, 19, 0, 0), 'requires_shutdown': False, 'date_repaired': datetime.datetime(2021, 7, 19, 16, 0), 'repair_delay': 0, 'OGI_sp_covered': 1}, {'leak_ID': 'ABRAND00882_0000000005', 'facility_ID': 'ABRAND00882', 'equipment_group': 4, 'rate': 0.0035072742345209165, 'lat': 52.56, 'lon': -114.29, 'status': 'repaired', 'days_active': 120, 'days_active_prog_start': 0, 'tagged': True, 'component': 'unknown', 'date_began': datetime.datetime(2021, 5, 27, 0, 0), 'date_tagged': datetime.datetime(2021, 9, 24, 0, 0), 'tagged_by_company': 'natural', 'tagged_by_crew': 1, 'init_detect_by': 'natural', 'init_detect_date': datetime.datetime(2021, 9, 24, 0, 0), 'requires_shutdown': False, 'date_repaired': datetime.datetime(2021, 9, 24, 16, 0), 'repair_delay': 0, 'OGI_sp_covered': 1}]",[],0,False,,,,3,4,61,30,False,6,9,0,6,0.0,914.7489448910906,0.06412825651302605,0.2731770586600731,0.5012322985704606
ABRAND00170,601,55.34,-118.96,2,6,2,2,2,120,1,30,20,120,1,lognorm,0.062287158377333125,[1.462],"['kilogram', 'hour']",<scipy.stats._distn_infrastructure.rv_frozen object at 0x000002073C01D1C8>,0,6,60,1526.7657051451397,[],"[{'leak_ID': 'ABRAND00170_0000000000', 'facility_ID': 'ABRAND00170', 'equipment_group': 2, 'rate': 0.001480888515090292, 'lat': 55.34, 'lon': -118.96, 'status': 'repaired', 'days_active': 120, 'days_active_prog_start': 0, 'tagged': True, 'component': 'unknown', 'date_began': datetime.datetime(2017, 10, 8, 0, 0), 'date_tagged': datetime.datetime(2018, 2, 5, 0, 0), 'tagged_by_company': 'natural', 'tagged_by_crew': 1, 'init_detect_by': 'natural', 'init_detect_date': datetime.datetime(2018, 2, 5, 0, 0), 'requires_shutdown': False, 'date_repaired': datetime.datetime(2018, 2, 5, 16, 0), 'repair_delay': 0, 'OGI_sp_covered': 1}, {'leak_ID': 'ABRAND00170_0000000001', 'facility_ID': 'ABRAND00170', 'equipment_group': 2, 'rate': 0.022535576323944376, 'lat': 55.34, 'lon': -118.96, 'status': 'repaired', 'days_active': 120, 'days_active_prog_start': 0, 'tagged': True, 'component': 'unknown', 'date_began': datetime.datetime(2017, 12, 7, 0, 0), 'date_tagged': datetime.datetime(2018, 4, 6, 0, 0), 'tagged_by_company': 'natural', 'tagged_by_crew': 1, 'init_detect_by': 'natural', 'init_detect_date': datetime.datetime(2018, 4, 6, 0, 0), 'requires_shutdown': False, 'date_repaired': datetime.datetime(2018, 4, 6, 16, 0), 'repair_delay': 0, 'OGI_sp_covered': 1}, {'leak_ID': 'ABRAND00170_0000000003', 'facility_ID': 'ABRAND00170', 'equipment_group': 2, 'rate': 0.09274034256973832, 'lat': 55.34, 'lon': -118.96, 'status': 'repaired', 'days_active': 42, 'days_active_prog_start': 0, 'tagged': True, 'component': 'unknown', 'date_began': datetime.datetime(2019, 2, 7, 0, 0), 'date_tagged': datetime.datetime(2019, 3, 5, 13, 0), 'tagged_by_company': 'OGI', 'tagged_by_crew': 1, 'init_detect_by': 'OGI', 'init_detect_date': datetime.datetime(2019, 3, 5, 13, 0), 'requires_shutdown': False, 'date_repaired': datetime.datetime(2019, 3, 21, 16, 0), 'repair_delay': 16, 'OGI_sp_covered': 1}, {'leak_ID': 'ABRAND00170_0000000002', 'facility_ID': 'ABRAND00170', 'equipment_group': 2, 'rate': 0.004356888663036255, 'lat': 55.34, 'lon': -118.96, 'status': 'repaired', 'days_active': 120, 'days_active_prog_start': 0, 'tagged': True, 'component': 'unknown', 'date_began': datetime.datetime(2018, 12, 16, 0, 0), 'date_tagged': datetime.datetime(2019, 4, 15, 0, 0), 'tagged_by_company': 'natural', 'tagged_by_crew': 1, 'init_detect_by': 'natural', 'init_detect_date': datetime.datetime(2019, 4, 15, 0, 0), 'requires_shutdown': False, 'date_repaired': datetime.datetime(2019, 4, 15, 16, 0), 'repair_delay': 0, 'OGI_sp_covered': 1}, {'leak_ID': 'ABRAND00170_0000000004', 'facility_ID': 'ABRAND00170', 'equipment_group': 2, 'rate': 0.02501543240160936, 'lat': 55.34, 'lon': -118.96, 'status': 'repaired', 'days_active': 120, 'days_active_prog_start': 0, 'tagged': True, 'component': 'unknown', 'date_began': datetime.datetime(2019, 3, 30, 0, 0), 'date_tagged': datetime.datetime(2019, 7, 28, 0, 0), 'tagged_by_company': 'natural', 'tagged_by_crew': 1, 'init_detect_by': 'natural', 'init_detect_date': datetime.datetime(2019, 7, 28, 0, 0), 'requires_shutdown': False, 'date_repaired': datetime.datetime(2019, 7, 28, 16, 0), 'repair_delay': 0, 'OGI_sp_covered': 1}, {'leak_ID': 'ABRAND00170_0000000005', 'facility_ID': 'ABRAND00170', 'equipment_group': 2, 'rate': 0.24563835562450465, 'lat': 55.34, 'lon': -118.96, 'status': 'repaired', 'days_active': 30, 'days_active_prog_start': 0, 'tagged': True, 'component': 'unknown', 'date_began': datetime.datetime(2020, 10, 16, 0, 0), 'date_tagged': datetime.datetime(2020, 10, 30, 13, 0), 'tagged_by_company': 'OGI', 'tagged_by_crew': 1, 'init_detect_by': 'OGI', 'init_detect_date': datetime.datetime(2020, 10, 30, 13, 0), 'requires_shutdown': False, 'date_repaired': datetime.datetime(2020, 11, 15, 16, 0), 'repair_delay': 16, 'OGI_sp_covered': 1}]",[],0,False,,,,1,4,61,30,False,6,6,0,6,0.0,1526.7657051451397,0.06613226452905811,0.2780417742604078,0.8365839480247341
ABRAND00763,351,53.11,-114.64,5,6,2,2,2,120,1,30,20,120,1,lognorm,0.062287158377333125,[1.462],"['kilogram', 'hour']",<scipy.stats._distn_infrastructure.rv_frozen object at 0x000002073C01D1C8>,0,7,60,3208.9567975212744,"[{'leak_ID': 'ABRAND00763_0000000006', 'facility_ID': 'ABRAND00763', 'equipment_group': 1, 'rate': 0.0530341195175238, 'lat': 53.11, 'lon': -114.64, 'status': 'active', 'days_active': 57, 'days_active_prog_start': 0, 'tagged': False, 'component': 'unknown', 'date_began': datetime.datetime(2021, 11, 3, 0, 0), 'date_tagged': None, 'tagged_by_company': None, 'tagged_by_crew': None, 'init_detect_by': None, 'init_detect_date': None, 'requires_shutdown': False, 'date_repaired': None, 'repair_delay': None}]","[{'leak_ID': 'ABRAND00763_0000000000', 'facility_ID': 'ABRAND00763', 'equipment_group': 5, 'rate': 0.02859809815979117, 'lat': 53.11, 'lon': -114.64, 'status': 'repaired', 'days_active': 120, 'days_active_prog_start': 0, 'tagged': True, 'component': 'unknown', 'date_began': datetime.datetime(2018, 3, 28, 0, 0), 'date_tagged': datetime.datetime(2018, 7, 26, 0, 0), 'tagged_by_company': 'natural', 'tagged_by_crew': 1, 'init_detect_by': 'natural', 'init_detect_date': datetime.datetime(2018, 7, 26, 0, 0), 'requires_shutdown': False, 'date_repaired': datetime.datetime(2018, 7, 26, 16, 0), 'repair_delay': 0, 'OGI_sp_covered': 0}, {'leak_ID': 'ABRAND00763_0000000001', 'facility_ID': 'ABRAND00763', 'equipment_group': 1, 'rate': 0.25361406979764484, 'lat': 53.11, 'lon': -114.64, 'status': 'repaired', 'days_active': 78, 'days_active_prog_start': 0, 'tagged': True, 'component': 'unknown', 'date_began': datetime.datetime(2018, 11, 3, 0, 0), 'date_tagged': datetime.datetime(2019, 1, 4, 13, 0), 'tagged_by_company': 'OGI', 'tagged_by_crew': 2, 'init_detect_by': 'OGI', 'init_detect_date': datetime.datetime(2019, 1, 4, 13, 0), 'requires_shutdown': False, 'date_repaired': datetime.datetime(2019, 1, 20, 16, 0), 'repair_delay': 16, 'OGI_sp_covered': 1}, {'leak_ID': 'ABRAND00763_0000000002', 'facility_ID': 'ABRAND00763', 'equipment_group': 1, 'rate': 0.02732016434662401, 'lat': 53.11, 'lon': -114.64, 'status': 'repaired', 'days_active': 120, 'days_active_prog_start': 0, 'tagged': True, 'component': 'unknown', 'date_began': datetime.datetime(2020, 1, 7, 0, 0), 'date_tagged': datetime.datetime(2020, 5, 6, 0, 0), 'tagged_by_company': 'natural', 'tagged_by_crew': 1, 'init_detect_by': 'natural', 'init_detect_date': datetime.datetime(2020, 5, 6, 0, 0), 'requires_shutdown': False, 'date_repaired': datetime.datetime(2020, 5, 6, 16, 0), 'repair_delay': 0, 'OGI_sp_covered': 0}, {'leak_ID': 'ABRAND00763_0000000003', 'facility_ID': 'ABRAND00763', 'equipment_group': 1, 'rate': 0.01838829244531094, 'lat': 53.11, 'lon': -114.64, 'status': 'repaired', 'days_active': 120, 'days_active_prog_start': 0, 'tagged': True, 'component': 'unknown', 'date_began': datetime.datetime(2020, 3, 4, 0, 0), 'date_tagged': datetime.datetime(2020, 7, 2, 0, 0), 'tagged_by_company': 'natural', 'tagged_by_crew': 1, 'init_detect_by': 'natural', 'init_detect_date': datetime.datetime(2020, 7, 2, 0, 0), 'requires_shutdown': False, 'date_repaired': datetime.datetime(2020, 7, 2, 16, 0), 'repair_delay': 0, 'OGI_sp_covered': 1}, {'leak_ID': 'ABRAND00763_0000000004', 'facility_ID': 'ABRAND00763', 'equipment_group': 1, 'rate': 0.011524140843722807, 'lat': 53.11, 'lon': -114.64, 'status': 'repaired', 'days_active': 120, 'days_active_prog_start': 0, 'tagged': True, 'component': 'unknown', 'date_began': datetime.datetime(2020, 5, 6, 0, 0), 'date_tagged': datetime.datetime(2020, 9, 3, 0, 0), 'tagged_by_company': 'natural', 'tagged_by_crew': 1, 'init_detect_by': 'natural', 'init_detect_date': datetime.datetime(2020, 9, 3, 0, 0), 'requires_shutdown': False, 'date_repaired': datetime.datetime(2020, 9, 3, 16, 0), 'repair_delay': 0, 'OGI_sp_covered': 1}, {'leak_ID': 'ABRAND00763_0000000005', 'facility_ID': 'ABRAND00763', 'equipment_group': 1, 'rate': 0.07615430043105134, 'lat': 53.11, 'lon': -114.64, 'status': 'repaired', 'days_active': 53, 'days_active_prog_start': 0, 'tagged': True, 'component': 'unknown', 'date_began': datetime.datetime(2020, 7, 25, 0, 0), 'date_tagged': datetime.datetime(2020, 8, 31, 13, 0), 'tagged_by_company': 'OGI', 'tagged_by_crew': 2, 'init_detect_by': 'OGI', 'init_detect_date': datetime.datetime(2020, 8, 31, 13, 0), 'requires_shutdown': False, 'date_repaired': datetime.datetime(2020, 9, 16, 16, 0), 'repair_delay': 16, 'OGI_sp_covered': 1}]",[],0,False,,,,2,4,61,30,False,6,5,1,6,261.1824317999012,2947.774365721373,0.06813627254509018,0.28289713371055375,1.7583324917924792
ABRAND00682,361,52.92,-115.05,5,6,2,2,2,120,1,30,20,120,1,lognorm,0.062287158377333125,[1.462],"['kilogram', 'hour']",<scipy.stats._distn_infrastructure.rv_frozen object at 0x000002073C01D1C8>,0,9,60,2579.7264216051726,[],"[{'leak_ID': 'ABRAND00682_0000000000', 'facility_ID': 'ABRAND00682', 'equipment_group': 3, 'rate': 0.040730357527815064, 'lat': 52.92, 'lon': -115.05, 'status': 'repaired', 'days_active': 49, 'days_active_prog_start': 0, 'tagged': True, 'component': 'unknown', 'date_began': datetime.datetime(2017, 7, 30, 0, 0), 'date_tagged': datetime.datetime(2017, 9, 1, 13, 0), 'tagged_by_company': 'OGI', 'tagged_by_crew': 3, 'init_detect_by': 'OGI', 'init_detect_date': datetime.datetime(2017, 9, 1, 13, 0), 'requires_shutdown': False, 'date_repaired': datetime.datetime(2017, 9, 17, 16, 0), 'repair_delay': 16, 'OGI_sp_covered': 1}, {'leak_ID': 'ABRAND00682_0000000001', 'facility_ID': 'ABRAND00682', 'equipment_group': 4, 'rate': 0.03518941365320568, 'lat': 52.92, 'lon': -115.05, 'status': 'repaired', 'days_active': 120, 'days_active_prog_start': 0, 'tagged': True, 'component': 'unknown', 'date_began': datetime.datetime(2017, 12, 2, 0, 0), 'date_tagged': datetime.datetime(2018, 4, 1, 0, 0), 'tagged_by_company': 'natural', 'tagged_by_crew': 1, 'init_detect_by': 'natural', 'init_detect_date': datetime.datetime(2018, 4, 1, 0, 0), 'requires_shutdown': False, 'date_repaired': datetime.datetime(2018, 4, 1, 16, 0), 'repair_delay': 0, 'OGI_sp_covered': 1}, {'leak_ID': 'ABRAND00682_0000000002', 'facility_ID': 'ABRAND00682', 'equipment_group': 5, 'rate': 0.006551366771648171, 'lat': 52.92, 'lon': -115.05, 'status': 'repaired', 'days_active': 120, 'days_active_prog_start': 0, 'tagged': True, 'component': 'unknown', 'date_began': datetime.datetime(2018, 9, 18, 0, 0), 'date_tagged': datetime.datetime(2019, 1, 16, 0, 0), 'tagged_by_company': 'natural', 'tagged_by_crew': 1, 'init_detect_by': 'natural', 'init_detect_date': datetime.datetime(2019, 1, 16, 0, 0), 'requires_shutdown': False, 'date_repaired': datetime.datetime(2019, 1, 16, 16, 0), 'repair_delay': 0, 'OGI_sp_covered': 1}, {'leak_ID': 'ABRAND00682_0000000003', 'facility_ID': 'ABRAND00682', 'equipment_group': 5, 'rate': 0.035908254749508484, 'lat': 52.92, 'lon': -115.05, 'status': 'repaired', 'days_active': 120, 'days_active_prog_start': 0, 'tagged': True, 'component': 'unknown', 'date_began': datetime.datetime(2019, 8, 20, 0, 0), 'date_tagged': datetime.datetime(2019, 12, 18, 0, 0), 'tagged_by_company': 'natural', 'tagged_by_crew': 1, 'init_detect_by': 'natural', 'init_detect_date': datetime.datetime(2019, 12, 18, 0, 0), 'requires_shutdown': False, 'date_repaired': datetime.datetime(2019, 12, 18, 16, 0), 'repair_delay': 0, 'OGI_sp_covered': 1}, {'leak_ID': 'ABRAND00682_0000000004', 'facility_ID': 'ABRAND00682', 'equipment_group': 4, 'rate': 0.08934711168524037, 'lat': 52.92, 'lon': -115.05, 'status': 'repaired', 'days_active': 55, 'days_active_prog_start': 0, 'tagged': True, 'component': 'unknown', 'date_began': datetime.datetime(2020, 7, 23, 0, 0), 'date_tagged': datetime.datetime(2020, 8, 31, 13, 0), 'tagged_by_company': 'OGI', 'tagged_by_crew': 3, 'init_detect_by': 'OGI', 'init_detect_date': datetime.datetime(2020, 8, 31, 13, 0), 'requires_shutdown': False, 'date_repaired': datetime.datetime(2020, 9, 16, 16, 0), 'repair_delay': 16, 'OGI_sp_covered': 1}, {'leak_ID': 'ABRAND00682_0000000005', 'facility_ID': 'ABRAND00682', 'equipment_group': 1, 'rate': 0.011689208871095988, 'lat': 52.92, 'lon': -115.05, 'status': 'repaired', 'days_active': 120, 'days_active_prog_start': 0, 'tagged': True, 'component': 'unknown', 'date_began': datetime.datetime(2020, 10, 24, 0, 0), 'date_tagged': datetime.datetime(2021, 2, 21, 0, 0), 'tagged_by_company': 'natural', 'tagged_by_crew': 1, 'init_detect_by': 'natural', 'init_detect_date': datetime.datetime(2021, 2, 21, 0, 0), 'requires_shutdown': False, 'date_repaired': datetime.datetime(2021, 2, 21, 16, 0), 'repair_delay': 0, 'OGI_sp_covered': 1}, {'leak_ID': 'ABRAND00682_0000000007', 'facility_ID': 'ABRAND00682', 'equipment_group': 5, 'rate': 0.08301049261291642, 'lat': 52.92, 'lon': -115.05, 'status': 'repaired', 'days_active': 64, 'days_active_prog_start': 0, 'tagged': True, 'component': 'unknown', 'date_began': datetime.datetime(2021, 7, 15, 0, 0), 'date_tagged': datetime.datetime(2021, 9, 1, 13, 0), 'tagged_by_company': 'OGI', 'tagged_by_crew': 3, 'init_detect_by': 'OGI', 'init_detect_date': datetime.datetime(2021, 9, 1, 13, 0), 'requires_shutdown': False, 'date_repaired': datetime.datetime(2021, 9, 17, 16, 0), 'repair_delay': 16, 'OGI_sp_covered': 1}, {'leak_ID': 'ABRAND00682_0000000006', 'facility_ID': 'ABRAND00682', 'equipment_group': 4, 'rate': 0.02359302893624042, 'lat': 52.92, 'lon': -115.05, 'status': 'repaired', 'days_active': 120, 'days_active_prog_start': 0, 'tagged': True, 'component': 'unknown', 'date_began': datetime.datetime(2021, 6, 21, 0, 0), 'date_tagged': datetime.datetime(2021, 10, 19, 0, 0), 'tagged_by_company': 'natural', 'tagged_by_crew': 1, 'init_detect_by': 'natural', 'init_detect_date': datetime.datetime(2021, 10, 19, 0, 0), 'requires_shutdown': False, 'date_repaired': datetime.datetime(2021, 10, 19, 16, 0), 'repair_delay': 0, 'OGI_sp_covered': 1}, {'leak_ID': 'ABRAND00682_0000000008', 'facility_ID': 'ABRAND00682', 'equipment_group': 1, 'rate': 0.056717246498925684, 'lat': 52.92, 'lon': -115.05, 'status': 'repaired', 'days_active': 72, 'days_active_prog_start': 0, 'tagged': True, 'component': 'unknown', 'date_began': datetime.datetime(2021, 9, 5, 0, 0), 'date_tagged': datetime.datetime(2021, 10, 31, 13, 0), 'tagged_by_company': 'OGI', 'tagged_by_crew': 3, 'init_detect_by': 'OGI', 'init_detect_date': datetime.datetime(2021, 10, 31, 13, 0), 'requires_shutdown': False, 'date_repaired': datetime.datetime(2021, 11, 16, 16, 0), 'repair_delay': 16, 'OGI_sp_covered': 1}]",[],0,False,,,,2,4,61,30,False,6,8,0,9,0.0,2579.7264216051726,0.07014028056112225,0.2876330876735977,1.4135487241672178
ABRAND00692,621,53.09,-115.02,3,6,2,2,2,120,1,30,20,120,1,lognorm,0.062287158377333125,[1.462],"['kilogram', 'hour']",<scipy.stats._distn_infrastructure.rv_frozen object at 0x000002073C01D1C8>,0,5,60,608.6586616328743,[],"[{'leak_ID': 'ABRAND00692_0000000000', 'facility_ID': 'ABRAND00692', 'equipment_group': 2, 'rate': 0.001794360572216038, 'lat': 53.09, 'lon': -115.02, 'status': 'repaired', 'days_active': 120, 'days_active_prog_start': 0, 'tagged': True, 'component': 'unknown', 'date_began': datetime.datetime(2017, 7, 27, 0, 0), 'date_tagged': datetime.datetime(2017, 11, 24, 0, 0), 'tagged_by_company': 'natural', 'tagged_by_crew': 1, 'init_detect_by': 'natural', 'init_detect_date': datetime.datetime(2017, 11, 24, 0, 0), 'requires_shutdown': False, 'date_repaired': datetime.datetime(2017, 11, 24, 16, 0), 'repair_delay': 0, 'OGI_sp_covered': 1}, {'leak_ID': 'ABRAND00692_0000000001', 'facility_ID': 'ABRAND00692', 'equipment_group': 3, 'rate': 0.019479861428328128, 'lat': 53.09, 'lon': -115.02, 'status': 'repaired', 'days_active': 120, 'days_active_prog_start': 0, 'tagged': True, 'component': 'unknown', 'date_began': datetime.datetime(2017, 10, 7, 0, 0), 'date_tagged': datetime.datetime(2018, 2, 4, 0, 0), 'tagged_by_company': 'natural', 'tagged_by_crew': 1, 'init_detect_by': 'natural', 'init_detect_date': datetime.datetime(2018, 2, 4, 0, 0), 'requires_shutdown': False, 'date_repaired': datetime.datetime(2018, 2, 4, 16, 0), 'repair_delay': 0, 'OGI_sp_covered': 1}, {'leak_ID': 'ABRAND00692_0000000002', 'facility_ID': 'ABRAND00692', 'equipment_group': 1, 'rate': 0.000551133853785058, 'lat': 53.09, 'lon': -115.02, 'status': 'repaired', 'days_active': 120, 'days_active_prog_start': 0, 'tagged': True, 'component': 'unknown', 'date_began': datetime.datetime(2019, 3, 18, 0, 0), 'date_tagged': datetime.datetime(2019, 7, 16, 0, 0), 'tagged_by_company': 'natural', 'tagged_by_crew': 1, 'init_detect_by': 'natural', 'init_detect_date': datetime.datetime(2019, 7, 16, 0, 0), 'requires_shutdown': False, 'date_repaired': datetime.datetime(2019, 7, 16, 16, 0), 'repair_delay': 0, 'OGI_sp_covered': 1}, {'leak_ID': 'ABRAND00692_0000000003', 'facility_ID': 'ABRAND00692', 'equipment_group': 3, 'rate': 0.02410757456582824, 'lat': 53.09, 'lon': -115.02, 'status': 'repaired', 'days_active': 120, 'days_active_prog_start': 0, 'tagged': True, 'component': 'unknown', 'date_began': datetime.datetime(2019, 6, 12, 0, 0), 'date_tagged': datetime.datetime(2019, 10, 10, 0, 0), 'tagged_by_company': 'natural', 'tagged_by_crew': 1, 'init_detect_by': 'natural', 'init_detect_date': datetime.datetime(2019, 10, 10, 0, 0), 'requires_shutdown': False, 'date_repaired': datetime.datetime(2019, 10, 10, 16, 0), 'repair_delay': 0, 'OGI_sp_covered': 1}, {'leak_ID': 'ABRAND00692_0000000004', 'facility_ID': 'ABRAND00692', 'equipment_group': 3, 'rate': 0.040334441714388915, 'lat': 53.09, 'lon': -115.02, 'status': 'repaired', 'days_active': 38, 'days_active_prog_start': 0, 'tagged': True, 'component': 'unknown', 'date_began': datetime.datetime(2021, 4, 13, 0, 0), 'date_tagged': datetime.datetime(2021, 5, 5, 8, 0), 'tagged_by_company': 'OGI', 'tagged_by_crew': 1, 'init_detect_by': 'OGI', 'init_detect_date': datetime.datetime(2021, 5, 5, 8, 0), 'requires_shutdown': False, 'date_repaired': datetime.datetime(2021, 5, 21, 16, 0), 'repair_delay': 16, 'OGI_sp_covered': 1}]",[],0,False,,,,2,4,60,30,False,6,7,0,5,0.0,608.6586616328743,0.07214428857715431,0.2921485105261843,0.3335115954152736
ABRAND01093,601,55.92,-111.38,2,6,2,2,2,120,1,30,20,120,1,lognorm,0.062287158377333125,[1.462],"['kilogram', 'hour']",<scipy.stats._distn_infrastructure.rv_frozen object at 0x000002073C01D1C8>,0,5,60,1682.3105562286835,[],"[{'leak_ID': 'ABRAND01093_0000000000', 'facility_ID': 'ABRAND01093', 'equipment_group': 1, 'rate': 0.01750543809394241, 'lat': 55.92, 'lon': -111.38, 'status': 'repaired', 'days_active': 120, 'days_active_prog_start': 0, 'tagged': True, 'component': 'unknown', 'date_began': datetime.datetime(2017, 10, 30, 0, 0), 'date_tagged': datetime.datetime(2018, 2, 27, 0, 0), 'tagged_by_company': 'natural', 'tagged_by_crew': 1, 'init_detect_by': 'natural', 'init_detect_date': datetime.datetime(2018, 2, 27, 0, 0), 'requires_shutdown': False, 'date_repaired': datetime.datetime(2018, 2, 27, 0, 0), 'repair_delay': 0, 'OGI_sp_covered': 0}, {'leak_ID': 'ABRAND01093_0000000001', 'facility_ID': 'ABRAND01093', 'equipment_group': 1, 'rate': 0.06844422857260536, 'lat': 55.92, 'lon': -111.38, 'status': 'repaired', 'days_active': 120, 'days_active_prog_start': 0, 'tagged': True, 'component': 'unknown', 'date_began': datetime.datetime(2017, 11, 17, 0, 0), 'date_tagged': datetime.datetime(2018, 3, 17, 0, 0), 'tagged_by_company': 'natural', 'tagged_by_crew': 2, 'init_detect_by': 'OGI', 'init_detect_date': datetime.datetime(2018, 3, 6, 8, 0), 'requires_shutdown': False, 'date_repaired': datetime.datetime(2018, 3, 17, 16, 0), 'repair_delay': 0, 'OGI_sp_covered': 1}, {'leak_ID': 'ABRAND01093_0000000002', 'facility_ID': 'ABRAND01093', 'equipment_group': 1, 'rate': 0.04684604948594831, 'lat': 55.92, 'lon': -111.38, 'status': 'repaired', 'days_active': 120, 'days_active_prog_start': 0, 'tagged': True, 'component': 'unknown', 'date_began': datetime.datetime(2019, 11, 15, 0, 0), 'date_tagged': datetime.datetime(2020, 3, 14, 0, 0), 'tagged_by_company': 'natural', 'tagged_by_crew': 2, 'init_detect_by': 'OGI', 'init_detect_date': datetime.datetime(2020, 3, 5, 8, 0), 'requires_shutdown': False, 'date_repaired': datetime.datetime(2020, 3, 14, 16, 0), 'repair_delay': 0, 'OGI_sp_covered': 1}, {'leak_ID': 'ABRAND01093_0000000003', 'facility_ID': 'ABRAND01093', 'equipment_group': 1, 'rate': 0.0018117271451155064, 'lat': 55.92, 'lon': -111.38, 'status': 'repaired', 'days_active': 120, 'days_active_prog_start': 0, 'tagged': True, 'component': 'unknown', 'date_began': datetime.datetime(2020, 5, 4, 0, 0), 'date_tagged': datetime.datetime(2020, 9, 1, 0, 0), 'tagged_by_company': 'natural', 'tagged_by_crew': 1, 'init_detect_by': 'natural', 'init_detect_date': datetime.datetime(2020, 9, 1, 0, 0), 'requires_shutdown': False, 'date_repaired': datetime.datetime(2020, 9, 1, 16, 0), 'repair_delay': 0, 'OGI_sp_covered': 0}, {'leak_ID': 'ABRAND01093_0000000004', 'facility_ID': 'ABRAND01093', 'equipment_group': 2, 'rate': 0.027652448313951233, 'lat': 55.92, 'lon': -111.38, 'status': 'repaired', 'days_active': 120, 'days_active_prog_start': 0, 'tagged': True, 'component': 'unknown', 'date_began': datetime.datetime(2020, 11, 23, 0, 0), 'date_tagged': datetime.datetime(2021, 3, 23, 0, 0), 'tagged_by_company': 'natural', 'tagged_by_crew': 1, 'init_detect_by': 'natural', 'init_detect_date': datetime.datetime(2021, 3, 23, 0, 0), 'requires_shutdown': False, 'date_repaired': datetime.datetime(2021, 3, 23, 16, 0), 'repair_delay': 0, 'OGI_sp_covered': 1}]",[],0,False,,,,1,4,60,30,False,6,5,0,5,0.0,1682.3105562286835,0.07414829659318638,0.2965962517383076,0.9218140034129773
ABRAND00385,601,53.01,-116.02,4,6,2,2,2,120,1,30,20,120,1,lognorm,0.062287158377333125,[1.462],"['kilogram', 'hour']",<scipy.stats._distn_infrastructure.rv_frozen object at 0x000002073C01D1C8>,0,3,60,254.6019103386103,"[{'leak_ID': 'ABRAND00385_0000000002', 'facility_ID': 'ABRAND00385', 'equipment_group': 4, 'rate': 0.0046758032375576915, 'lat': 53.01, 'lon': -116.02, 'status': 'active', 'days_active': 47, 'days_active_prog_start': 0, 'tagged': False, 'component': 'unknown', 'date_began': datetime.datetime(2021, 11, 13, 0, 0), 'date_tagged': None, 'tagged_by_company': None, 'tagged_by_crew': None, 'init_detect_by': None, 'init_detect_date': None, 'requires_shutdown': False, 'date_repaired': None, 'repair_delay': None}]","[{'leak_ID': 'ABRAND00385_0000000000', 'facility_ID': 'ABRAND00385', 'equipment_group': 2, 'rate': 0.003988014262836477, 'lat': 53.01, 'lon': -116.02, 'status': 'repaired', 'days_active': 120, 'days_active_prog_start': 0, 'tagged': True, 'component': 'unknown', 'date_began': datetime.datetime(2017, 3, 2, 0, 0), 'date_tagged': datetime.datetime(2017, 6, 30, 0, 0), 'tagged_by_company': 'natural', 'tagged_by_crew': 1, 'init_detect_by': 'natural', 'init_detect_date': datetime.datetime(2017, 6, 30, 0, 0), 'requires_shutdown': False, 'date_repaired': datetime.datetime(2017, 6, 30, 16, 0), 'repair_delay': 0, 'OGI_sp_covered': 1}, {'leak_ID': 'ABRAND00385_0000000001', 'facility_ID': 'ABRAND00385', 'equipment_group': 4, 'rate': 0.018737140882952103, 'lat': 53.01, 'lon': -116.02, 'status': 'repaired', 'days_active': 120, 'days_active_prog_start': 0, 'tagged': True, 'component': 'unknown', 'date_began': datetime.datetime(2018, 10, 16, 0, 0), 'date_tagged': datetime.datetime(2019, 2, 13, 0, 0), 'tagged_by_company': 'natural', 'tagged_by_crew': 1, 'init_detect_by': 'natural', 'init_detect_date': datetime.datetime(2019, 2, 13, 0, 0), 'requires_shutdown': False, 'date_repaired': datetime.datetime(2019, 2, 13, 16, 0), 'repair_delay': 0, 'OGI_sp_covered': 1}]",[],0,False,,,,2,4,60,30,False,6,3,1,2,18.987501787074272,235.61440855153603,0.07615230460921844,0.30098992428347565,0.13950789607595085
ABRAND01144,506,55.24,-110.6,1,6,2,2,2,120,1,30,20,120,1,lognorm,0.062287158377333125,[1.462],"['kilogram', 'hour']",<scipy.stats._distn_infrastructure.rv_frozen object at 0x000002073C01D1C8>,1,10,60,1917.256489352273,[],"[{'leak_ID': 'ABRAND01144_0000000001', 'facility_ID': 'ABRAND01144', 'equipment_group': 1, 'rate': 0.0023277067421049215, 'lat': 55.24, 'lon': -110.6, 'status': 'repaired', 'days_active': 120, 'days_active_prog_start': 75, 'tagged': True, 'component': 'unknown', 'date_began': datetime.datetime(2016, 10, 18, 0, 0), 'date_tagged': datetime.datetime(2017, 2, 14, 0, 0), 'tagged_by_company': 'natural', 'tagged_by_crew': 1, 'init_detect_by': 'natural', 'init_detect_date': datetime.datetime(2017, 2, 14, 0, 0), 'requires_shutdown': False, 'date_repaired': datetime.datetime(2017, 2, 14, 16, 0), 'repair_delay': 0, 'OGI_sp_covered': 1}, {'leak_ID': 'ABRAND01144_0000000001', 'facility_ID': 'ABRAND01144', 'equipment_group': 1, 'rate': 0.03380530782223272, 'lat': 55.24, 'lon': -110.6, 'status': 'repaired', 'days_active': 120, 'days_active_prog_start': 0, 'tagged': True, 'component': 'unknown', 'date_began': datetime.datetime(2017, 10, 25, 0, 0), 'date_tagged': datetime.datetime(2018, 2, 22, 0, 0), 'tagged_by_company': 'natural', 'tagged_by_crew': 1, 'init_detect_by': 'natural', 'init_detect_date': datetime.datetime(2018, 2, 22, 0, 0), 'requires_shutdown': False, 'date_repaired': datetime.datetime(2018, 2, 22, 16, 0), 'repair_delay': 0, 'OGI_sp_covered': 1}, {'leak_ID': 'ABRAND01144_0000000002', 'facility_ID': 'ABRAND01144', 'equipment_group': 1, 'rate': 0.008935123374560816, 'lat': 55.24, 'lon': -110.6, 'status': 'repaired', 'days_active': 120, 'days_active_prog_start': 0, 'tagged': True, 'component': 'unknown', 'date_began': datetime.datetime(2018, 1, 26, 0, 0), 'date_tagged': datetime.datetime(2018, 5, 26, 0, 0), 'tagged_by_company': 'natural', 'tagged_by_crew': 1, 'init_detect_by': 'natural', 'init_detect_date': datetime.datetime(2018, 5, 26, 0, 0), 'requires_shutdown': False, 'date_repaired': datetime.datetime(2018, 5, 26, 16, 0), 'repair_delay': 0, 'OGI_sp_covered': 1}, {'leak_ID': 'ABRAND01144_0000000003', 'facility_ID': 'ABRAND01144', 'equipment_group': 1, 'rate': 0.01289380554713486, 'lat': 55.24, 'lon': -110.6, 'status': 'repaired', 'days_active': 120, 'days_active_prog_start': 0, 'tagged': True, 'component': 'unknown', 'date_began': datetime.datetime(2018, 2, 13, 0, 0), 'date_tagged': datetime.datetime(2018, 6, 13, 0, 0), 'tagged_by_company': 'natural', 'tagged_by_crew': 1, 'init_detect_by': 'natural', 'init_detect_date': datetime.datetime(2018, 6, 13, 0, 0), 'requires_shutdown': False, 'date_repaired': datetime.datetime(2018, 6, 13, 16, 0), 'repair_delay': 0, 'OGI_sp_covered': 1}, {'leak_ID': 'ABRAND01144_0000000004', 'facility_ID': 'ABRAND01144', 'equipment_group': 1, 'rate': 0.09853776210336002, 'lat': 55.24, 'lon': -110.6, 'status': 'repaired', 'days_active': 39, 'days_active_prog_start': 0, 'tagged': True, 'component': 'unknown', 'date_began': datetime.datetime(2018, 8, 10, 0, 0), 'date_tagged': datetime.datetime(2018, 9, 2, 10, 30), 'tagged_by_company': 'OGI', 'tagged_by_crew': 1, 'init_detect_by': 'OGI', 'init_detect_date': datetime.datetime(2018, 9, 2, 10, 30), 'requires_shutdown': False, 'date_repaired': datetime.datetime(2018, 9, 18, 16, 0), 'repair_delay': 16, 'OGI_sp_covered': 1}, {'leak_ID': 'ABRAND01144_0000000005', 'facility_ID': 'ABRAND01144', 'equipment_group': 1, 'rate': 0.007074380674918299, 'lat': 55.24, 'lon': -110.6, 'status': 'repaired', 'days_active': 120, 'days_active_prog_start': 0, 'tagged': True, 'component': 'unknown', 'date_began': datetime.datetime(2019, 7, 30, 0, 0), 'date_tagged': datetime.datetime(2019, 11, 27, 0, 0), 'tagged_by_company': 'natural', 'tagged_by_crew': 1, 'init_detect_by': 'natural', 'init_detect_date': datetime.datetime(2019, 11, 27, 0, 0), 'requires_shutdown': False, 'date_repaired': datetime.datetime(2019, 11, 27, 16, 0), 'repair_delay': 0, 'OGI_sp_covered': 1}, {'leak_ID': 'ABRAND01144_0000000006', 'facility_ID': 'ABRAND01144', 'equipment_group': 1, 'rate': 0.0037718714467773846, 'lat': 55.24, 'lon': -110.6, 'status': 'repaired', 'days_active': 120, 'days_active_prog_start': 0, 'tagged': True, 'component': 'unknown', 'date_began': datetime.datetime(2020, 2, 7, 0, 0), 'date_tagged': datetime.datetime(2020, 6, 6, 0, 0), 'tagged_by_company': 'natural', 'tagged_by_crew': 1, 'init_detect_by': 'natural', 'init_detect_date': datetime.datetime(2020, 6, 6, 0, 0), 'requires_shutdown': False, 'date_repaired': datetime.datetime(2020, 6, 6, 16, 0), 'repair_delay': 0, 'OGI_sp_covered': 1}, {'leak_ID': 'ABRAND01144_0000000007', 'facility_ID': 'ABRAND01144', 'equipment_group': 1, 'rate': 0.1422712559682459, 'lat': 55.24, 'lon': -110.6, 'status': 'repaired', 'days_active': 60, 'days_active_prog_start': 0, 'tagged': True, 'component': 'unknown', 'date_began': datetime.datetime(2020, 7, 19, 0, 0), 'date_tagged': datetime.datetime(2020, 9, 1, 10, 30), 'tagged_by_company': 'OGI', 'tagged_by_crew': 1, 'init_detect_by': 'OGI', 'init_detect_date': datetime.datetime(2020, 9, 1, 10, 30), 'requires_shutdown': False, 'date_repaired': datetime.datetime(2020, 9, 17, 16, 0), 'repair_delay': 16, 'OGI_sp_covered': 1}, {'leak_ID': 'ABRAND01144_0000000008', 'facility_ID': 'ABRAND01144', 'equipment_group': 1, 'rate': 0.005546360346331336, 'lat': 55.24, 'lon': -110.6, 'status': 'repaired', 'days_active': 120, 'days_active_prog_start': 0, 'tagged': True, 'component': 'unknown', 'date_began': datetime.datetime(2020, 7, 26, 0, 0), 'date_tagged': datetime.datetime(2020, 11, 23, 0, 0), 'tagged_by_company': 'natural', 'tagged_by_crew': 1, 'init_detect_by': 'natural', 'init_detect_date': datetime.datetime(2020, 11, 23, 0, 0), 'requires_shutdown': False, 'date_repaired': datetime.datetime(2020, 11, 23, 16, 0), 'repair_delay': 0, 'OGI_sp_covered': 1}, {'leak_ID': 'ABRAND01144_0000000009', 'facility_ID': 'ABRAND01144', 'equipment_group': 1, 'rate': 0.008860431981727078, 'lat': 55.24, 'lon': -110.6, 'status': 'repaired', 'days_active': 120, 'days_active_prog_start': 0, 'tagged': True, 'component': 'unknown', 'date_began': datetime.datetime(2021, 3, 7, 0, 0), 'date_tagged': datetime.datetime(2021, 7, 5, 0, 0), 'tagged_by_company': 'natural', 'tagged_by_crew': 1, 'init_detect_by': 'natural', 'init_detect_date': datetime.datetime(2021, 7, 5, 0, 0), 'requires_shutdown': False, 'date_repaired': datetime.datetime(2021, 7, 5, 16, 0), 'repair_delay': 0, 'OGI_sp_covered': 1}]",[],1,False,,,,2,4,60,30,False,6,13,0,10,0.0,1917.256489352273,0.0781563126252505,0.30536743961657237,1.0505515010149442
ABRAND00727,601,52.24,-114.81,2,6,2,2,2,120,1,30,20,120,1,lognorm,0.062287158377333125,[1.462],"['kilogram', 'hour']",<scipy.stats._distn_infrastructure.rv_frozen object at 0x000002073C01D1C8>,1,6,60,1172.6261390394359,[],"[{'leak_ID': 'ABRAND00727_0000000001', 'facility_ID': 'ABRAND00727', 'equipment_group': 1, 'rate': 0.0419966858521255, 'lat': 52.24, 'lon': -114.81, 'status': 'repaired', 'days_active': 28, 'days_active_prog_start': 7, 'tagged': True, 'component': 'unknown', 'date_began': datetime.datetime(2016, 12, 25, 0, 0), 'date_tagged': datetime.datetime(2017, 1, 5, 10, 30), 'tagged_by_company': 'OGI', 'tagged_by_crew': 2, 'init_detect_by': 'OGI', 'init_detect_date': datetime.datetime(2017, 1, 5, 10, 30), 'requires_shutdown': False, 'date_repaired': datetime.datetime(2017, 1, 21, 16, 0), 'repair_delay': 16, 'OGI_sp_covered': 1}, {'leak_ID': 'ABRAND00727_0000000001', 'facility_ID': 'ABRAND00727', 'equipment_group': 1, 'rate': 0.11455760341059214, 'lat': 52.24, 'lon': -114.81, 'status': 'repaired', 'days_active': 58, 'days_active_prog_start': 0, 'tagged': True, 'component': 'unknown', 'date_began': datetime.datetime(2018, 3, 24, 0, 0), 'date_tagged': datetime.datetime(2018, 5, 5, 10, 30), 'tagged_by_company': 'OGI', 'tagged_by_crew': 2, 'init_detect_by': 'OGI', 'init_detect_date': datetime.datetime(2018, 5, 5, 10, 30), 'requires_shutdown': False, 'date_repaired': datetime.datetime(2018, 5, 21, 16, 0), 'repair_delay': 16, 'OGI_sp_covered': 1}, {'leak_ID': 'ABRAND00727_0000000002', 'facility_ID': 'ABRAND00727', 'equipment_group': 2, 'rate': 0.16067905050822623, 'lat': 52.24, 'lon': -114.81, 'status': 'repaired', 'days_active': 31, 'days_active_prog_start': 0, 'tagged': True, 'component': 'unknown', 'date_began': datetime.datetime(2019, 6, 19, 0, 0), 'date_tagged': datetime.datetime(2019, 7, 4, 10, 30), 'tagged_by_company': 'OGI', 'tagged_by_crew': 2, 'init_detect_by': 'OGI', 'init_detect_date': datetime.datetime(2019, 7, 4, 10, 30), 'requires_shutdown': False, 'date_repaired': datetime.datetime(2019, 7, 20, 16, 0), 'repair_delay': 16, 'OGI_sp_covered': 1}, {'leak_ID': 'ABRAND00727_0000000003', 'facility_ID': 'ABRAND00727', 'equipment_group': 2, 'rate': 0.0028460015301976956, 'lat': 52.24, 'lon': -114.81, 'status': 'repaired', 'days_active': 120, 'days_active_prog_start': 0, 'tagged': True, 'component': 'unknown', 'date_began': datetime.datetime(2020, 4, 5, 0, 0), 'date_tagged': datetime.datetime(2020, 8, 3, 0, 0), 'tagged_by_company': 'natural', 'tagged_by_crew': 1, 'init_detect_by': 'natural', 'init_detect_date': datetime.datetime(2020, 8, 3, 0, 0), 'requires_shutdown': False, 'date_repaired': datetime.datetime(2020, 8, 3, 16, 0), 'repair_delay': 0, 'OGI_sp_covered': 1}, {'leak_ID': 'ABRAND00727_0000000004', 'facility_ID': 'ABRAND00727', 'equipment_group': 2, 'rate': 0.003866743625242246, 'lat': 52.24, 'lon': -114.81, 'status': 'repaired', 'days_active': 120, 'days_active_prog_start': 0, 'tagged': True, 'component': 'unknown', 'date_began': datetime.datetime(2020, 4, 29, 0, 0), 'date_tagged': datetime.datetime(2020, 8, 27, 0, 0), 'tagged_by_company': 'natural', 'tagged_by_crew': 1, 'init_detect_by': 'natural', 'init_detect_date': datetime.datetime(2020, 8, 27, 0, 0), 'requires_shutdown': False, 'date_repaired': datetime.datetime(2020, 8, 27, 0, 0), 'repair_delay': 0, 'OGI_sp_covered': 1}, {'leak_ID': 'ABRAND00727_0000000005', 'facility_ID': 'ABRAND00727', 'equipment_group': 1, 'rate': 0.0021600867443427397, 'lat': 52.24, 'lon': -114.81, 'status': 'repaired', 'days_active': 120, 'days_active_prog_start': 0, 'tagged': True, 'component': 'unknown', 'date_began': datetime.datetime(2021, 2, 14, 0, 0), 'date_tagged': datetime.datetime(2021, 6, 14, 0, 0), 'tagged_by_company': 'natural', 'tagged_by_crew': 1, 'init_detect_by': 'natural', 'init_detect_date': datetime.datetime(2021, 6, 14, 0, 0), 'requires_shutdown': False, 'date_repaired': datetime.datetime(2021, 6, 14, 16, 0), 'repair_delay': 0, 'OGI_sp_covered': 1}]",[],1,False,,,,3,4,60,30,False,6,6,0,6,0.0,1172.6261390394359,0.08016032064128256,0.30972365491275294,0.6425348707065403
ABRAND01046,601,56.22,-113.0,5,6,2,2,2,120,1,30,20,120,1,lognorm,0.062287158377333125,[1.462],"['kilogram', 'hour']",<scipy.stats._distn_infrastructure.rv_frozen object at 0x000002073C01D1C8>,0,9,60,1859.715756293885,[],"[{'leak_ID': 'ABRAND01046_0000000000', 'facility_ID': 'ABRAND01046', 'equipment_group': 2, 'rate': 0.02299186303884359, 'lat': 56.22, 'lon': -113.0, 'status': 'repaired', 'days_active': 120, 'days_active_prog_start': 0, 'tagged': True, 'component': 'unknown', 'date_began': datetime.datetime(2017, 2, 15, 0, 0), 'date_tagged': datetime.datetime(2017, 6, 15, 0, 0), 'tagged_by_company': 'natural', 'tagged_by_crew': 1, 'init_detect_by': 'natural', 'init_detect_date': datetime.datetime(2017, 6, 15, 0, 0), 'requires_shutdown': False, 'date_repaired': datetime.datetime(2017, 6, 15, 16, 0), 'repair_delay': 0, 'OGI_sp_covered': 1}, {'leak_ID': 'ABRAND01046_0000000001', 'facility_ID': 'ABRAND01046', 'equipment_group': 5, 'rate': 0.005033765703035707, 'lat': 56.22, 'lon': -113.0, 'status': 'repaired', 'days_active': 120, 'days_active_prog_start': 0, 'tagged': True, 'component': 'unknown', 'date_began': datetime.datetime(2017, 4, 6, 0, 0), 'date_tagged': datetime.datetime(2017, 8, 4, 0, 0), 'tagged_by_company': 'natural', 'tagged_by_crew': 1, 'init_detect_by': 'natural', 'init_detect_date': datetime.datetime(2017, 8, 4, 0, 0), 'requires_shutdown': False, 'date_repaired': datetime.datetime(2017, 8, 4, 16, 0), 'repair_delay': 0, 'OGI_sp_covered': 1}, {'leak_ID': 'ABRAND01046_0000000002', 'facility_ID': 'ABRAND01046', 'equipment_group': 2, 'rate': 0.00611282216441799, 'lat': 56.22, 'lon': -113.0, 'status': 'repaired', 'days_active': 120, 'days_active_prog_start': 0, 'tagged': True, 'component': 'unknown', 'date_began': datetime.datetime(2017, 11, 3, 0, 0), 'date_tagged': datetime.datetime(2018, 3, 3, 0, 0), 'tagged_by_company': 'natural', 'tagged_by_crew': 1, 'init_detect_by': 'natural', 'init_detect_date': datetime.datetime(2018, 3, 3, 0, 0), 'requires_shutdown': False, 'date_repaired': datetime.datetime(2018, 3, 3, 16, 0), 'repair_delay': 0, 'OGI_sp_covered': 1}, {'leak_ID': 'ABRAND01046_0000000003', 'facility_ID': 'ABRAND01046', 'equipment_group': 3, 'rate': 0.0042528160549804486, 'lat': 56.22, 'lon': -113.0, 'status': 'repaired', 'days_active': 120, 'days_active_prog_start': 0, 'tagged': True, 'component': 'unknown', 'date_began': datetime.datetime(2018, 6, 30, 0, 0), 'date_tagged': datetime.datetime(2018, 10, 28, 0, 0), 'tagged_by_company': 'natural', 'tagged_by_crew': 1, 'init_detect_by': 'natural', 'init_detect_date': datetime.datetime(2018, 10, 28, 0, 0), 'requires_shutdown': False, 'date_repaired': datetime.datetime(2018, 10, 28, 0, 0), 'repair_delay': 0, 'OGI_sp_covered': 1}, {'leak_ID': 'ABRAND01046_0000000004', 'facility_ID': 'ABRAND01046', 'equipment_group': 4, 'rate': 0.010549426911937231, 'lat': 56.22, 'lon': -113.0, 'status': 'repaired', 'days_active': 120, 'days_active_prog_start': 0, 'tagged': True, 'component': 'unknown', 'date_began': datetime.datetime(2018, 7, 17, 0, 0), 'date_tagged': datetime.datetime(2018, 11, 14, 0, 0), 'tagged_by_company': 'natural', 'tagged_by_crew': 1, 'init_detect_by': 'natural', 'init_detect_date': datetime.datetime(2018, 11, 14, 0, 0), 'requires_shutdown': False, 'date_repaired': datetime.datetime(2018, 11, 14, 16, 0), 'repair_delay': 0, 'OGI_sp_covered': 1}, {'leak_ID': 'ABRAND01046_0000000005', 'facility_ID': 'ABRAND01046', 'equipment_group': 2, 'rate': 0.07818235485677719, 'lat': 56.22, 'lon': -113.0, 'status': 'repaired', 'days_active': 120, 'days_active_prog_start': 0, 'tagged': True, 'component': 'unknown', 'date_began': datetime.datetime(2019, 7, 6, 0, 0), 'date_tagged': datetime.datetime(2019, 11, 3, 0, 0), 'tagged_by_company': 'natural', 'tagged_by_crew': 3, 'init_detect_by': 'OGI', 'init_detect_date': datetime.datetime(2019, 11, 1, 10, 30), 'requires_shutdown': False, 'date_repaired': datetime.datetime(2019, 11, 3, 16, 0), 'repair_delay': 0, 'OGI_sp_covered': 1}, {'leak_ID': 'ABRAND01046_0000000006', 'facility_ID': 'ABRAND01046', 'equipment_group': 2, 'rate': 0.005297533327646376, 'lat': 56.22, 'lon': -113.0, 'status': 'repaired', 'days_active': 120, 'days_active_prog_start': 0, 'tagged': True, 'component': 'unknown', 'date_began': datetime.datetime(2019, 7, 22, 0, 0), 'date_tagged': datetime.datetime(2019, 11, 19, 0, 0), 'tagged_by_company': 'natural', 'tagged_by_crew': 1, 'init_detect_by': 'natural', 'init_detect_date': datetime.datetime(2019, 11, 19, 0, 0), 'requires_shutdown': False, 'date_repaired': datetime.datetime(2019, 11, 19, 16, 0), 'repair_delay': 0, 'OGI_sp_covered': 1}, {'leak_ID': 'ABRAND01046_0000000007', 'facility_ID': 'ABRAND01046', 'equipment_group': 4, 'rate': 0.008544553657115692, 'lat': 56.22, 'lon': -113.0, 'status': 'repaired', 'days_active': 120, 'days_active_prog_start': 0, 'tagged': True, 'component': 'unknown', 'date_began': datetime.datetime(2019, 10, 12, 0, 0), 'date_tagged': datetime.datetime(2020, 2, 9, 0, 0), 'tagged_by_company': 'natural', 'tagged_by_crew': 1, 'init_detect_by': 'natural', 'init_detect_date': datetime.datetime(2020, 2, 9, 0, 0), 'requires_shutdown': False, 'date_repaired': datetime.datetime(2020, 2, 9, 16, 0), 'repair_delay': 0, 'OGI_sp_covered': 1}, {'leak_ID': 'ABRAND01046_0000000008', 'facility_ID': 'ABRAND01046', 'equipment_group': 4, 'rate': 0.05120746260330675, 'lat': 56.22, 'lon': -113.0, 'status': 'repaired', 'days_active': 90, 'days_active_prog_start': 0, 'tagged': True, 'component': 'unknown', 'date_began': datetime.datetime(2021, 8, 19, 0, 0), 'date_tagged': datetime.datetime(2021, 11, 1, 10, 30), 'tagged_by_company': 'OGI', 'tagged_by_crew': 3, 'init_detect_by': 'OGI', 'init_detect_date': datetime.datetime(2021, 11, 1, 10, 30), 'requires_shutdown': False, 'date_repaired': datetime.datetime(2021, 11, 17, 16, 0), 'repair_delay': 16, 'OGI_sp_covered': 1}]",[],0,False,,,,1,4,60,30,False,6,11,0,9,0.0,1859.715756293885,0.08216432865731463,0.31405283289746655,1.0190223322158274
ABRAND00706,311,52.3,-114.95,4,6,2,2,2,120,1,30,20,120,1,lognorm,0.062287158377333125,[1.462],"['kilogram', 'hour']",<scipy.stats._distn_infrastructure.rv_frozen object at 0x000002073C01D1C8>,0,2,60,312.72823223627125,[],"[{'leak_ID': 'ABRAND00706_0000000000', 'facility_ID': 'ABRAND00706', 'equipment_group': 4, 'rate': 0.017876083600495984, 'lat': 52.3, 'lon': -114.95, 'status': 'repaired', 'days_active': 120, 'days_active_prog_start': 0, 'tagged': True, 'component': 'unknown', 'date_began': datetime.datetime(2017, 1, 28, 0, 0), 'date_tagged': datetime.datetime(2017, 5, 28, 0, 0), 'tagged_by_company': 'natural', 'tagged_by_crew': 1, 'init_detect_by': 'natural', 'init_detect_date': datetime.datetime(2017, 5, 28, 0, 0), 'requires_shutdown': False, 'date_repaired': datetime.datetime(2017, 5, 28, 16, 0), 'repair_delay': 0, 'OGI_sp_covered': 1}, {'leak_ID': 'ABRAND00706_0000000001', 'facility_ID': 'ABRAND00706', 'equipment_group': 4, 'rate': 0.05265748903204731, 'lat': 52.3, 'lon': -114.95, 'status': 'repaired', 'days_active': 28, 'days_active_prog_start': 0, 'tagged': True, 'component': 'unknown', 'date_began': datetime.datetime(2017, 8, 21, 0, 0), 'date_tagged': datetime.datetime(2017, 9, 2, 13, 0), 'tagged_by_company': 'OGI', 'tagged_by_crew': 1, 'init_detect_by': 'OGI', 'init_detect_date': datetime.datetime(2017, 9, 2, 13, 0), 'requires_shutdown': False, 'date_repaired': datetime.datetime(2017, 9, 18, 16, 0), 'repair_delay': 16, 'OGI_sp_covered': 1}]",[],0,False,,,,3,4,60,30,False,6,1,0,2,0.0,312.72823223627125,0.0841683366733467,0.3183081185944813,0.17135793547192946
ABRAND01039,601,53.87,-113.14,1,6,2,2,2,120,1,30,20,120,1,lognorm,0.062287158377333125,[1.462],"['kilogram', 'hour']",<scipy.stats._distn_infrastructure.rv_frozen object at 0x000002073C01D1C8>,1,5,60,874.068571485285,[],"[{'leak_ID': 'ABRAND01039_0000000001', 'facility_ID': 'ABRAND01039', 'equipment_group': 1, 'rate': 0.0002556049719846903, 'lat': 53.87, 'lon': -113.14, 'status': 'repaired', 'days_active': 120, 'days_active_prog_start': 93, 'tagged': True, 'component': 'unknown', 'date_began': datetime.datetime(2016, 9, 30, 0, 0), 'date_tagged': datetime.datetime(2017, 1, 27, 0, 0), 'tagged_by_company': 'natural', 'tagged_by_crew': 1, 'init_detect_by': 'natural', 'init_detect_date': datetime.datetime(2017, 1, 27, 0, 0), 'requires_shutdown': False, 'date_repaired': datetime.datetime(2017, 1, 27, 16, 0), 'repair_delay': 0, 'OGI_sp_covered': 0}, {'leak_ID': 'ABRAND01039_0000000001', 'facility_ID': 'ABRAND01039', 'equipment_group': 1, 'rate': 0.08562799872996142, 'lat': 53.87, 'lon': -113.14, 'status': 'repaired', 'days_active': 52, 'days_active_prog_start': 0, 'tagged': True, 'component': 'unknown', 'date_began': datetime.datetime(2018, 1, 29, 0, 0), 'date_tagged': datetime.datetime(2018, 3, 6, 13, 0), 'tagged_by_company': 'OGI', 'tagged_by_crew': 2, 'init_detect_by': 'OGI', 'init_detect_date': datetime.datetime(2018, 3, 6, 13, 0), 'requires_shutdown': False, 'date_repaired': datetime.datetime(2018, 3, 22, 16, 0), 'repair_delay': 16, 'OGI_sp_covered': 1}, {'leak_ID': 'ABRAND01039_0000000002', 'facility_ID': 'ABRAND01039', 'equipment_group': 1, 'rate': 0.004402745234929731, 'lat': 53.87, 'lon': -113.14, 'status': 'repaired', 'days_active': 120, 'days_active_prog_start': 0, 'tagged': True, 'component': 'unknown', 'date_began': datetime.datetime(2018, 3, 6, 0, 0), 'date_tagged': datetime.datetime(2018, 7, 4, 0, 0), 'tagged_by_company': 'natural', 'tagged_by_crew': 1, 'init_detect_by': 'natural', 'init_detect_date': datetime.datetime(2018, 7, 4, 0, 0), 'requires_shutdown': False, 'date_repaired': datetime.datetime(2018, 7, 4, 16, 0), 'repair_delay': 0, 'OGI_sp_covered': 1}, {'leak_ID': 'ABRAND01039_0000000003', 'facility_ID': 'ABRAND01039', 'equipment_group': 1, 'rate': 0.012011206329284667, 'lat': 53.87, 'lon': -113.14, 'status': 'repaired', 'days_active': 120, 'days_active_prog_start': 0, 'tagged': True, 'component': 'unknown', 'date_began': datetime.datetime(2018, 4, 29, 0, 0), 'date_tagged': datetime.datetime(2018, 8, 27, 0, 0), 'tagged_by_company': 'natural', 'tagged_by_crew': 1, 'init_detect_by': 'natural', 'init_detect_date': datetime.datetime(2018, 8, 27, 0, 0), 'requires_shutdown': False, 'date_repaired': datetime.datetime(2018, 8, 27, 0, 0), 'repair_delay': 0, 'OGI_sp_covered': 1}, {'leak_ID': 'ABRAND01039_0000000004', 'facility_ID': 'ABRAND01039', 'equipment_group': 1, 'rate': 0.030727524469029086, 'lat': 53.87, 'lon': -113.14, 'status': 'repaired', 'days_active': 120, 'days_active_prog_start': 0, 'tagged': True, 'component': 'unknown', 'date_began': datetime.datetime(2020, 10, 17, 0, 0), 'date_tagged': datetime.datetime(2021, 2, 14, 0, 0), 'tagged_by_company': 'natural', 'tagged_by_crew': 1, 'init_detect_by': 'natural', 'init_detect_date': datetime.datetime(2021, 2, 14, 0, 0), 'requires_shutdown': False, 'date_repaired': datetime.datetime(2021, 2, 14, 16, 0), 'repair_delay': 0, 'OGI_sp_covered': 1}]",[],1,False,,,,2,4,60,30,False,6,6,0,5,0.0,874.068571485285,0.08617234468937876,0.322544900784427,0.4789416830056356
ABRAND00884,351,52.33,-114.28,3,6,2,2,2,120,1,30,20,120,1,lognorm,0.062287158377333125,[1.462],"['kilogram', 'hour']",<scipy.stats._distn_infrastructure.rv_frozen object at 0x000002073C01D1C8>,2,7,60,871.6503179548025,[],"[{'leak_ID': 'ABRAND00884_0000000001', 'facility_ID': 'ABRAND00884', 'equipment_group': 1, 'rate': 0.04166900807319952, 'lat': 52.33, 'lon': -114.28, 'status': 'repaired', 'days_active': 120, 'days_active_prog_start': 104, 'tagged': True, 'component': 'unknown', 'date_began': datetime.datetime(2016, 9, 19, 0, 0), 'date_tagged': datetime.datetime(2017, 1, 16, 0, 0), 'tagged_by_company': 'natural', 'tagged_by_crew': 3, 'init_detect_by': 'OGI', 'init_detect_date': datetime.datetime(2017, 1, 5, 13, 0), 'requires_shutdown': False, 'date_repaired': datetime.datetime(2017, 1, 16, 16, 0), 'repair_delay': 0, 'OGI_sp_covered': 1}, {'leak_ID': 'ABRAND00884_0000000002', 'facility_ID': 'ABRAND00884', 'equipment_group': 1, 'rate': 0.13613073235783227, 'lat': 52.33, 'lon': -114.28, 'status': 'repaired', 'days_active': 81, 'days_active_prog_start': 60, 'tagged': True, 'component': 'unknown', 'date_began': datetime.datetime(2016, 11, 2, 0, 0), 'date_tagged': datetime.datetime(2017, 1, 5, 13, 0), 'tagged_by_company': 'OGI', 'tagged_by_crew': 3, 'init_detect_by': 'OGI', 'init_detect_date': datetime.datetime(2017, 1, 5, 13, 0), 'requires_shutdown': False, 'date_repaired': datetime.datetime(2017, 1, 21, 16, 0), 'repair_delay': 16, 'OGI_sp_covered': 1}, {'leak_ID': 'ABRAND00884_0000000002', 'facility_ID': 'ABRAND00884', 'equipment_group': 3, 'rate': 0.02587525971897821, 'lat': 52.33, 'lon': -114.28, 'status': 'repaired', 'days_active': 120, 'days_active_prog_start': 0, 'tagged': True, 'component': 'unknown', 'date_began': datetime.datetime(2017, 3, 11, 0, 0), 'date_tagged': datetime.datetime(2017, 7, 9, 0, 0), 'tagged_by_company': 'natural', 'tagged_by_crew': 1, 'init_detect_by': 'natural', 'init_detect_date': datetime.datetime(2017, 7, 9, 0, 0), 'requires_shutdown': False, 'date_repaired': datetime.datetime(2017, 7, 9, 16, 0), 'repair_delay': 0, 'OGI_sp_covered': 1}, {'leak_ID': 'ABRAND00884_0000000003', 'facility_ID': 'ABRAND00884', 'equipment_group': 2, 'rate': 0.004302928878424508, 'lat': 52.33, 'lon': -114.28, 'status': 'repaired', 'days_active': 120, 'days_active_prog_start': 0, 'tagged': True, 'component': 'unknown', 'date_began': datetime.datetime(2017, 12, 13, 0, 0), 'date_tagged': datetime.datetime(2018, 4, 12, 0, 0), 'tagged_by_company': 'natural', 'tagged_by_crew': 1, 'init_detect_by': 'natural', 'init_detect_date': datetime.datetime(2018, 4, 12, 0, 0), 'requires_shutdown': False, 'date_repaired': datetime.datetime(2018, 4, 12, 16, 0), 'repair_delay': 0, 'OGI_sp_covered': 1}, {'leak_ID': 'ABRAND00884_0000000004', 'facility_ID': 'ABRAND00884', 'equipment_group': 3, 'rate': 0.008569615447632125, 'lat': 52.33, 'lon': -114.28, 'status': 'repaired', 'days_active': 120, 'days_active_prog_start': 0, 'tagged': True, 'component': 'unknown', 'date_began': datetime.datetime(2019, 6, 3, 0, 0), 'date_tagged': datetime.datetime(2019, 10, 1, 0, 0), 'tagged_by_company': 'natural', 'tagged_by_crew': 1, 'init_detect_by': 'natural', 'init_detect_date': datetime.datetime(2019, 10, 1, 0, 0), 'requires_shutdown': False, 'date_repaired': datetime.datetime(2019, 10, 1, 16, 0), 'repair_delay': 0, 'OGI_sp_covered': 1}, {'leak_ID': 'ABRAND00884_0000000005', 'facility_ID': 'ABRAND00884', 'equipment_group': 3, 'rate': 0.013578582465188862, 'lat': 52.33, 'lon': -114.28, 'status': 'repaired', 'days_active': 120, 'days_active_prog_start': 0, 'tagged': True, 'component': 'unknown', 'date_began': datetime.datetime(2019, 12, 1, 0, 0), 'date_tagged': datetime.datetime(2020, 3, 30, 0, 0), 'tagged_by_company': 'natural', 'tagged_by_crew': 1, 'init_detect_by': 'natural', 'init_detect_date': datetime.datetime(2020, 3, 30, 0, 0), 'requires_shutdown': False, 'date_repaired': datetime.datetime(2020, 3, 30, 16, 0), 'repair_delay': 0, 'OGI_sp_covered': 1}, {'leak_ID': 'ABRAND00884_0000000006', 'facility_ID': 'ABRAND00884', 'equipment_group': 2, 'rate': 0.0023660788065549025, 'lat': 52.33, 'lon': -114.28, 'status': 'repaired', 'days_active': 120, 'days_active_prog_start': 0, 'tagged': True, 'component': 'unknown', 'date_began': datetime.datetime(2020, 9, 10, 0, 0), 'date_tagged': datetime.datetime(2021, 1, 8, 0, 0), 'tagged_by_company': 'natural', 'tagged_by_crew': 1, 'init_detect_by': 'natural', 'init_detect_date': datetime.datetime(2021, 1, 8, 0, 0), 'requires_shutdown': False, 'date_repaired': datetime.datetime(2021, 1, 8, 16, 0), 'repair_delay': 0, 'OGI_sp_covered': 1}]",[],2,False,,,,3,4,60,30,False,6,9,0,7,0.0,871.6503179548025,0.08817635270541083,0.32669453141527577,0.477616612577974
ABRAND00374,351,52.92,-116.07,2,6,2,2,2,120,1,30,20,120,1,lognorm,0.062287158377333125,[1.462],"['kilogram', 'hour']",<scipy.stats._distn_infrastructure.rv_frozen object at 0x000002073C01D1C8>,1,3,60,505.3310649985147,"[{'leak_ID': 'ABRAND00374_0000000002', 'facility_ID': 'ABRAND00374', 'equipment_group': 1, 'rate': 0.06510241893103545, 'lat': 52.92, 'lon': -116.07, 'status': 'active', 'days_active': 17, 'days_active_prog_start': 0, 'tagged': False, 'component': 'unknown', 'date_began': datetime.datetime(2021, 12, 13, 0, 0), 'date_tagged': None, 'tagged_by_company': None, 'tagged_by_crew': None, 'init_detect_by': None, 'init_detect_date': None, 'requires_shutdown': False, 'date_repaired': None, 'repair_delay': None}]","[{'leak_ID': 'ABRAND00374_0000000001', 'facility_ID': 'ABRAND00374', 'equipment_group': 2, 'rate': 0.04646270284609402, 'lat': 52.92, 'lon': -116.07, 'status': 'repaired', 'days_active': 35, 'days_active_prog_start': 13, 'tagged': True, 'component': 'unknown', 'date_began': datetime.datetime(2016, 12, 19, 0, 0), 'date_tagged': datetime.datetime(2017, 1, 6, 8, 0), 'tagged_by_company': 'OGI', 'tagged_by_crew': 1, 'init_detect_by': 'OGI', 'init_detect_date': datetime.datetime(2017, 1, 6, 8, 0), 'requires_shutdown': False, 'date_repaired': datetime.datetime(2017, 1, 22, 16, 0), 'repair_delay': 16, 'OGI_sp_covered': 1}, {'leak_ID': 'ABRAND00374_0000000001', 'facility_ID': 'ABRAND00374', 'equipment_group': 1, 'rate': 0.03099848828151565, 'lat': 52.92, 'lon': -116.07, 'status': 'repaired', 'days_active': 120, 'days_active_prog_start': 0, 'tagged': True, 'component': 'unknown', 'date_began': datetime.datetime(2021, 8, 11, 0, 0), 'date_tagged': datetime.datetime(2021, 12, 9, 0, 0), 'tagged_by_company': 'natural', 'tagged_by_crew': 1, 'init_detect_by': 'natural', 'init_detect_date': datetime.datetime(2021, 12, 9, 0, 0), 'requires_shutdown': False, 'date_repaired': datetime.datetime(2021, 12, 9, 16, 0), 'repair_delay': 0, 'OGI_sp_covered': 1}]",[],1,False,,,,2,4,59,30,False,6,0,1,2,95.62243292590487,409.7086320726098,0.09018036072144289,0.33082971283637314,0.27689373424576147
ABRAND00124,601,54.83,-119.3,3,6,2,2,2,120,1,30,20,120,1,lognorm,0.062287158377333125,[1.462],"['kilogram', 'hour']",<scipy.stats._distn_infrastructure.rv_frozen object at 0x000002073C01D1C8>,0,5,60,835.7336115198191,[],"[{'leak_ID': 'ABRAND00124_0000000000', 'facility_ID': 'ABRAND00124', 'equipment_group': 1, 'rate': 0.030495122852875558, 'lat': 54.83, 'lon': -119.3, 'status': 'repaired', 'days_active': 120, 'days_active_prog_start': 0, 'tagged': True, 'component': 'unknown', 'date_began': datetime.datetime(2018, 1, 2, 0, 0), 'date_tagged': datetime.datetime(2018, 5, 2, 0, 0), 'tagged_by_company': 'natural', 'tagged_by_crew': 1, 'init_detect_by': 'natural', 'init_detect_date': datetime.datetime(2018, 5, 2, 0, 0), 'requires_shutdown': False, 'date_repaired': datetime.datetime(2018, 5, 2, 16, 0), 'repair_delay': 0, 'OGI_sp_covered': 1}, {'leak_ID': 'ABRAND00124_0000000001', 'facility_ID': 'ABRAND00124', 'equipment_group': 1, 'rate': 0.020799493111068636, 'lat': 54.83, 'lon': -119.3, 'status': 'repaired', 'days_active': 120, 'days_active_prog_start': 0, 'tagged': True, 'component': 'unknown', 'date_began': datetime.datetime(2018, 3, 31, 0, 0), 'date_tagged': datetime.datetime(2018, 7, 29, 0, 0), 'tagged_by_company': 'natural', 'tagged_by_crew': 1, 'init_detect_by': 'natural', 'init_detect_date': datetime.datetime(2018, 7, 29, 0, 0), 'requires_shutdown': False, 'date_repaired': datetime.datetime(2018, 7, 29, 16, 0), 'repair_delay': 0, 'OGI_sp_covered': 1}, {'leak_ID': 'ABRAND00124_0000000002', 'facility_ID': 'ABRAND00124', 'equipment_group': 2, 'rate': 0.010149208065909273, 'lat': 54.83, 'lon': -119.3, 'status': 'repaired', 'days_active': 120, 'days_active_prog_start': 0, 'tagged': True, 'component': 'unknown', 'date_began': datetime.datetime(2018, 6, 24, 0, 0), 'date_tagged': datetime.datetime(2018, 10, 22, 0, 0), 'tagged_by_company': 'natural', 'tagged_by_crew': 1, 'init_detect_by': 'natural', 'init_detect_date': datetime.datetime(2018, 10, 22, 0, 0), 'requires_shutdown': False, 'date_repaired': datetime.datetime(2018, 10, 22, 16, 0), 'repair_delay': 0, 'OGI_sp_covered': 0}, {'leak_ID': 'ABRAND00124_0000000003', 'facility_ID': 'ABRAND00124', 'equipment_group': 1, 'rate': 0.05569126586835057, 'lat': 54.83, 'lon': -119.3, 'status': 'repaired', 'days_active': 30, 'days_active_prog_start': 0, 'tagged': True, 'component': 'unknown', 'date_began': datetime.datetime(2020, 4, 21, 0, 0), 'date_tagged': datetime.datetime(2020, 5, 5, 8, 0), 'tagged_by_company': 'OGI', 'tagged_by_crew': 2, 'init_detect_by': 'OGI', 'init_detect_date': datetime.datetime(2020, 5, 5, 8, 0), 'requires_shutdown': False, 'date_repaired': datetime.datetime(2020, 5, 21, 16, 0), 'repair_delay': 16, 'OGI_sp_covered': 1}, {'leak_ID': 'ABRAND00124_0000000004', 'facility_ID': 'ABRAND00124', 'equipment_group': 2, 'rate': 0.005240382219090833, 'lat': 54.83, 'lon': -119.3, 'status': 'repaired', 'days_active': 120, 'days_active_prog_start': 0, 'tagged': True, 'component': 'unknown', 'date_began': datetime.datetime(2020, 10, 26, 0, 0), 'date_tagged': datetime.datetime(2021, 2, 23, 0, 0), 'tagged_by_company': 'natural', 'tagged_by_crew': 1, 'init_detect_by': 'natural', 'init_detect_date': datetime.datetime(2021, 2, 23, 0, 0), 'requires_shutdown': False, 'date_repaired': datetime.datetime(2021, 2, 23, 16, 0), 'repair_delay': 0, 'OGI_sp_covered': 0}]",[],0,False,,,,2,4,59,30,False,6,5,0,5,0.0,835.7336115198191,0.09218436873747494,0.3348848801618144,0.4579362254903118
ABRAND00842,501,52.12,-114.38,1,6,2,2,2,120,1,30,20,120,1,lognorm,0.062287158377333125,[1.462],"['kilogram', 'hour']",<scipy.stats._distn_infrastructure.rv_frozen object at 0x000002073C01D1C8>,0,4,60,499.76007766490835,[],"[{'leak_ID': 'ABRAND00842_0000000000', 'facility_ID': 'ABRAND00842', 'equipment_group': 1, 'rate': 0.09161081436766033, 'lat': 52.12, 'lon': -114.38, 'status': 'repaired', 'days_active': 17, 'days_active_prog_start': 0, 'tagged': True, 'component': 'unknown', 'date_began': datetime.datetime(2017, 7, 4, 0, 0), 'date_tagged': datetime.datetime(2017, 7, 5, 8, 0), 'tagged_by_company': 'OGI', 'tagged_by_crew': 3, 'init_detect_by': 'OGI', 'init_detect_date': datetime.datetime(2017, 7, 5, 8, 0), 'requires_shutdown': False, 'date_repaired': datetime.datetime(2017, 7, 21, 16, 0), 'repair_delay': 16, 'OGI_sp_covered': 1}, {'leak_ID': 'ABRAND00842_0000000001', 'facility_ID': 'ABRAND00842', 'equipment_group': 1, 'rate': 0.014348957643922067, 'lat': 52.12, 'lon': -114.38, 'status': 'repaired', 'days_active': 120, 'days_active_prog_start': 0, 'tagged': True, 'component': 'unknown', 'date_began': datetime.datetime(2017, 10, 9, 0, 0), 'date_tagged': datetime.datetime(2018, 2, 6, 0, 0), 'tagged_by_company': 'natural', 'tagged_by_crew': 1, 'init_detect_by': 'natural', 'init_detect_date': datetime.datetime(2018, 2, 6, 0, 0), 'requires_shutdown': False, 'date_repaired': datetime.datetime(2018, 2, 6, 16, 0), 'repair_delay': 0, 'OGI_sp_covered': 1}, {'leak_ID': 'ABRAND00842_0000000002', 'facility_ID': 'ABRAND00842', 'equipment_group': 1, 'rate': 0.01222419758118771, 'lat': 52.12, 'lon': -114.38, 'status': 'repaired', 'days_active': 120, 'days_active_prog_start': 0, 'tagged': True, 'component': 'unknown', 'date_began': datetime.datetime(2017, 10, 13, 0, 0), 'date_tagged': datetime.datetime(2018, 2, 10, 0, 0), 'tagged_by_company': 'natural', 'tagged_by_crew': 1, 'init_detect_by': 'natural', 'init_detect_date': datetime.datetime(2018, 2, 10, 0, 0), 'requires_shutdown': False, 'date_repaired': datetime.datetime(2018, 2, 10, 16, 0), 'repair_delay': 0, 'OGI_sp_covered': 1}, {'leak_ID': 'ABRAND00842_0000000003', 'facility_ID': 'ABRAND00842', 'equipment_group': 1, 'rate': 0.008650814057460517, 'lat': 52.12, 'lon': -114.38, 'status': 'repaired', 'days_active': 120, 'days_active_prog_start': 0, 'tagged': True, 'component': 'unknown', 'date_began': datetime.datetime(2017, 11, 15, 0, 0), 'date_tagged': datetime.datetime(2018, 3, 15, 0, 0), 'tagged_by_company': 'natural', 'tagged_by_crew': 1, 'init_detect_by': 'natural', 'init_detect_date': datetime.datetime(2018, 3, 15, 0, 0), 'requires_shutdown': False, 'date_repaired': datetime.datetime(2018, 3, 15, 16, 0), 'repair_delay': 0, 'OGI_sp_covered': 1}]",[],0,False,,,,3,4,59,30,False,6,5,0,4,0.0,499.76007766490835,0.09418837675350701,0.3388306696420702,0.27384113844652513
ABRAND00934,351,52.45,-114.18,5,6,2,2,2,120,1,30,20,120,1,lognorm,0.062287158377333125,[1.462],"['kilogram', 'hour']",<scipy.stats._distn_infrastructure.rv_frozen object at 0x000002073C01D1C8>,0,4,60,845.2654601246855,[],"[{'leak_ID': 'ABRAND00934_0000000000', 'facility_ID': 'ABRAND00934', 'equipment_group': 4, 'rate': 0.09924078488448039, 'lat': 52.45, 'lon': -114.18, 'status': 'repaired', 'days_active': 85, 'days_active_prog_start': 0, 'tagged': True, 'component': 'unknown', 'date_began': datetime.datetime(2017, 12, 28, 0, 0), 'date_tagged': datetime.datetime(2018, 3, 7, 10, 30), 'tagged_by_company': 'OGI', 'tagged_by_crew': 1, 'init_detect_by': 'OGI', 'init_detect_date': datetime.datetime(2018, 3, 7, 10, 30), 'requires_shutdown': False, 'date_repaired': datetime.datetime(2018, 3, 23, 16, 0), 'repair_delay': 16, 'OGI_sp_covered': 1}, {'leak_ID': 'ABRAND00934_0000000001', 'facility_ID': 'ABRAND00934', 'equipment_group': 1, 'rate': 0.008204684496378387, 'lat': 52.45, 'lon': -114.18, 'status': 'repaired', 'days_active': 120, 'days_active_prog_start': 0, 'tagged': True, 'component': 'unknown', 'date_began': datetime.datetime(2019, 9, 10, 0, 0), 'date_tagged': datetime.datetime(2020, 1, 8, 0, 0), 'tagged_by_company': 'natural', 'tagged_by_crew': 1, 'init_detect_by': 'natural', 'init_detect_date': datetime.datetime(2020, 1, 8, 0, 0), 'requires_shutdown': False, 'date_repaired': datetime.datetime(2020, 1, 8, 16, 0), 'repair_delay': 0, 'OGI_sp_covered': 1}, {'leak_ID': 'ABRAND00934_0000000002', 'facility_ID': 'ABRAND00934', 'equipment_group': 4, 'rate': 0.0007485590100012662, 'lat': 52.45, 'lon': -114.18, 'status': 'repaired', 'days_active': 120, 'days_active_prog_start': 0, 'tagged': True, 'component': 'unknown', 'date_began': datetime.datetime(2020, 12, 23, 0, 0), 'date_tagged': datetime.datetime(2021, 4, 22, 0, 0), 'tagged_by_company': 'natural', 'tagged_by_crew': 1, 'init_detect_by': 'natural', 'init_detect_date': datetime.datetime(2021, 4, 22, 0, 0), 'requires_shutdown': False, 'date_repaired': datetime.datetime(2021, 4, 22, 16, 0), 'repair_delay': 0, 'OGI_sp_covered': 1}, {'leak_ID': 'ABRAND00934_0000000003', 'facility_ID': 'ABRAND00934', 'equipment_group': 3, 'rate': 0.002277575931608531, 'lat': 52.45, 'lon': -114.18, 'status': 'repaired', 'days_active': 120, 'days_active_prog_start': 0, 'tagged': True, 'component': 'unknown', 'date_began': datetime.datetime(2021, 3, 16, 0, 0), 'date_tagged': datetime.datetime(2021, 7, 14, 0, 0), 'tagged_by_company': 'natural', 'tagged_by_crew': 1, 'init_detect_by': 'natural', 'init_detect_date': datetime.datetime(2021, 7, 14, 0, 0), 'requires_shutdown': False, 'date_repaired': datetime.datetime(2021, 7, 14, 16, 0), 'repair_delay': 0, 'OGI_sp_covered': 1}]",[],0,False,,,,3,4,59,30,False,6,5,0,4,0.0,845.2654601246855,0.09619238476953908,0.3427476160631486,0.4631591562327044
ABRAND00619,361,52.9,-115.27,5,6,2,2,2,120,1,30,20,120,1,lognorm,0.062287158377333125,[1.462],"['kilogram', 'hour']",<scipy.stats._distn_infrastructure.rv_frozen object at 0x000002073C01D1C8>,0,6,60,1197.0784283900934,"[{'leak_ID': 'ABRAND00619_0000000004', 'facility_ID': 'ABRAND00619', 'equipment_group': 4, 'rate': 0.06542235137624049, 'lat': 52.9, 'lon': -115.27, 'status': 'active', 'days_active': 80, 'days_active_prog_start': 0, 'tagged': False, 'component': 'unknown', 'date_began': datetime.datetime(2021, 10, 11, 0, 0), 'date_tagged': None, 'tagged_by_company': None, 'tagged_by_crew': None, 'init_detect_by': None, 'init_detect_date': None, 'requires_shutdown': False, 'date_repaired': None, 'repair_delay': None, 'OGI_sp_covered': 1}, {'leak_ID': 'ABRAND00619_0000000005', 'facility_ID': 'ABRAND00619', 'equipment_group': 3, 'rate': 0.006508957798932522, 'lat': 52.9, 'lon': -115.27, 'status': 'active', 'days_active': 33, 'days_active_prog_start': 0, 'tagged': False, 'component': 'unknown', 'date_began': datetime.datetime(2021, 11, 27, 0, 0), 'date_tagged': None, 'tagged_by_company': None, 'tagged_by_crew': None, 'init_detect_by': None, 'init_detect_date': None, 'requires_shutdown': False, 'date_repaired': None, 'repair_delay': None}]","[{'leak_ID': 'ABRAND00619_0000000000', 'facility_ID': 'ABRAND00619', 'equipment_group': 2, 'rate': 0.05093357252291539, 'lat': 52.9, 'lon': -115.27, 'status': 'repaired', 'days_active': 70, 'days_active_prog_start': 0, 'tagged': True, 'component': 'unknown', 'date_began': datetime.datetime(2018, 9, 9, 0, 0), 'date_tagged': datetime.datetime(2018, 11, 2, 10, 30), 'tagged_by_company': 'OGI', 'tagged_by_crew': 2, 'init_detect_by': 'OGI', 'init_detect_date': datetime.datetime(2018, 11, 2, 10, 30), 'requires_shutdown': False, 'date_repaired': datetime.datetime(2018, 11, 18, 16, 0), 'repair_delay': 16, 'OGI_sp_covered': 1}, {'leak_ID': 'ABRAND00619_0000000001', 'facility_ID': 'ABRAND00619', 'equipment_group': 4, 'rate': 0.010850600810646411, 'lat': 52.9, 'lon': -115.27, 'status': 'repaired', 'days_active': 120, 'days_active_prog_start': 0, 'tagged': True, 'component': 'unknown', 'date_began': datetime.datetime(2019, 2, 26, 0, 0), 'date_tagged': datetime.datetime(2019, 6, 26, 0, 0), 'tagged_by_company': 'natural', 'tagged_by_crew': 1, 'init_detect_by': 'natural', 'init_detect_date': datetime.datetime(2019, 6, 26, 0, 0), 'requires_shutdown': False, 'date_repaired': datetime.datetime(2019, 6, 26, 13, 30), 'repair_delay': 0, 'OGI_sp_covered': 1}, {'leak_ID': 'ABRAND00619_0000000002', 'facility_ID': 'ABRAND00619', 'equipment_group': 3, 'rate': 0.010459906370492931, 'lat': 52.9, 'lon': -115.27, 'status': 'repaired', 'days_active': 120, 'days_active_prog_start': 0, 'tagged': True, 'component': 'unknown', 'date_began': datetime.datetime(2019, 3, 13, 0, 0), 'date_tagged': datetime.datetime(2019, 7, 11, 0, 0), 'tagged_by_company': 'natural', 'tagged_by_crew': 1, 'init_detect_by': 'natural', 'init_detect_date': datetime.datetime(2019, 7, 11, 0, 0), 'requires_shutdown': False, 'date_repaired': datetime.datetime(2019, 7, 11, 16, 0), 'repair_delay': 0, 'OGI_sp_covered': 1}, {'leak_ID': 'ABRAND00619_0000000003', 'facility_ID': 'ABRAND00619', 'equipment_group': 4, 'rate': 0.01903233122381923, 'lat': 52.9, 'lon': -115.27, 'status': 'repaired', 'days_active': 120, 'days_active_prog_start': 0, 'tagged': True, 'component': 'unknown', 'date_began': datetime.datetime(2020, 1, 14, 0, 0), 'date_tagged': datetime.datetime(2020, 5, 13, 0, 0), 'tagged_by_company': 'natural', 'tagged_by_crew': 1, 'init_detect_by': 'natural', 'init_detect_date': datetime.datetime(2020, 5, 13, 0, 0), 'requires_shutdown': False, 'date_repaired': datetime.datetime(2020, 5, 13, 16, 0), 'repair_delay': 0, 'OGI_sp_covered': 0}]",[],0,False,,,,2,4,59,30,False,6,4,2,4,470.7576331888907,726.3207952012028,0.09819639278557114,0.34653450234286526,0.6559333854192293
ABRAND01063,601,50.3,-112.77,3,6,2,2,2,120,1,30,20,120,1,lognorm,0.062287158377333125,[1.462],"['kilogram', 'hour']",<scipy.stats._distn_infrastructure.rv_frozen object at 0x000002073C01D1C8>,0,2,60,291.0607505063045,[],"[{'leak_ID': 'ABRAND01063_0000000000', 'facility_ID': 'ABRAND01063', 'equipment_group': 2, 'rate': 0.049295453319240755, 'lat': 50.3, 'lon': -112.77, 'status': 'repaired', 'days_active': 57, 'days_active_prog_start': 0, 'tagged': True, 'component': 'unknown', 'date_began': datetime.datetime(2019, 5, 25, 0, 0), 'date_tagged': datetime.datetime(2019, 7, 5, 10, 30), 'tagged_by_company': 'OGI', 'tagged_by_crew': 3, 'init_detect_by': 'OGI', 'init_detect_date': datetime.datetime(2019, 7, 5, 10, 30), 'requires_shutdown': False, 'date_repaired': datetime.datetime(2019, 7, 21, 16, 0), 'repair_delay': 16, 'OGI_sp_covered': 1}, {'leak_ID': 'ABRAND01063_0000000001', 'facility_ID': 'ABRAND01063', 'equipment_group': 3, 'rate': 0.004657648726823649, 'lat': 50.3, 'lon': -112.77, 'status': 'repaired', 'days_active': 120, 'days_active_prog_start': 0, 'tagged': True, 'component': 'unknown', 'date_began': datetime.datetime(2019, 6, 10, 0, 0), 'date_tagged': datetime.datetime(2019, 10, 8, 0, 0), 'tagged_by_company': 'natural', 'tagged_by_crew': 1, 'init_detect_by': 'natural', 'init_detect_date': datetime.datetime(2019, 10, 8, 0, 0), 'requires_shutdown': False, 'date_repaired': datetime.datetime(2019, 10, 8, 16, 0), 'repair_delay': 0, 'OGI_sp_covered': 1}]",[],0,False,,,,3,4,59,30,False,6,2,0,2,0.0,291.0607505063045,0.10020040080160321,0.35030678576462226,0.15948534274318055
ABRAND00026,601,55.07,-119.86,2,6,2,2,2,120,1,30,20,120,1,lognorm,0.062287158377333125,[1.462],"['kilogram', 'hour']",<scipy.stats._distn_infrastructure.rv_frozen object at 0x000002073C01D1C8>,0,7,60,905.5707265674124,[],"[{'leak_ID': 'ABRAND00026_0000000000', 'facility_ID': 'ABRAND00026', 'equipment_group': 1, 'rate': 0.04683452996338831, 'lat': 55.07, 'lon': -119.86, 'status': 'repaired', 'days_active': 28, 'days_active_prog_start': 0, 'tagged': True, 'component': 'unknown', 'date_began': datetime.datetime(2017, 6, 23, 0, 0), 'date_tagged': datetime.datetime(2017, 7, 5, 13, 0), 'tagged_by_company': 'OGI', 'tagged_by_crew': 1, 'init_detect_by': 'OGI', 'init_detect_date': datetime.datetime(2017, 7, 5, 13, 0), 'requires_shutdown': False, 'date_repaired': datetime.datetime(2017, 7, 21, 16, 0), 'repair_delay': 16, 'OGI_sp_covered': 1}, {'leak_ID': 'ABRAND00026_0000000001', 'facility_ID': 'ABRAND00026', 'equipment_group': 2, 'rate': 0.0004084693582247411, 'lat': 55.07, 'lon': -119.86, 'status': 'repaired', 'days_active': 120, 'days_active_prog_start': 0, 'tagged': True, 'component': 'unknown', 'date_began': datetime.datetime(2017, 7, 18, 0, 0), 'date_tagged': datetime.datetime(2017, 11, 15, 0, 0), 'tagged_by_company': 'natural', 'tagged_by_crew': 1, 'init_detect_by': 'natural', 'init_detect_date': datetime.datetime(2017, 11, 15, 0, 0), 'requires_shutdown': False, 'date_repaired': datetime.datetime(2017, 11, 15, 16, 0), 'repair_delay': 0, 'OGI_sp_covered': 1}, {'leak_ID': 'ABRAND00026_0000000003', 'facility_ID': 'ABRAND00026', 'equipment_group': 1, 'rate': 0.05896425378593124, 'lat': 55.07, 'lon': -119.86, 'status': 'repaired', 'days_active': 31, 'days_active_prog_start': 0, 'tagged': True, 'component': 'unknown', 'date_began': datetime.datetime(2018, 6, 20, 0, 0), 'date_tagged': datetime.datetime(2018, 7, 5, 13, 0), 'tagged_by_company': 'OGI', 'tagged_by_crew': 1, 'init_detect_by': 'OGI', 'init_detect_date': datetime.datetime(2018, 7, 5, 13, 0), 'requires_shutdown': False, 'date_repaired': datetime.datetime(2018, 7, 21, 16, 0), 'repair_delay': 16, 'OGI_sp_covered': 1}, {'leak_ID': 'ABRAND00026_0000000002', 'facility_ID': 'ABRAND00026', 'equipment_group': 2, 'rate': 0.014003993046934024, 'lat': 55.07, 'lon': -119.86, 'status': 'repaired', 'days_active': 120, 'days_active_prog_start': 0, 'tagged': True, 'component': 'unknown', 'date_began': datetime.datetime(2018, 5, 8, 0, 0), 'date_tagged': datetime.datetime(2018, 9, 5, 0, 0), 'tagged_by_company': 'natural', 'tagged_by_crew': 1, 'init_detect_by': 'natural', 'init_detect_date': datetime.datetime(2018, 9, 5, 0, 0), 'requires_shutdown': False, 'date_repaired': datetime.datetime(2018, 9, 5, 16, 0), 'repair_delay': 0, 'OGI_sp_covered': 1}, {'leak_ID': 'ABRAND00026_0000000004', 'facility_ID': 'ABRAND00026', 'equipment_group': 1, 'rate': 0.0070388065646589705, 'lat': 55.07, 'lon': -119.86, 'status': 'repaired', 'days_active': 120, 'days_active_prog_start': 0, 'tagged': True, 'component': 'unknown', 'date_began': datetime.datetime(2018, 10, 29, 0, 0), 'date_tagged': datetime.datetime(2019, 2, 26, 0, 0), 'tagged_by_company': 'natural', 'tagged_by_crew': 1, 'init_detect_by': 'natural', 'init_detect_date': datetime.datetime(2019, 2, 26, 0, 0), 'requires_shutdown': False, 'date_repaired': datetime.datetime(2019, 2, 26, 13, 30), 'repair_delay': 0, 'OGI_sp_covered': 1}, {'leak_ID': 'ABRAND00026_0000000005', 'facility_ID': 'ABRAND00026', 'equipment_group': 1, 'rate': 0.004978311181601831, 'lat': 55.07, 'lon': -119.86, 'status': 'repaired', 'days_active': 120, 'days_active_prog_start': 0, 'tagged': True, 'component': 'unknown', 'date_began': datetime.datetime(2018, 12, 17, 0, 0), 'date_tagged': datetime.datetime(2019, 4, 16, 0, 0), 'tagged_by_company': 'natural', 'tagged_by_crew': 1, 'init_detect_by': 'natural', 'init_detect_date': datetime.datetime(2019, 4, 16, 0, 0), 'requires_shutdown': False, 'date_repaired': datetime.datetime(2019, 4, 16, 16, 0), 'repair_delay': 0, 'OGI_sp_covered': 1}, {'leak_ID': 'ABRAND00026_0000000006', 'facility_ID': 'ABRAND00026', 'equipment_group': 1, 'rate': 0.0347527862007935, 'lat': 55.07, 'lon': -119.86, 'status': 'repaired', 'days_active': 120, 'days_active_prog_start': 0, 'tagged': True, 'component': 'unknown', 'date_began': datetime.datetime(2019, 7, 19, 0, 0), 'date_tagged': datetime.datetime(2019, 11, 16, 0, 0), 'tagged_by_company': 'natural', 'tagged_by_crew': 1, 'init_detect_by': 'natural', 'init_detect_date': datetime.datetime(2019, 11, 16, 0, 0), 'requires_shutdown': False, 'date_repaired': datetime.datetime(2019, 11, 16, 16, 0), 'repair_delay': 0, 'OGI_sp_covered': 1}]",[],0,False,,,,2,4,59,30,False,6,8,0,7,0.0,905.5707265674124,0.10220440881763528,0.3540196173746964,0.49620313784515746
ABRAND00812,351,52.42,-114.47,2,6,2,2,2,120,1,30,20,120,1,lognorm,0.062287158377333125,[1.462],"['kilogram', 'hour']",<scipy.stats._distn_infrastructure.rv_frozen object at 0x000002073C01D1C8>,0,6,60,589.9788513139566,[],"[{'leak_ID': 'ABRAND00812_0000000000', 'facility_ID': 'ABRAND00812', 'equipment_group': 1, 'rate': 0.010330850974934068, 'lat': 52.42, 'lon': -114.47, 'status': 'repaired', 'days_active': 120, 'days_active_prog_start': 0, 'tagged': True, 'component': 'unknown', 'date_began': datetime.datetime(2017, 6, 27, 0, 0), 'date_tagged': datetime.datetime(2017, 10, 25, 0, 0), 'tagged_by_company': 'natural', 'tagged_by_crew': 1, 'init_detect_by': 'natural', 'init_detect_date': datetime.datetime(2017, 10, 25, 0, 0), 'requires_shutdown': False, 'date_repaired': datetime.datetime(2017, 10, 25, 0, 0), 'repair_delay': 0, 'OGI_sp_covered': 1}, {'leak_ID': 'ABRAND00812_0000000001', 'facility_ID': 'ABRAND00812', 'equipment_group': 2, 'rate': 0.0022153632830372843, 'lat': 52.42, 'lon': -114.47, 'status': 'repaired', 'days_active': 120, 'days_active_prog_start': 0, 'tagged': True, 'component': 'unknown', 'date_began': datetime.datetime(2018, 9, 27, 0, 0), 'date_tagged': datetime.datetime(2019, 1, 25, 0, 0), 'tagged_by_company': 'natural', 'tagged_by_crew': 1, 'init_detect_by': 'natural', 'init_detect_date': datetime.datetime(2019, 1, 25, 0, 0), 'requires_shutdown': False, 'date_repaired': datetime.datetime(2019, 1, 25, 16, 0), 'repair_delay': 0, 'OGI_sp_covered': 1}, {'leak_ID': 'ABRAND00812_0000000002', 'facility_ID': 'ABRAND00812', 'equipment_group': 1, 'rate': 0.0013984485937433547, 'lat': 52.42, 'lon': -114.47, 'status': 'repaired', 'days_active': 120, 'days_active_prog_start': 0, 'tagged': True, 'component': 'unknown', 'date_began': datetime.datetime(2019, 12, 22, 0, 0), 'date_tagged': datetime.datetime(2020, 4, 20, 0, 0), 'tagged_by_company': 'natural', 'tagged_by_crew': 1, 'init_detect_by': 'natural', 'init_detect_date': datetime.datetime(2020, 4, 20, 0, 0), 'requires_shutdown': False, 'date_repaired': datetime.datetime(2020, 4, 20, 16, 0), 'repair_delay': 0, 'OGI_sp_covered': 1}, {'leak_ID': 'ABRAND00812_0000000003', 'facility_ID': 'ABRAND00812', 'equipment_group': 1, 'rate': 0.00346558040681083, 'lat': 52.42, 'lon': -114.47, 'status': 'repaired', 'days_active': 120, 'days_active_prog_start': 0, 'tagged': True, 'component': 'unknown', 'date_began': datetime.datetime(2020, 2, 11, 0, 0), 'date_tagged': datetime.datetime(2020, 6, 10, 0, 0), 'tagged_by_company': 'natural', 'tagged_by_crew': 1, 'init_detect_by': 'natural', 'init_detect_date': datetime.datetime(2020, 6, 10, 0, 0), 'requires_shutdown': False, 'date_repaired': datetime.datetime(2020, 6, 10, 16, 0), 'repair_delay': 0, 'OGI_sp_covered': 1}, {'leak_ID': 'ABRAND00812_0000000004', 'facility_ID': 'ABRAND00812', 'equipment_group': 1, 'rate': 0.02951329775858133, 'lat': 52.42, 'lon': -114.47, 'status': 'repaired', 'days_active': 120, 'days_active_prog_start': 0, 'tagged': True, 'component': 'unknown', 'date_began': datetime.datetime(2020, 8, 13, 0, 0), 'date_tagged': datetime.datetime(2020, 12, 11, 0, 0), 'tagged_by_company': 'natural', 'tagged_by_crew': 1, 'init_detect_by': 'natural', 'init_detect_date': datetime.datetime(2020, 12, 11, 0, 0), 'requires_shutdown': False, 'date_repaired': datetime.datetime(2020, 12, 11, 16, 0), 'repair_delay': 0, 'OGI_sp_covered': 1}, {'leak_ID': 'ABRAND00812_0000000005', 'facility_ID': 'ABRAND00812', 'equipment_group': 2, 'rate': 0.009980283376600362, 'lat': 52.42, 'lon': -114.47, 'status': 'repaired', 'days_active': 120, 'days_active_prog_start': 0, 'tagged': True, 'component': 'unknown', 'date_began': datetime.datetime(2020, 11, 4, 0, 0), 'date_tagged': datetime.datetime(2021, 3, 4, 0, 0), 'tagged_by_company': 'natural', 'tagged_by_crew': 1, 'init_detect_by': 'natural', 'init_detect_date': datetime.datetime(2021, 3, 4, 0, 0), 'requires_shutdown': False, 'date_repaired': datetime.datetime(2021, 3, 4, 16, 0), 'repair_delay': 0, 'OGI_sp_covered': 1}]",[],0,False,,,,3,4,59,30,False,6,9,0,6,0.0,589.9788513139566,0.10420841683366733,0.3576649314124414,0.3232760829117571
ABRAND00365,351,53.07,-116.08,3,6,2,2,2,120,1,30,20,120,1,lognorm,0.062287158377333125,[1.462],"['kilogram', 'hour']",<scipy.stats._distn_infrastructure.rv_frozen object at 0x000002073C01D1C8>,0,3,60,51.28857777688659,"[{'leak_ID': 'ABRAND00365_0000000002', 'facility_ID': 'ABRAND00365', 'equipment_group': 1, 'rate': 0.0004790635476428586, 'lat': 53.07, 'lon': -116.08, 'status': 'active', 'days_active': 77, 'days_active_prog_start': 0, 'tagged': False, 'component': 'unknown', 'date_began': datetime.datetime(2021, 10, 14, 0, 0), 'date_tagged': None, 'tagged_by_company': None, 'tagged_by_crew': None, 'init_detect_by': None, 'init_detect_date': None, 'requires_shutdown': False, 'date_repaired': None, 'repair_delay': None, 'OGI_sp_covered': 1}]","[{'leak_ID': 'ABRAND00365_0000000000', 'facility_ID': 'ABRAND00365', 'equipment_group': 3, 'rate': 0.0008653233020551554, 'lat': 53.07, 'lon': -116.08, 'status': 'repaired', 'days_active': 120, 'days_active_prog_start': 0, 'tagged': True, 'component': 'unknown', 'date_began': datetime.datetime(2017, 5, 16, 0, 0), 'date_tagged': datetime.datetime(2017, 9, 13, 0, 0), 'tagged_by_company': 'natural', 'tagged_by_crew': 1, 'init_detect_by': 'natural', 'init_detect_date': datetime.datetime(2017, 9, 13, 0, 0), 'requires_shutdown': False, 'date_repaired': datetime.datetime(2017, 9, 13, 16, 0), 'repair_delay': 0, 'OGI_sp_covered': 1}, {'leak_ID': 'ABRAND00365_0000000001', 'facility_ID': 'ABRAND00365', 'equipment_group': 3, 'rate': 0.003774092574403967, 'lat': 53.07, 'lon': -116.08, 'status': 'repaired', 'days_active': 120, 'days_active_prog_start': 0, 'tagged': True, 'component': 'unknown', 'date_began': datetime.datetime(2018, 3, 21, 0, 0), 'date_tagged': datetime.datetime(2018, 7, 19, 0, 0), 'tagged_by_company': 'natural', 'tagged_by_crew': 1, 'init_detect_by': 'natural', 'init_detect_date': datetime.datetime(2018, 7, 19, 0, 0), 'requires_shutdown': False, 'date_repaired': datetime.datetime(2018, 7, 19, 16, 0), 'repair_delay': 0, 'OGI_sp_covered': 1}]",[],0,False,,,,2,4,59,30,False,6,5,1,2,3.1871139697584097,48.101463807128184,0.1062124248496994,0.36129628460736457,0.028103330288704983
ABRAND01107,601,49.2,-111.08,2,6,2,2,2,120,1,30,20,120,1,lognorm,0.062287158377333125,[1.462],"['kilogram', 'hour']",<scipy.stats._distn_infrastructure.rv_frozen object at 0x000002073C01D1C8>,0,2,60,17.7722584202519,[],"[{'leak_ID': 'ABRAND01107_0000000000', 'facility_ID': 'ABRAND01107', 'equipment_group': 1, 'rate': 3.729222169098379e-05, 'lat': 49.2, 'lon': -111.08, 'status': 'repaired', 'days_active': 120, 'days_active_prog_start': 0, 'tagged': True, 'component': 'unknown', 'date_began': datetime.datetime(2019, 7, 29, 0, 0), 'date_tagged': datetime.datetime(2019, 11, 26, 0, 0), 'tagged_by_company': 'natural', 'tagged_by_crew': 1, 'init_detect_by': 'natural', 'init_detect_date': datetime.datetime(2019, 11, 26, 0, 0), 'requires_shutdown': False, 'date_repaired': datetime.datetime(2019, 11, 26, 16, 0), 'repair_delay': 0, 'OGI_sp_covered': 0}, {'leak_ID': 'ABRAND01107_0000000001', 'facility_ID': 'ABRAND01107', 'equipment_group': 2, 'rate': 0.0016768530734722015, 'lat': 49.2, 'lon': -111.08, 'status': 'repaired', 'days_active': 120, 'days_active_prog_start': 0, 'tagged': True, 'component': 'unknown', 'date_began': datetime.datetime(2019, 12, 18, 0, 0), 'date_tagged': datetime.datetime(2020, 4, 16, 0, 0), 'tagged_by_company': 'natural', 'tagged_by_crew': 1, 'init_detect_by': 'natural', 'init_detect_date': datetime.datetime(2020, 4, 16, 0, 0), 'requires_shutdown': False, 'date_repaired': datetime.datetime(2020, 4, 16, 16, 0), 'repair_delay': 0, 'OGI_sp_covered': 1}]",[],0,False,,,,4,4,58,30,False,6,3,0,2,0.0,17.7722584202519,0.10821643286573146,0.36487188759779426,0.00973822379191885
ABRAND01041,601,56.11,-113.12,4,6,2,2,2,120,1,30,20,120,1,lognorm,0.062287158377333125,[1.462],"['kilogram', 'hour']",<scipy.stats._distn_infrastructure.rv_frozen object at 0x000002073C01D1C8>,0,7,60,426.50889459359377,[],"[{'leak_ID': 'ABRAND01041_0000000000', 'facility_ID': 'ABRAND01041', 'equipment_group': 3, 'rate': 0.04693906658274648, 'lat': 56.11, 'lon': -113.12, 'status': 'repaired', 'days_active': 36, 'days_active_prog_start': 0, 'tagged': True, 'component': 'unknown', 'date_began': datetime.datetime(2018, 8, 15, 0, 0), 'date_tagged': datetime.datetime(2018, 9, 4, 8, 0), 'tagged_by_company': 'OGI', 'tagged_by_crew': 2, 'init_detect_by': 'OGI', 'init_detect_date': datetime.datetime(2018, 9, 4, 8, 0), 'requires_shutdown': False, 'date_repaired': datetime.datetime(2018, 9, 20, 16, 0), 'repair_delay': 16, 'OGI_sp_covered': 1}, {'leak_ID': 'ABRAND01041_0000000001', 'facility_ID': 'ABRAND01041', 'equipment_group': 4, 'rate': 0.0016591567227534913, 'lat': 56.11, 'lon': -113.12, 'status': 'repaired', 'days_active': 120, 'days_active_prog_start': 0, 'tagged': True, 'component': 'unknown', 'date_began': datetime.datetime(2018, 9, 26, 0, 0), 'date_tagged': datetime.datetime(2019, 1, 24, 0, 0), 'tagged_by_company': 'natural', 'tagged_by_crew': 1, 'init_detect_by': 'natural', 'init_detect_date': datetime.datetime(2019, 1, 24, 0, 0), 'requires_shutdown': False, 'date_repaired': datetime.datetime(2019, 1, 24, 16, 0), 'repair_delay': 0, 'OGI_sp_covered': 1}, {'leak_ID': 'ABRAND01041_0000000002', 'facility_ID': 'ABRAND01041', 'equipment_group': 4, 'rate': 0.0021726720202837986, 'lat': 56.11, 'lon': -113.12, 'status': 'repaired', 'days_active': 120, 'days_active_prog_start': 0, 'tagged': True, 'component': 'unknown', 'date_began': datetime.datetime(2018, 10, 7, 0, 0), 'date_tagged': datetime.datetime(2019, 2, 4, 0, 0), 'tagged_by_company': 'natural', 'tagged_by_crew': 1, 'init_detect_by': 'natural', 'init_detect_date': datetime.datetime(2019, 2, 4, 0, 0), 'requires_shutdown': False, 'date_repaired': datetime.datetime(2019, 2, 4, 16, 0), 'repair_delay': 0, 'OGI_sp_covered': 1}, {'leak_ID': 'ABRAND01041_0000000003', 'facility_ID': 'ABRAND01041', 'equipment_group': 1, 'rate': 0.008624713316245989, 'lat': 56.11, 'lon': -113.12, 'status': 'repaired', 'days_active': 120, 'days_active_prog_start': 0, 'tagged': True, 'component': 'unknown', 'date_began': datetime.datetime(2018, 11, 16, 0, 0), 'date_tagged': datetime.datetime(2019, 3, 16, 0, 0), 'tagged_by_company': 'natural', 'tagged_by_crew': 1, 'init_detect_by': 'natural', 'init_detect_date': datetime.datetime(2019, 3, 16, 0, 0), 'requires_shutdown': False, 'date_repaired': datetime.datetime(2019, 3, 16, 16, 0), 'repair_delay': 0, 'OGI_sp_covered': 1}, {'leak_ID': 'ABRAND01041_0000000004', 'facility_ID': 'ABRAND01041', 'equipment_group': 2, 'rate': 0.0025524093066144906, 'lat': 56.11, 'lon': -113.12, 'status': 'repaired', 'days_active': 120, 'days_active_prog_start': 0, 'tagged': True, 'component': 'unknown', 'date_began': datetime.datetime(2020, 7, 15, 0, 0), 'date_tagged': datetime.datetime(2020, 11, 12, 0, 0), 'tagged_by_company': 'natural', 'tagged_by_crew': 1, 'init_detect_by': 'natural', 'init_detect_date': datetime.datetime(2020, 11, 12, 0, 0), 'requires_shutdown': False, 'date_repaired': datetime.datetime(2020, 11, 12, 16, 0), 'repair_delay': 0, 'OGI_sp_covered': 1}, {'leak_ID': 'ABRAND01041_0000000005', 'facility_ID': 'ABRAND01041', 'equipment_group': 3, 'rate': 0.005401995080423244, 'lat': 56.11, 'lon': -113.12, 'status': 'repaired', 'days_active': 120, 'days_active_prog_start': 0, 'tagged': True, 'component': 'unknown', 'date_began': datetime.datetime(2020, 11, 8, 0, 0), 'date_tagged': datetime.datetime(2021, 3, 8, 0, 0), 'tagged_by_company': 'natural', 'tagged_by_crew': 1, 'init_detect_by': 'natural', 'init_detect_date': datetime.datetime(2021, 3, 8, 0, 0), 'requires_shutdown': False, 'date_repaired': datetime.datetime(2021, 3, 8, 16, 0), 'repair_delay': 0, 'OGI_sp_covered': 1}, {'leak_ID': 'ABRAND01041_0000000006', 'facility_ID': 'ABRAND01041', 'equipment_group': 1, 'rate': 0.006644379739502588, 'lat': 56.11, 'lon': -113.12, 'status': 'repaired', 'days_active': 120, 'days_active_prog_start': 0, 'tagged': True, 'component': 'unknown', 'date_began': datetime.datetime(2021, 3, 21, 0, 0), 'date_tagged': datetime.datetime(2021, 7, 19, 0, 0), 'tagged_by_company': 'natural', 'tagged_by_crew': 1, 'init_detect_by': 'natural', 'init_detect_date': datetime.datetime(2021, 7, 19, 0, 0), 'requires_shutdown': False, 'date_repaired': datetime.datetime(2021, 7, 19, 16, 0), 'repair_delay': 0, 'OGI_sp_covered': 1}]",[],0,False,,,,1,4,58,30,False,6,9,0,7,0.0,426.50889459359377,0.11022044088176353,0.36844079308277966,0.2337035038869007
ABRAND00472,351,53.69,-115.81,3,6,2,2,2,120,1,30,20,120,1,lognorm,0.062287158377333125,[1.462],"['kilogram', 'hour']",<scipy.stats._distn_infrastructure.rv_frozen object at 0x000002073C01D1C8>,0,0,60,0.0,[],[],[],0,False,,,,2,4,58,30,False,6,0,0,0,0.0,0.0,0.11222444889779559,0.3719318628949342,0.0
ABRAND00419,311,52.96,-115.92,3,6,2,2,2,120,1,30,20,120,1,lognorm,0.062287158377333125,[1.462],"['kilogram', 'hour']",<scipy.stats._distn_infrastructure.rv_frozen object at 0x000002073C01D1C8>,2,7,60,1109.4159250784926,[],"[{'leak_ID': 'ABRAND00419_0000000002', 'facility_ID': 'ABRAND00419', 'equipment_group': 1, 'rate': 0.023614576226150954, 'lat': 52.96, 'lon': -115.92, 'status': 'repaired', 'days_active': 120, 'days_active_prog_start': 88, 'tagged': True, 'component': 'unknown', 'date_began': datetime.datetime(2016, 10, 5, 0, 0), 'date_tagged': datetime.datetime(2017, 2, 1, 0, 0), 'tagged_by_company': 'natural', 'tagged_by_crew': 1, 'init_detect_by': 'natural', 'init_detect_date': datetime.datetime(2017, 2, 1, 0, 0), 'requires_shutdown': False, 'date_repaired': datetime.datetime(2017, 2, 1, 16, 0), 'repair_delay': 0, 'OGI_sp_covered': 1}, {'leak_ID': 'ABRAND00419_0000000002', 'facility_ID': 'ABRAND00419', 'equipment_group': 3, 'rate': 0.1920388543653936, 'lat': 52.96, 'lon': -115.92, 'status': 'repaired', 'days_active': 50, 'days_active_prog_start': 0, 'tagged': True, 'component': 'unknown', 'date_began': datetime.datetime(2017, 2, 2, 0, 0), 'date_tagged': datetime.datetime(2017, 3, 8, 10, 30), 'tagged_by_company': 'OGI', 'tagged_by_crew': 1, 'init_detect_by': 'OGI', 'init_detect_date': datetime.datetime(2017, 3, 8, 10, 30), 'requires_shutdown': False, 'date_repaired': datetime.datetime(2017, 3, 24, 16, 0), 'repair_delay': 16, 'OGI_sp_covered': 1}, {'leak_ID': 'ABRAND00419_0000000001', 'facility_ID': 'ABRAND00419', 'equipment_group': 1, 'rate': 0.0049507598038062255, 'lat': 52.96, 'lon': -115.92, 'status': 'repaired', 'days_active': 120, 'days_active_prog_start': 11, 'tagged': True, 'component': 'unknown', 'date_began': datetime.datetime(2016, 12, 21, 0, 0), 'date_tagged': datetime.datetime(2017, 4, 19, 0, 0), 'tagged_by_company': 'natural', 'tagged_by_crew': 1, 'init_detect_by': 'natural', 'init_detect_date': datetime.datetime(2017, 4, 19, 0, 0), 'requires_shutdown': False, 'date_repaired': datetime.datetime(2017, 4, 19, 16, 0), 'repair_delay': 0, 'OGI_sp_covered': 1}, {'leak_ID': 'ABRAND00419_0000000003', 'facility_ID': 'ABRAND00419', 'equipment_group': 1, 'rate': 0.0034032714688696417, 'lat': 52.96, 'lon': -115.92, 'status': 'repaired', 'days_active': 120, 'days_active_prog_start': 0, 'tagged': True, 'component': 'unknown', 'date_began': datetime.datetime(2017, 3, 12, 0, 0), 'date_tagged': datetime.datetime(2017, 7, 10, 0, 0), 'tagged_by_company': 'natural', 'tagged_by_crew': 1, 'init_detect_by': 'natural', 'init_detect_date': datetime.datetime(2017, 7, 10, 0, 0), 'requires_shutdown': False, 'date_repaired': datetime.datetime(2017, 7, 10, 16, 0), 'repair_delay': 0, 'OGI_sp_covered': 1}, {'leak_ID': 'ABRAND00419_0000000004', 'facility_ID': 'ABRAND00419', 'equipment_group': 2, 'rate': 0.005621792084246721, 'lat': 52.96, 'lon': -115.92, 'status': 'repaired', 'days_active': 120, 'days_active_prog_start': 0, 'tagged': True, 'component': 'unknown', 'date_began': datetime.datetime(2021, 2, 17, 0, 0), 'date_tagged': datetime.datetime(2021, 6, 17, 0, 0), 'tagged_by_company': 'natural', 'tagged_by_crew': 1, 'init_detect_by': 'natural', 'init_detect_date': datetime.datetime(2021, 6, 17, 0, 0), 'requires_shutdown': False, 'date_repaired': datetime.datetime(2021, 6, 17, 16, 0), 'repair_delay': 0, 'OGI_sp_covered': 1}, {'leak_ID': 'ABRAND00419_0000000005', 'facility_ID': 'ABRAND00419', 'equipment_group': 2, 'rate': 0.005120721150233825, 'lat': 52.96, 'lon': -115.92, 'status': 'repaired', 'days_active': 120, 'days_active_prog_start': 0, 'tagged': True, 'component': 'unknown', 'date_began': datetime.datetime(2021, 4, 26, 0, 0), 'date_tagged': datetime.datetime(2021, 8, 24, 0, 0), 'tagged_by_company': 'natural', 'tagged_by_crew': 1, 'init_detect_by': 'natural', 'init_detect_date': datetime.datetime(2021, 8, 24, 0, 0), 'requires_shutdown': False, 'date_repaired': datetime.datetime(2021, 8, 24, 16, 0), 'repair_delay': 0, 'OGI_sp_covered': 1}, {'leak_ID': 'ABRAND00419_0000000006', 'facility_ID': 'ABRAND00419', 'equipment_group': 1, 'rate': 0.0020477162941039354, 'lat': 52.96, 'lon': -115.92, 'status': 'repaired', 'days_active': 120, 'days_active_prog_start': 0, 'tagged': True, 'component': 'unknown', 'date_began': datetime.datetime(2021, 7, 20, 0, 0), 'date_tagged': datetime.datetime(2021, 11, 17, 0, 0), 'tagged_by_company': 'natural', 'tagged_by_crew': 1, 'init_detect_by': 'natural', 'init_detect_date': datetime.datetime(2021, 11, 17, 0, 0), 'requires_shutdown': False, 'date_repaired': datetime.datetime(2021, 11, 17, 16, 0), 'repair_delay': 0, 'OGI_sp_covered': 1}]",[],2,False,,,,2,4,58,30,False,6,10,0,7,0.0,1109.4159250784926,0.11422845691382766,0.37540095646226446,0.607899137029311
ABRAND00060,601,56.12,-119.65,3,6,2,2,2,120,1,30,20,120,1,lognorm,0.062287158377333125,[1.462],"['kilogram', 'hour']",<scipy.stats._distn_infrastructure.rv_frozen object at 0x000002073C01D1C8>,0,5,60,857.1017341846613,[],"[{'leak_ID': 'ABRAND00060_0000000000', 'facility_ID': 'ABRAND00060', 'equipment_group': 3, 'rate': 0.09144390240287008, 'lat': 56.12, 'lon': -119.65, 'status': 'repaired', 'days_active': 39, 'days_active_prog_start': 0, 'tagged': True, 'component': 'unknown', 'date_began': datetime.datetime(2017, 2, 13, 0, 0), 'date_tagged': datetime.datetime(2017, 3, 8, 10, 30), 'tagged_by_company': 'OGI', 'tagged_by_crew': 2, 'init_detect_by': 'OGI', 'init_detect_date': datetime.datetime(2017, 3, 8, 10, 30), 'requires_shutdown': False, 'date_repaired': datetime.datetime(2017, 3, 24, 16, 0), 'repair_delay': 16, 'OGI_sp_covered': 1}, {'leak_ID': 'ABRAND00060_0000000001', 'facility_ID': 'ABRAND00060', 'equipment_group': 2, 'rate': 0.030953196917476732, 'lat': 56.12, 'lon': -119.65, 'status': 'repaired', 'days_active': 120, 'days_active_prog_start': 0, 'tagged': True, 'component': 'unknown', 'date_began': datetime.datetime(2017, 10, 8, 0, 0), 'date_tagged': datetime.datetime(2018, 2, 5, 0, 0), 'tagged_by_company': 'natural', 'tagged_by_crew': 1, 'init_detect_by': 'natural', 'init_detect_date': datetime.datetime(2018, 2, 5, 0, 0), 'requires_shutdown': False, 'date_repaired': datetime.datetime(2018, 2, 5, 16, 0), 'repair_delay': 0, 'OGI_sp_covered': 1}, {'leak_ID': 'ABRAND00060_0000000002', 'facility_ID': 'ABRAND00060', 'equipment_group': 3, 'rate': 0.005534600944744144, 'lat': 56.12, 'lon': -119.65, 'status': 'repaired', 'days_active': 120, 'days_active_prog_start': 0, 'tagged': True, 'component': 'unknown', 'date_began': datetime.datetime(2018, 8, 1, 0, 0), 'date_tagged': datetime.datetime(2018, 11, 29, 0, 0), 'tagged_by_company': 'natural', 'tagged_by_crew': 1, 'init_detect_by': 'natural', 'init_detect_date': datetime.datetime(2018, 11, 29, 0, 0), 'requires_shutdown': False, 'date_repaired': datetime.datetime(2018, 11, 29, 16, 0), 'repair_delay': 0, 'OGI_sp_covered': 1}, {'leak_ID': 'ABRAND00060_0000000003', 'facility_ID': 'ABRAND00060', 'equipment_group': 3, 'rate': 0.015908523544447467, 'lat': 56.12, 'lon': -119.65, 'status': 'repaired', 'days_active': 120, 'days_active_prog_start': 0, 'tagged': True, 'component': 'unknown', 'date_began': datetime.datetime(2020, 11, 26, 0, 0), 'date_tagged': datetime.datetime(2021, 3, 26, 0, 0), 'tagged_by_company': 'natural', 'tagged_by_crew': 1, 'init_detect_by': 'natural', 'init_detect_date': datetime.datetime(2021, 3, 26, 0, 0), 'requires_shutdown': False, 'date_repaired': datetime.datetime(2021, 3, 26, 16, 0), 'repair_delay': 0, 'OGI_sp_covered': 1}, {'leak_ID': 'ABRAND00060_0000000004', 'facility_ID': 'ABRAND00060', 'equipment_group': 1, 'rate': 0.0005524016496540058, 'lat': 56.12, 'lon': -119.65, 'status': 'repaired', 'days_active': 120, 'days_active_prog_start': 0, 'tagged': True, 'component': 'unknown', 'date_began': datetime.datetime(2021, 6, 11, 0, 0), 'date_tagged': datetime.datetime(2021, 10, 9, 0, 0), 'tagged_by_company': 'natural', 'tagged_by_crew': 1, 'init_detect_by': 'natural', 'init_detect_date': datetime.datetime(2021, 10, 9, 0, 0), 'requires_shutdown': False, 'date_repaired': datetime.datetime(2021, 10, 9, 16, 0), 'repair_delay': 0, 'OGI_sp_covered': 1}]",[],0,False,,,,1,4,58,30,False,6,6,0,5,0.0,857.1017341846613,0.11623246492985972,0.37885135777331924,0.4696447858546089
ABRAND00872,621,52.26,-114.32,4,6,2,2,2,120,1,30,20,120,1,lognorm,0.062287158377333125,[1.462],"['kilogram', 'hour']",<scipy.stats._distn_infrastructure.rv_frozen object at 0x000002073C01D1C8>,1,5,60,506.43288550240356,[],"[{'leak_ID': 'ABRAND00872_0000000001', 'facility_ID': 'ABRAND00872', 'equipment_group': 2, 'rate': 0.03262075236812295, 'lat': 52.26, 'lon': -114.32, 'status': 'repaired', 'days_active': 120, 'days_active_prog_start': 115, 'tagged': True, 'component': 'unknown', 'date_began': datetime.datetime(2016, 9, 8, 0, 0), 'date_tagged': datetime.datetime(2017, 1, 5, 0, 0), 'tagged_by_company': 'natural', 'tagged_by_crew': 1, 'init_detect_by': 'natural', 'init_detect_date': datetime.datetime(2017, 1, 5, 0, 0), 'requires_shutdown': False, 'date_repaired': datetime.datetime(2017, 1, 5, 16, 0), 'repair_delay': 0}, {'leak_ID': 'ABRAND00872_0000000001', 'facility_ID': 'ABRAND00872', 'equipment_group': 2, 'rate': 0.008656696065796235, 'lat': 52.26, 'lon': -114.32, 'status': 'repaired', 'days_active': 120, 'days_active_prog_start': 0, 'tagged': True, 'component': 'unknown', 'date_began': datetime.datetime(2020, 3, 5, 0, 0), 'date_tagged': datetime.datetime(2020, 7, 3, 0, 0), 'tagged_by_company': 'natural', 'tagged_by_crew': 1, 'init_detect_by': 'natural', 'init_detect_date': datetime.datetime(2020, 7, 3, 0, 0), 'requires_shutdown': False, 'date_repaired': datetime.datetime(2020, 7, 3, 16, 0), 'repair_delay': 0, 'OGI_sp_covered': 1}, {'leak_ID': 'ABRAND00872_0000000002', 'facility_ID': 'ABRAND00872', 'equipment_group': 4, 'rate': 0.019740390754989182, 'lat': 52.26, 'lon': -114.32, 'status': 'repaired', 'days_active': 120, 'days_active_prog_start': 0, 'tagged': True, 'component': 'unknown', 'date_began': datetime.datetime(2020, 4, 14, 0, 0), 'date_tagged': datetime.datetime(2020, 8, 12, 0, 0), 'tagged_by_company': 'natural', 'tagged_by_crew': 1, 'init_detect_by': 'natural', 'init_detect_date': datetime.datetime(2020, 8, 12, 0, 0), 'requires_shutdown': False, 'date_repaired': datetime.datetime(2020, 8, 12, 16, 0), 'repair_delay': 0, 'OGI_sp_covered': 1}, {'leak_ID': 'ABRAND00872_0000000003', 'facility_ID': 'ABRAND00872', 'equipment_group': 3, 'rate': 0.008905156411355837, 'lat': 52.26, 'lon': -114.32, 'status': 'repaired', 'days_active': 120, 'days_active_prog_start': 0, 'tagged': True, 'component': 'unknown', 'date_began': datetime.datetime(2020, 8, 10, 0, 0), 'date_tagged': datetime.datetime(2020, 12, 8, 0, 0), 'tagged_by_company': 'natural', 'tagged_by_crew': 1, 'init_detect_by': 'natural', 'init_detect_date': datetime.datetime(2020, 12, 8, 0, 0), 'requires_shutdown': False, 'date_repaired': datetime.datetime(2020, 12, 8, 16, 0), 'repair_delay': 0, 'OGI_sp_covered': 1}, {'leak_ID': 'ABRAND00872_0000000004', 'facility_ID': 'ABRAND00872', 'equipment_group': 4, 'rate': 0.010184323172119397, 'lat': 52.26, 'lon': -114.32, 'status': 'repaired', 'days_active': 120, 'days_active_prog_start': 0, 'tagged': True, 'component': 'unknown', 'date_began': datetime.datetime(2021, 3, 24, 0, 0), 'date_tagged': datetime.datetime(2021, 7, 22, 0, 0), 'tagged_by_company': 'natural', 'tagged_by_crew': 1, 'init_detect_by': 'natural', 'init_detect_date': datetime.datetime(2021, 7, 22, 0, 0), 'requires_shutdown': False, 'date_repaired': datetime.datetime(2021, 7, 22, 16, 0), 'repair_delay': 0, 'OGI_sp_covered': 1}]",[],1,False,,,,3,4,58,30,False,6,7,0,5,0.0,506.43288550240356,0.11823647294589178,0.38226858842196,0.27749747150816634
ABRAND01059,601,51.81,-112.8,2,6,2,2,2,120,1,30,20,120,1,lognorm,0.062287158377333125,[1.462],"['kilogram', 'hour']",<scipy.stats._distn_infrastructure.rv_frozen object at 0x000002073C01D1C8>,0,5,60,975.7722919274843,[],"[{'leak_ID': 'ABRAND01059_0000000000', 'facility_ID': 'ABRAND01059', 'equipment_group': 1, 'rate': 0.02782737747808566, 'lat': 51.81, 'lon': -112.8, 'status': 'repaired', 'days_active': 120, 'days_active_prog_start': 0, 'tagged': True, 'component': 'unknown', 'date_began': datetime.datetime(2017, 8, 21, 0, 0), 'date_tagged': datetime.datetime(2017, 12, 19, 0, 0), 'tagged_by_company': 'natural', 'tagged_by_crew': 1, 'init_detect_by': 'natural', 'init_detect_date': datetime.datetime(2017, 12, 19, 0, 0), 'requires_shutdown': False, 'date_repaired': datetime.datetime(2017, 12, 19, 16, 0), 'repair_delay': 0, 'OGI_sp_covered': 1}, {'leak_ID': 'ABRAND01059_0000000001', 'facility_ID': 'ABRAND01059', 'equipment_group': 2, 'rate': 0.0030925994485641256, 'lat': 51.81, 'lon': -112.8, 'status': 'repaired', 'days_active': 120, 'days_active_prog_start': 0, 'tagged': True, 'component': 'unknown', 'date_began': datetime.datetime(2017, 12, 12, 0, 0), 'date_tagged': datetime.datetime(2018, 4, 11, 0, 0), 'tagged_by_company': 'natural', 'tagged_by_crew': 1, 'init_detect_by': 'natural', 'init_detect_date': datetime.datetime(2018, 4, 11, 0, 0), 'requires_shutdown': False, 'date_repaired': datetime.datetime(2018, 4, 11, 16, 0), 'repair_delay': 0, 'OGI_sp_covered': 1}, {'leak_ID': 'ABRAND01059_0000000002', 'facility_ID': 'ABRAND01059', 'equipment_group': 2, 'rate': 0.028323538863936293, 'lat': 51.81, 'lon': -112.8, 'status': 'repaired', 'days_active': 120, 'days_active_prog_start': 0, 'tagged': True, 'component': 'unknown', 'date_began': datetime.datetime(2018, 10, 10, 0, 0), 'date_tagged': datetime.datetime(2019, 2, 7, 0, 0), 'tagged_by_company': 'natural', 'tagged_by_crew': 1, 'init_detect_by': 'natural', 'init_detect_date': datetime.datetime(2019, 2, 7, 0, 0), 'requires_shutdown': False, 'date_repaired': datetime.datetime(2019, 2, 7, 16, 0), 'repair_delay': 0, 'OGI_sp_covered': 1}, {'leak_ID': 'ABRAND01059_0000000003', 'facility_ID': 'ABRAND01059', 'equipment_group': 2, 'rate': 0.009408795258820327, 'lat': 51.81, 'lon': -112.8, 'status': 'repaired', 'days_active': 120, 'days_active_prog_start': 0, 'tagged': True, 'component': 'unknown', 'date_began': datetime.datetime(2019, 9, 1, 0, 0), 'date_tagged': datetime.datetime(2019, 12, 30, 0, 0), 'tagged_by_company': 'natural', 'tagged_by_crew': 1, 'init_detect_by': 'natural', 'init_detect_date': datetime.datetime(2019, 12, 30, 0, 0), 'requires_shutdown': False, 'date_repaired': datetime.datetime(2019, 12, 30, 0, 0), 'repair_delay': 0, 'OGI_sp_covered': 1}, {'leak_ID': 'ABRAND01059_0000000004', 'facility_ID': 'ABRAND01059', 'equipment_group': 2, 'rate': 0.05456041893337438, 'lat': 51.81, 'lon': -112.8, 'status': 'repaired', 'days_active': 56, 'days_active_prog_start': 0, 'tagged': True, 'component': 'unknown', 'date_began': datetime.datetime(2021, 9, 24, 0, 0), 'date_tagged': datetime.datetime(2021, 11, 3, 13, 0), 'tagged_by_company': 'OGI', 'tagged_by_crew': 1, 'init_detect_by': 'OGI', 'init_detect_date': datetime.datetime(2021, 11, 3, 13, 0), 'requires_shutdown': False, 'date_repaired': datetime.datetime(2021, 11, 19, 16, 0), 'repair_delay': 16, 'OGI_sp_covered': 1}]",[],0,False,,,,3,4,58,30,False,6,8,0,5,0.0,975.7722919274843,0.12024048096192384,0.385614142590105,0.5346697490013612
ABRAND00817,311,53.01,-114.45,2,6,2,2,2,120,1,30,20,120,1,lognorm,0.062287158377333125,[1.462],"['kilogram', 'hour']",<scipy.stats._distn_infrastructure.rv_frozen object at 0x000002073C01D1C8>,1,6,60,626.176170117478,[],"[{'leak_ID': 'ABRAND00817_0000000001', 'facility_ID': 'ABRAND00817', 'equipment_group': 2, 'rate': 0.009949409214414711, 'lat': 53.01, 'lon': -114.45, 'status': 'repaired', 'days_active': 120, 'days_active_prog_start': 27, 'tagged': True, 'component': 'unknown', 'date_began': datetime.datetime(2016, 12, 5, 0, 0), 'date_tagged': datetime.datetime(2017, 4, 3, 0, 0), 'tagged_by_company': 'natural', 'tagged_by_crew': 1, 'init_detect_by': 'natural', 'init_detect_date': datetime.datetime(2017, 4, 3, 0, 0), 'requires_shutdown': False, 'date_repaired': datetime.datetime(2017, 4, 3, 16, 0), 'repair_delay': 0, 'OGI_sp_covered': 1}, {'leak_ID': 'ABRAND00817_0000000001', 'facility_ID': 'ABRAND00817', 'equipment_group': 2, 'rate': 0.006596033186584414, 'lat': 53.01, 'lon': -114.45, 'status': 'repaired', 'days_active': 120, 'days_active_prog_start': 0, 'tagged': True, 'component': 'unknown', 'date_began': datetime.datetime(2017, 6, 9, 0, 0), 'date_tagged': datetime.datetime(2017, 10, 7, 0, 0), 'tagged_by_company': 'natural', 'tagged_by_crew': 1, 'init_detect_by': 'natural', 'init_detect_date': datetime.datetime(2017, 10, 7, 0, 0), 'requires_shutdown': False, 'date_repaired': datetime.datetime(2017, 10, 7, 16, 0), 'repair_delay': 0, 'OGI_sp_covered': 1}, {'leak_ID': 'ABRAND00817_0000000002', 'facility_ID': 'ABRAND00817', 'equipment_group': 2, 'rate': 0.00838138535037007, 'lat': 53.01, 'lon': -114.45, 'status': 'repaired', 'days_active': 120, 'days_active_prog_start': 0, 'tagged': True, 'component': 'unknown', 'date_began': datetime.datetime(2017, 9, 28, 0, 0), 'date_tagged': datetime.datetime(2018, 1, 26, 0, 0), 'tagged_by_company': 'natural', 'tagged_by_crew': 1, 'init_detect_by': 'natural', 'init_detect_date': datetime.datetime(2018, 1, 26, 0, 0), 'requires_shutdown': False, 'date_repaired': datetime.datetime(2018, 1, 26, 16, 0), 'repair_delay': 0, 'OGI_sp_covered': 1}, {'leak_ID': 'ABRAND00817_0000000003', 'facility_ID': 'ABRAND00817', 'equipment_group': 1, 'rate': 0.009148917756525255, 'lat': 53.01, 'lon': -114.45, 'status': 'repaired', 'days_active': 120, 'days_active_prog_start': 0, 'tagged': True, 'component': 'unknown', 'date_began': datetime.datetime(2020, 9, 16, 0, 0), 'date_tagged': datetime.datetime(2021, 1, 14, 0, 0), 'tagged_by_company': 'natural', 'tagged_by_crew': 1, 'init_detect_by': 'natural', 'init_detect_date': datetime.datetime(2021, 1, 14, 0, 0), 'requires_shutdown': False, 'date_repaired': datetime.datetime(2021, 1, 14, 16, 0), 'repair_delay': 0, 'OGI_sp_covered': 1}, {'leak_ID': 'ABRAND00817_0000000004', 'facility_ID': 'ABRAND00817', 'equipment_group': 2, 'rate': 0.01413652895533878, 'lat': 53.01, 'lon': -114.45, 'status': 'repaired', 'days_active': 120, 'days_active_prog_start': 0, 'tagged': True, 'component': 'unknown', 'date_began': datetime.datetime(2021, 1, 13, 0, 0), 'date_tagged': datetime.datetime(2021, 5, 13, 0, 0), 'tagged_by_company': 'natural', 'tagged_by_crew': 1, 'init_detect_by': 'natural', 'init_detect_date': datetime.datetime(2021, 5, 13, 0, 0), 'requires_shutdown': False, 'date_repaired': datetime.datetime(2021, 5, 13, 16, 0), 'repair_delay': 0, 'OGI_sp_covered': 1}, {'leak_ID': 'ABRAND00817_0000000005', 'facility_ID': 'ABRAND00817', 'equipment_group': 2, 'rate': 0.014421420746340908, 'lat': 53.01, 'lon': -114.45, 'status': 'repaired', 'days_active': 120, 'days_active_prog_start': 0, 'tagged': True, 'component': 'unknown', 'date_began': datetime.datetime(2021, 2, 24, 0, 0), 'date_tagged': datetime.datetime(2021, 6, 24, 0, 0), 'tagged_by_company': 'natural', 'tagged_by_crew': 1, 'init_detect_by': 'natural', 'init_detect_date': datetime.datetime(2021, 6, 24, 0, 0), 'requires_shutdown': False, 'date_repaired': datetime.datetime(2021, 6, 24, 16, 0), 'repair_delay': 0, 'OGI_sp_covered': 1}]",[],1,False,,,,2,4,58,30,False,6,10,0,6,0.0,626.176170117478,0.12224448897795591,0.38894706921562555,0.34311023020135784
ABRAND00067,601,54.85,-119.61,4,6,2,2,2,120,1,30,20,120,1,lognorm,0.062287158377333125,[1.462],"['kilogram', 'hour']",<scipy.stats._distn_infrastructure.rv_frozen object at 0x000002073C01D1C8>,0,4,60,1306.7851435550679,[],"[{'leak_ID': 'ABRAND00067_0000000000', 'facility_ID': 'ABRAND00067', 'equipment_group': 4, 'rate': 0.02802396249481031, 'lat': 54.85, 'lon': -119.61, 'status': 'repaired', 'days_active': 120, 'days_active_prog_start': 0, 'tagged': True, 'component': 'unknown', 'date_began': datetime.datetime(2018, 3, 14, 0, 0), 'date_tagged': datetime.datetime(2018, 7, 12, 0, 0), 'tagged_by_company': 'natural', 'tagged_by_crew': 1, 'init_detect_by': 'natural', 'init_detect_date': datetime.datetime(2018, 7, 12, 0, 0), 'requires_shutdown': False, 'date_repaired': datetime.datetime(2018, 7, 12, 16, 0), 'repair_delay': 0, 'OGI_sp_covered': 1}, {'leak_ID': 'ABRAND00067_0000000001', 'facility_ID': 'ABRAND00067', 'equipment_group': 4, 'rate': 0.03187214493038563, 'lat': 54.85, 'lon': -119.61, 'status': 'repaired', 'days_active': 120, 'days_active_prog_start': 0, 'tagged': True, 'component': 'unknown', 'date_began': datetime.datetime(2018, 5, 13, 0, 0), 'date_tagged': datetime.datetime(2018, 9, 10, 0, 0), 'tagged_by_company': 'natural', 'tagged_by_crew': 1, 'init_detect_by': 'natural', 'init_detect_date': datetime.datetime(2018, 9, 10, 0, 0), 'requires_shutdown': False, 'date_repaired': datetime.datetime(2018, 9, 10, 16, 0), 'repair_delay': 0, 'OGI_sp_covered': 1}, {'leak_ID': 'ABRAND00067_0000000002', 'facility_ID': 'ABRAND00067', 'equipment_group': 4, 'rate': 0.06132300638952724, 'lat': 54.85, 'lon': -119.61, 'status': 'repaired', 'days_active': 60, 'days_active_prog_start': 0, 'tagged': True, 'component': 'unknown', 'date_began': datetime.datetime(2018, 11, 24, 0, 0), 'date_tagged': datetime.datetime(2019, 1, 7, 13, 0), 'tagged_by_company': 'OGI', 'tagged_by_crew': 3, 'init_detect_by': 'OGI', 'init_detect_date': datetime.datetime(2019, 1, 7, 13, 0), 'requires_shutdown': False, 'date_repaired': datetime.datetime(2019, 1, 23, 16, 0), 'repair_delay': 16, 'OGI_sp_covered': 1}, {'leak_ID': 'ABRAND00067_0000000003', 'facility_ID': 'ABRAND00067', 'equipment_group': 3, 'rate': 0.03942513681491418, 'lat': 54.85, 'lon': -119.61, 'status': 'repaired', 'days_active': 108, 'days_active_prog_start': 0, 'tagged': True, 'component': 'unknown', 'date_began': datetime.datetime(2020, 8, 2, 0, 0), 'date_tagged': datetime.datetime(2020, 11, 2, 13, 0), 'tagged_by_company': 'OGI', 'tagged_by_crew': 3, 'init_detect_by': 'OGI', 'init_detect_date': datetime.datetime(2020, 11, 2, 13, 0), 'requires_shutdown': False, 'date_repaired': datetime.datetime(2020, 11, 18, 16, 0), 'repair_delay': 16, 'OGI_sp_covered': 1}]",[],0,False,,,,2,4,58,30,False,6,4,0,4,0.0,1306.7851435550679,0.12424849699398798,0.3922624897723847,0.7160466540027769
ABRAND00175,601,55.34,-118.94,2,6,2,2,2,120,1,30,20,120,1,lognorm,0.062287158377333125,[1.462],"['kilogram', 'hour']",<scipy.stats._distn_infrastructure.rv_frozen object at 0x000002073C01D1C8>,1,6,60,800.1351188933463,[],"[{'leak_ID': 'ABRAND00175_0000000001', 'facility_ID': 'ABRAND00175', 'equipment_group': 2, 'rate': 0.008049117420043378, 'lat': 55.34, 'lon': -118.94, 'status': 'repaired', 'days_active': 120, 'days_active_prog_start': 82, 'tagged': True, 'component': 'unknown', 'date_began': datetime.datetime(2016, 10, 11, 0, 0), 'date_tagged': datetime.datetime(2017, 2, 7, 0, 0), 'tagged_by_company': 'natural', 'tagged_by_crew': 1, 'init_detect_by': 'natural', 'init_detect_date': datetime.datetime(2017, 2, 7, 0, 0), 'requires_shutdown': False, 'date_repaired': datetime.datetime(2017, 2, 7, 16, 0), 'repair_delay': 0, 'OGI_sp_covered': 1}, {'leak_ID': 'ABRAND00175_0000000001', 'facility_ID': 'ABRAND00175', 'equipment_group': 2, 'rate': 0.02210689253943151, 'lat': 55.34, 'lon': -118.94, 'status': 'repaired', 'days_active': 120, 'days_active_prog_start': 0, 'tagged': True, 'component': 'unknown', 'date_began': datetime.datetime(2018, 2, 20, 0, 0), 'date_tagged': datetime.datetime(2018, 6, 20, 0, 0), 'tagged_by_company': 'natural', 'tagged_by_crew': 1, 'init_detect_by': 'natural', 'init_detect_date': datetime.datetime(2018, 6, 20, 0, 0), 'requires_shutdown': False, 'date_repaired': datetime.datetime(2018, 6, 20, 16, 0), 'repair_delay': 0, 'OGI_sp_covered': 1}, {'leak_ID': 'ABRAND00175_0000000002', 'facility_ID': 'ABRAND00175', 'equipment_group': 2, 'rate': 0.009950173089358114, 'lat': 55.34, 'lon': -118.94, 'status': 'repaired', 'days_active': 120, 'days_active_prog_start': 0, 'tagged': True, 'component': 'unknown', 'date_began': datetime.datetime(2018, 10, 1, 0, 0), 'date_tagged': datetime.datetime(2019, 1, 29, 0, 0), 'tagged_by_company': 'natural', 'tagged_by_crew': 1, 'init_detect_by': 'natural', 'init_detect_date': datetime.datetime(2019, 1, 29, 0, 0), 'requires_shutdown': False, 'date_repaired': datetime.datetime(2019, 1, 29, 16, 0), 'repair_delay': 0, 'OGI_sp_covered': 1}, {'leak_ID': 'ABRAND00175_0000000003', 'facility_ID': 'ABRAND00175', 'equipment_group': 1, 'rate': 0.000577474392444986, 'lat': 55.34, 'lon': -118.94, 'status': 'repaired', 'days_active': 120, 'days_active_prog_start': 0, 'tagged': True, 'component': 'unknown', 'date_began': datetime.datetime(2019, 1, 16, 0, 0), 'date_tagged': datetime.datetime(2019, 5, 16, 0, 0), 'tagged_by_company': 'natural', 'tagged_by_crew': 1, 'init_detect_by': 'natural', 'init_detect_date': datetime.datetime(2019, 5, 16, 0, 0), 'requires_shutdown': False, 'date_repaired': datetime.datetime(2019, 5, 16, 16, 0), 'repair_delay': 0, 'OGI_sp_covered': 1}, {'leak_ID': 'ABRAND00175_0000000004', 'facility_ID': 'ABRAND00175', 'equipment_group': 1, 'rate': 0.045589902545481065, 'lat': 55.34, 'lon': -118.94, 'status': 'repaired', 'days_active': 45, 'days_active_prog_start': 0, 'tagged': True, 'component': 'unknown', 'date_began': datetime.datetime(2021, 2, 8, 0, 0), 'date_tagged': datetime.datetime(2021, 3, 9, 8, 0), 'tagged_by_company': 'OGI', 'tagged_by_crew': 1, 'init_detect_by': 'OGI', 'init_detect_date': datetime.datetime(2021, 3, 9, 8, 0), 'requires_shutdown': False, 'date_repaired': datetime.datetime(2021, 3, 25, 16, 0), 'repair_delay': 16, 'OGI_sp_covered': 1}, {'leak_ID': 'ABRAND00175_0000000005', 'facility_ID': 'ABRAND00175', 'equipment_group': 2, 'rate': 0.11949065025132825, 'lat': 55.34, 'lon': -118.94, 'status': 'repaired', 'days_active': 25, 'days_active_prog_start': 0, 'tagged': True, 'component': 'unknown', 'date_began': datetime.datetime(2021, 6, 28, 0, 0), 'date_tagged': datetime.datetime(2021, 7, 7, 8, 0), 'tagged_by_company': 'OGI', 'tagged_by_crew': 1, 'init_detect_by': 'OGI', 'init_detect_date': datetime.datetime(2021, 7, 7, 8, 0), 'requires_shutdown': False, 'date_repaired': datetime.datetime(2021, 7, 23, 16, 0), 'repair_delay': 16, 'OGI_sp_covered': 1}]",[],1,False,,,,1,4,57,30,False,6,7,0,6,0.0,800.1351188933463,0.12625250501002003,0.3955633507461039,0.43843020213334044
ABRAND00017,601,55.09,-119.9,3,6,2,2,2,120,1,30,20,120,1,lognorm,0.062287158377333125,[1.462],"['kilogram', 'hour']",<scipy.stats._distn_infrastructure.rv_frozen object at 0x000002073C01D1C8>,0,3,60,864.3121827406818,[],"[{'leak_ID': 'ABRAND00017_0000000000', 'facility_ID': 'ABRAND00017', 'equipment_group': 3, 'rate': 0.007483058499427334, 'lat': 55.09, 'lon': -119.9, 'status': 'repaired', 'days_active': 120, 'days_active_prog_start': 0, 'tagged': True, 'component': 'unknown', 'date_began': datetime.datetime(2017, 12, 1, 0, 0), 'date_tagged': datetime.datetime(2018, 3, 31, 0, 0), 'tagged_by_company': 'natural', 'tagged_by_crew': 1, 'init_detect_by': 'natural', 'init_detect_date': datetime.datetime(2018, 3, 31, 0, 0), 'requires_shutdown': False, 'date_repaired': datetime.datetime(2018, 3, 31, 16, 0), 'repair_delay': 0, 'OGI_sp_covered': 1}, {'leak_ID': 'ABRAND00017_0000000001', 'facility_ID': 'ABRAND00017', 'equipment_group': 2, 'rate': 0.009654434403225989, 'lat': 55.09, 'lon': -119.9, 'status': 'repaired', 'days_active': 120, 'days_active_prog_start': 0, 'tagged': True, 'component': 'unknown', 'date_began': datetime.datetime(2018, 12, 16, 0, 0), 'date_tagged': datetime.datetime(2019, 4, 15, 0, 0), 'tagged_by_company': 'natural', 'tagged_by_crew': 1, 'init_detect_by': 'natural', 'init_detect_date': datetime.datetime(2019, 4, 15, 0, 0), 'requires_shutdown': False, 'date_repaired': datetime.datetime(2019, 4, 15, 16, 0), 'repair_delay': 0, 'OGI_sp_covered': 0}, {'leak_ID': 'ABRAND00017_0000000002', 'facility_ID': 'ABRAND00017', 'equipment_group': 1, 'rate': 0.1655648766218104, 'lat': 55.09, 'lon': -119.9, 'status': 'repaired', 'days_active': 48, 'days_active_prog_start': 0, 'tagged': True, 'component': 'unknown', 'date_began': datetime.datetime(2021, 2, 5, 0, 0), 'date_tagged': datetime.datetime(2021, 3, 9, 8, 0), 'tagged_by_company': 'OGI', 'tagged_by_crew': 2, 'init_detect_by': 'OGI', 'init_detect_date': datetime.datetime(2021, 3, 9, 8, 0), 'requires_shutdown': False, 'date_repaired': datetime.datetime(2021, 3, 25, 16, 0), 'repair_delay': 16, 'OGI_sp_covered': 1}]",[],0,False,,,,2,4,57,30,False,6,3,0,3,0.0,864.3121827406818,0.1282565130260521,0.39884135798455156,0.4735957165702366
ABRAND00537,601,52.68,-115.6,3,6,2,2,2,120,1,30,20,120,1,lognorm,0.062287158377333125,[1.462],"['kilogram', 'hour']",<scipy.stats._distn_infrastructure.rv_frozen object at 0x000002073C01D1C8>,0,3,60,327.20944571554406,[],"[{'leak_ID': 'ABRAND00537_0000000000', 'facility_ID': 'ABRAND00537', 'equipment_group': 3, 'rate': 0.00970776380903256, 'lat': 52.68, 'lon': -115.6, 'status': 'repaired', 'days_active': 120, 'days_active_prog_start': 0, 'tagged': True, 'component': 'unknown', 'date_began': datetime.datetime(2017, 4, 27, 0, 0), 'date_tagged': datetime.datetime(2017, 8, 25, 0, 0), 'tagged_by_company': 'natural', 'tagged_by_crew': 1, 'init_detect_by': 'natural', 'init_detect_date': datetime.datetime(2017, 8, 25, 0, 0), 'requires_shutdown': False, 'date_repaired': datetime.datetime(2017, 8, 25, 0, 0), 'repair_delay': 0, 'OGI_sp_covered': 1}, {'leak_ID': 'ABRAND00537_0000000001', 'facility_ID': 'ABRAND00537', 'equipment_group': 2, 'rate': 0.019204392070250174, 'lat': 52.68, 'lon': -115.6, 'status': 'repaired', 'days_active': 120, 'days_active_prog_start': 0, 'tagged': True, 'component': 'unknown', 'date_began': datetime.datetime(2019, 10, 20, 0, 0), 'date_tagged': datetime.datetime(2020, 2, 17, 0, 0), 'tagged_by_company': 'natural', 'tagged_by_crew': 1, 'init_detect_by': 'natural', 'init_detect_date': datetime.datetime(2020, 2, 17, 0, 0), 'requires_shutdown': False, 'date_repaired': datetime.datetime(2020, 2, 17, 16, 0), 'repair_delay': 0, 'OGI_sp_covered': 1}, {'leak_ID': 'ABRAND00537_0000000002', 'facility_ID': 'ABRAND00537', 'equipment_group': 3, 'rate': 0.0026473971411208183, 'lat': 52.68, 'lon': -115.6, 'status': 'repaired', 'days_active': 120, 'days_active_prog_start': 0, 'tagged': True, 'component': 'unknown', 'date_began': datetime.datetime(2020, 3, 12, 0, 0), 'date_tagged': datetime.datetime(2020, 7, 10, 0, 0), 'tagged_by_company': 'natural', 'tagged_by_crew': 1, 'init_detect_by': 'natural', 'init_detect_date': datetime.datetime(2020, 7, 10, 0, 0), 'requires_shutdown': False, 'date_repaired': datetime.datetime(2020, 7, 10, 16, 0), 'repair_delay': 0, 'OGI_sp_covered': 1}]",[],0,False,,,,3,4,57,30,False,6,5,0,3,0.0,327.20944571554406,0.13026052104208416,0.4021139329087169,0.1792928469674214
ABRAND00107,601,54.9,-119.4,4,6,2,2,2,120,1,30,20,120,1,lognorm,0.062287158377333125,[1.462],"['kilogram', 'hour']",<scipy.stats._distn_infrastructure.rv_frozen object at 0x000002073C01D1C8>,0,2,60,449.42478619913396,[],"[{'leak_ID': 'ABRAND00107_0000000000', 'facility_ID': 'ABRAND00107', 'equipment_group': 3, 'rate': 0.008410359931851463, 'lat': 54.9, 'lon': -119.4, 'status': 'repaired', 'days_active': 120, 'days_active_prog_start': 0, 'tagged': True, 'component': 'unknown', 'date_began': datetime.datetime(2018, 11, 3, 0, 0), 'date_tagged': datetime.datetime(2019, 3, 3, 0, 0), 'tagged_by_company': 'natural', 'tagged_by_crew': 1, 'init_detect_by': 'natural', 'init_detect_date': datetime.datetime(2019, 3, 3, 0, 0), 'requires_shutdown': False, 'date_repaired': datetime.datetime(2019, 3, 3, 16, 0), 'repair_delay': 0, 'OGI_sp_covered': 1}, {'leak_ID': 'ABRAND00107_0000000001', 'facility_ID': 'ABRAND00107', 'equipment_group': 2, 'rate': 0.034936938119762534, 'lat': 54.9, 'lon': -119.4, 'status': 'repaired', 'days_active': 120, 'days_active_prog_start': 0, 'tagged': True, 'component': 'unknown', 'date_began': datetime.datetime(2019, 9, 19, 0, 0), 'date_tagged': datetime.datetime(2020, 1, 17, 0, 0), 'tagged_by_company': 'natural', 'tagged_by_crew': 1, 'init_detect_by': 'natural', 'init_detect_date': datetime.datetime(2020, 1, 17, 0, 0), 'requires_shutdown': False, 'date_repaired': datetime.datetime(2020, 1, 17, 16, 0), 'repair_delay': 0, 'OGI_sp_covered': 1}]",[],0,False,,,,2,4,57,30,False,6,4,0,2,0.0,449.42478619913396,0.13226452905811623,0.405370902530406,0.24626015682144325
ABRAND00112,601,55.11,-119.38,2,6,2,2,2,120,1,30,20,120,1,lognorm,0.062287158377333125,[1.462],"['kilogram', 'hour']",<scipy.stats._distn_infrastructure.rv_frozen object at 0x000002073C01D1C8>,0,6,60,565.695001413288,[],"[{'leak_ID': 'ABRAND00112_0000000000', 'facility_ID': 'ABRAND00112', 'equipment_group': 1, 'rate': 0.007250892613243272, 'lat': 55.11, 'lon': -119.38, 'status': 'repaired', 'days_active': 120, 'days_active_prog_start': 0, 'tagged': True, 'component': 'unknown', 'date_began': datetime.datetime(2017, 5, 26, 0, 0), 'date_tagged': datetime.datetime(2017, 9, 23, 0, 0), 'tagged_by_company': 'natural', 'tagged_by_crew': 1, 'init_detect_by': 'natural', 'init_detect_date': datetime.datetime(2017, 9, 23, 0, 0), 'requires_shutdown': False, 'date_repaired': datetime.datetime(2017, 9, 23, 16, 0), 'repair_delay': 0, 'OGI_sp_covered': 0}, {'leak_ID': 'ABRAND00112_0000000001', 'facility_ID': 'ABRAND00112', 'equipment_group': 1, 'rate': 0.0032066432612591045, 'lat': 55.11, 'lon': -119.38, 'status': 'repaired', 'days_active': 120, 'days_active_prog_start': 0, 'tagged': True, 'component': 'unknown', 'date_began': datetime.datetime(2017, 6, 18, 0, 0), 'date_tagged': datetime.datetime(2017, 10, 16, 0, 0), 'tagged_by_company': 'natural', 'tagged_by_crew': 1, 'init_detect_by': 'natural', 'init_detect_date': datetime.datetime(2017, 10, 16, 0, 0), 'requires_shutdown': False, 'date_repaired': datetime.datetime(2017, 10, 16, 16, 0), 'repair_delay': 0, 'OGI_sp_covered': 1}, {'leak_ID': 'ABRAND00112_0000000002', 'facility_ID': 'ABRAND00112', 'equipment_group': 1, 'rate': 0.027741621599551226, 'lat': 55.11, 'lon': -119.38, 'status': 'repaired', 'days_active': 120, 'days_active_prog_start': 0, 'tagged': True, 'component': 'unknown', 'date_began': datetime.datetime(2018, 2, 22, 0, 0), 'date_tagged': datetime.datetime(2018, 6, 22, 0, 0), 'tagged_by_company': 'natural', 'tagged_by_crew': 1, 'init_detect_by': 'natural', 'init_detect_date': datetime.datetime(2018, 6, 22, 0, 0), 'requires_shutdown': False, 'date_repaired': datetime.datetime(2018, 6, 22, 16, 0), 'repair_delay': 0, 'OGI_sp_covered': 1}, {'leak_ID': 'ABRAND00112_0000000003', 'facility_ID': 'ABRAND00112', 'equipment_group': 1, 'rate': 0.0032611572027381043, 'lat': 55.11, 'lon': -119.38, 'status': 'repaired', 'days_active': 120, 'days_active_prog_start': 0, 'tagged': True, 'component': 'unknown', 'date_began': datetime.datetime(2020, 5, 5, 0, 0), 'date_tagged': datetime.datetime(2020, 9, 2, 0, 0), 'tagged_by_company': 'natural', 'tagged_by_crew': 1, 'init_detect_by': 'natural', 'init_detect_date': datetime.datetime(2020, 9, 2, 0, 0), 'requires_shutdown': False, 'date_repaired': datetime.datetime(2020, 9, 2, 16, 0), 'repair_delay': 0, 'OGI_sp_covered': 0}, {'leak_ID': 'ABRAND00112_0000000005', 'facility_ID': 'ABRAND00112', 'equipment_group': 2, 'rate': 0.0369173087270435, 'lat': 55.11, 'lon': -119.38, 'status': 'repaired', 'days_active': 23, 'days_active_prog_start': 0, 'tagged': True, 'component': 'unknown', 'date_began': datetime.datetime(2021, 1, 1, 0, 0), 'date_tagged': datetime.datetime(2021, 1, 8, 10, 30), 'tagged_by_company': 'OGI', 'tagged_by_crew': 2, 'init_detect_by': 'OGI', 'init_detect_date': datetime.datetime(2021, 1, 8, 10, 30), 'requires_shutdown': False, 'date_repaired': datetime.datetime(2021, 1, 24, 16, 0), 'repair_delay': 16, 'OGI_sp_covered': 1}, {'leak_ID': 'ABRAND00112_0000000004', 'facility_ID': 'ABRAND00112', 'equipment_group': 1, 'rate': 0.006025499897948566, 'lat': 55.11, 'lon': -119.38, 'status': 'repaired', 'days_active': 120, 'days_active_prog_start': 0, 'tagged': True, 'component': 'unknown', 'date_began': datetime.datetime(2020, 11, 15, 0, 0), 'date_tagged': datetime.datetime(2021, 3, 15, 0, 0), 'tagged_by_company': 'natural', 'tagged_by_crew': 1, 'init_detect_by': 'natural', 'init_detect_date': datetime.datetime(2021, 3, 15, 0, 0), 'requires_shutdown': False, 'date_repaired': datetime.datetime(2021, 3, 15, 16, 0), 'repair_delay': 0, 'OGI_sp_covered': 1}]",[],0,False,,,,2,4,57,30,False,6,7,0,6,0.0,565.695001413288,0.1342685370741483,0.4086173808026564,0.309969863788103
ABRAND00182,601,54.95,-118.88,2,6,2,2,2,120,1,30,20,120,1,lognorm,0.062287158377333125,[1.462],"['kilogram', 'hour']",<scipy.stats._distn_infrastructure.rv_frozen object at 0x000002073C01D1C8>,0,3,60,139.72019568896036,[],"[{'leak_ID': 'ABRAND00182_0000000000', 'facility_ID': 'ABRAND00182', 'equipment_group': 2, 'rate': 0.0009328790037617542, 'lat': 54.95, 'lon': -118.88, 'status': 'repaired', 'days_active': 120, 'days_active_prog_start': 0, 'tagged': True, 'component': 'unknown', 'date_began': datetime.datetime(2019, 11, 13, 0, 0), 'date_tagged': datetime.datetime(2020, 3, 12, 0, 0), 'tagged_by_company': 'natural', 'tagged_by_crew': 1, 'init_detect_by': 'natural', 'init_detect_date': datetime.datetime(2020, 3, 12, 0, 0), 'requires_shutdown': False, 'date_repaired': datetime.datetime(2020, 3, 12, 16, 0), 'repair_delay': 0, 'OGI_sp_covered': 1}, {'leak_ID': 'ABRAND00182_0000000001', 'facility_ID': 'ABRAND00182', 'equipment_group': 1, 'rate': 0.008895082900341683, 'lat': 54.95, 'lon': -118.88, 'status': 'repaired', 'days_active': 120, 'days_active_prog_start': 0, 'tagged': True, 'component': 'unknown', 'date_began': datetime.datetime(2020, 10, 2, 0, 0), 'date_tagged': datetime.datetime(2021, 1, 30, 0, 0), 'tagged_by_company': 'natural', 'tagged_by_crew': 1, 'init_detect_by': 'natural', 'init_detect_date': datetime.datetime(2021, 1, 30, 0, 0), 'requires_shutdown': False, 'date_repaired': datetime.datetime(2021, 1, 30, 16, 0), 'repair_delay': 0, 'OGI_sp_covered': 1}, {'leak_ID': 'ABRAND00182_0000000002', 'facility_ID': 'ABRAND00182', 'equipment_group': 1, 'rate': 0.0036481372171311634, 'lat': 54.95, 'lon': -118.88, 'status': 'repaired', 'days_active': 120, 'days_active_prog_start': 0, 'tagged': True, 'component': 'unknown', 'date_began': datetime.datetime(2021, 7, 27, 0, 0), 'date_tagged': datetime.datetime(2021, 11, 24, 0, 0), 'tagged_by_company': 'natural', 'tagged_by_crew': 1, 'init_detect_by': 'natural', 'init_detect_date': datetime.datetime(2021, 11, 24, 0, 0), 'requires_shutdown': False, 'date_repaired': datetime.datetime(2021, 11, 24, 16, 0), 'repair_delay': 0, 'OGI_sp_covered': 1}]",[],0,False,,,,2,4,57,30,False,6,5,0,3,0.0,139.72019568896036,0.13627254509018036,0.4118222372107378,0.07655901133641664
ABRAND00400,362,52.77,-115.98,5,6,2,2,2,120,1,30,20,120,1,lognorm,0.062287158377333125,[1.462],"['kilogram', 'hour']",<scipy.stats._distn_infrastructure.rv_frozen object at 0x000002073C01D1C8>,0,6,60,989.0577197483877,"[{'leak_ID': 'ABRAND00400_0000000004', 'facility_ID': 'ABRAND00400', 'equipment_group': 5, 'rate': 0.030682348373066395, 'lat': 52.77, 'lon': -115.98, 'status': 'active', 'days_active': 41, 'days_active_prog_start': 0, 'tagged': False, 'component': 'unknown', 'date_began': datetime.datetime(2021, 11, 19, 0, 0), 'date_tagged': None, 'tagged_by_company': None, 'tagged_by_crew': None, 'init_detect_by': None, 'init_detect_date': None, 'requires_shutdown': False, 'date_repaired': None, 'repair_delay': None}, {'leak_ID': 'ABRAND00400_0000000005', 'facility_ID': 'ABRAND00400', 'equipment_group': 1, 'rate': 0.037992115435128905, 'lat': 52.77, 'lon': -115.98, 'status': 'active', 'days_active': 38, 'days_active_prog_start': 0, 'tagged': False, 'component': 'unknown', 'date_began': datetime.datetime(2021, 11, 22, 0, 0), 'date_tagged': None, 'tagged_by_company': None, 'tagged_by_crew': None, 'init_detect_by': None, 'init_detect_date': None, 'requires_shutdown': False, 'date_repaired': None, 'repair_delay': None}]","[{'leak_ID': 'ABRAND00400_0000000000', 'facility_ID': 'ABRAND00400', 'equipment_group': 2, 'rate': 0.003512264574902951, 'lat': 52.77, 'lon': -115.98, 'status': 'repaired', 'days_active': 120, 'days_active_prog_start': 0, 'tagged': True, 'component': 'unknown', 'date_began': datetime.datetime(2017, 3, 30, 0, 0), 'date_tagged': datetime.datetime(2017, 7, 28, 0, 0), 'tagged_by_company': 'natural', 'tagged_by_crew': 1, 'init_detect_by': 'natural', 'init_detect_date': datetime.datetime(2017, 7, 28, 0, 0), 'requires_shutdown': False, 'date_repaired': datetime.datetime(2017, 7, 28, 16, 0), 'repair_delay': 0, 'OGI_sp_covered': 1}, {'leak_ID': 'ABRAND00400_0000000001', 'facility_ID': 'ABRAND00400', 'equipment_group': 4, 'rate': 0.12059466516723327, 'lat': 52.77, 'lon': -115.98, 'status': 'repaired', 'days_active': 24, 'days_active_prog_start': 0, 'tagged': True, 'component': 'unknown', 'date_began': datetime.datetime(2019, 12, 31, 0, 0), 'date_tagged': datetime.datetime(2020, 1, 8, 13, 0), 'tagged_by_company': 'OGI', 'tagged_by_crew': 1, 'init_detect_by': 'OGI', 'init_detect_date': datetime.datetime(2020, 1, 8, 13, 0), 'requires_shutdown': False, 'date_repaired': datetime.datetime(2020, 1, 24, 16, 0), 'repair_delay': 16, 'OGI_sp_covered': 1}, {'leak_ID': 'ABRAND00400_0000000002', 'facility_ID': 'ABRAND00400', 'equipment_group': 3, 'rate': 0.00948272004039676, 'lat': 52.77, 'lon': -115.98, 'status': 'repaired', 'days_active': 120, 'days_active_prog_start': 0, 'tagged': True, 'component': 'unknown', 'date_began': datetime.datetime(2021, 1, 8, 0, 0), 'date_tagged': datetime.datetime(2021, 5, 8, 0, 0), 'tagged_by_company': 'natural', 'tagged_by_crew': 1, 'init_detect_by': 'natural', 'init_detect_date': datetime.datetime(2021, 5, 8, 0, 0), 'requires_shutdown': False, 'date_repaired': datetime.datetime(2021, 5, 8, 16, 0), 'repair_delay': 0, 'OGI_sp_covered': 1}, {'leak_ID': 'ABRAND00400_0000000003', 'facility_ID': 'ABRAND00400', 'equipment_group': 2, 'rate': 0.03576733770185376, 'lat': 52.77, 'lon': -115.98, 'status': 'repaired', 'days_active': 120, 'days_active_prog_start': 0, 'tagged': True, 'component': 'unknown', 'date_began': datetime.datetime(2021, 6, 24, 0, 0), 'date_tagged': datetime.datetime(2021, 10, 22, 0, 0), 'tagged_by_company': 'natural', 'tagged_by_crew': 1, 'init_detect_by': 'natural', 'init_detect_date': datetime.datetime(2021, 10, 22, 0, 0), 'requires_shutdown': False, 'date_repaired': datetime.datetime(2021, 10, 22, 16, 0), 'repair_delay': 0, 'OGI_sp_covered': 1}]",[],0,False,,,,2,4,57,30,False,6,5,2,4,233.42486427336564,755.6328554750221,0.13827655310621242,0.41502324994935497,0.5419494354785687
ABRAND00307,362,53.41,-116.53,4,6,2,2,2,120,1,30,20,120,1,lognorm,0.062287158377333125,[1.462],"['kilogram', 'hour']",<scipy.stats._distn_infrastructure.rv_frozen object at 0x000002073C01D1C8>,1,8,60,1519.4817042413536,"[{'leak_ID': 'ABRAND00307_0000000007', 'facility_ID': 'ABRAND00307', 'equipment_group': 2, 'rate': 0.07420053853450974, 'lat': 53.41, 'lon': -116.53, 'status': 'active', 'days_active': 23, 'days_active_prog_start': 0, 'tagged': False, 'component': 'unknown', 'date_began': datetime.datetime(2021, 12, 7, 0, 0), 'date_tagged': None, 'tagged_by_company': None, 'tagged_by_crew': None, 'init_detect_by': None, 'init_detect_date': None, 'requires_shutdown': False, 'date_repaired': None, 'repair_delay': None}]","[{'leak_ID': 'ABRAND00307_0000000001', 'facility_ID': 'ABRAND00307', 'equipment_group': 2, 'rate': 0.02763332830039436, 'lat': 53.41, 'lon': -116.53, 'status': 'repaired', 'days_active': 120, 'days_active_prog_start': 95, 'tagged': True, 'component': 'unknown', 'date_began': datetime.datetime(2016, 9, 28, 0, 0), 'date_tagged': datetime.datetime(2017, 1, 25, 0, 0), 'tagged_by_company': 'natural', 'tagged_by_crew': 1, 'init_detect_by': 'natural', 'init_detect_date': datetime.datetime(2017, 1, 25, 0, 0), 'requires_shutdown': False, 'date_repaired': datetime.datetime(2017, 1, 25, 16, 0), 'repair_delay': 0, 'OGI_sp_covered': 1}, {'leak_ID': 'ABRAND00307_0000000001', 'facility_ID': 'ABRAND00307', 'equipment_group': 2, 'rate': 0.004654551653147258, 'lat': 53.41, 'lon': -116.53, 'status': 'repaired', 'days_active': 120, 'days_active_prog_start': 0, 'tagged': True, 'component': 'unknown', 'date_began': datetime.datetime(2018, 8, 7, 0, 0), 'date_tagged': datetime.datetime(2018, 12, 5, 0, 0), 'tagged_by_company': 'natural', 'tagged_by_crew': 1, 'init_detect_by': 'natural', 'init_detect_date': datetime.datetime(2018, 12, 5, 0, 0), 'requires_shutdown': False, 'date_repaired': datetime.datetime(2018, 12, 5, 16, 0), 'repair_delay': 0, 'OGI_sp_covered': 1}, {'leak_ID': 'ABRAND00307_0000000002', 'facility_ID': 'ABRAND00307', 'equipment_group': 1, 'rate': 0.01646211561912257, 'lat': 53.41, 'lon': -116.53, 'status': 'repaired', 'days_active': 120, 'days_active_prog_start': 0, 'tagged': True, 'component': 'unknown', 'date_began': datetime.datetime(2019, 11, 30, 0, 0), 'date_tagged': datetime.datetime(2020, 3, 29, 0, 0), 'tagged_by_company': 'natural', 'tagged_by_crew': 1, 'init_detect_by': 'natural', 'init_detect_date': datetime.datetime(2020, 3, 29, 0, 0), 'requires_shutdown': False, 'date_repaired': datetime.datetime(2020, 3, 29, 16, 0), 'repair_delay': 0, 'OGI_sp_covered': 1}, {'leak_ID': 'ABRAND00307_0000000003', 'facility_ID': 'ABRAND00307', 'equipment_group': 1, 'rate': 0.03699780886125738, 'lat': 53.41, 'lon': -116.53, 'status': 'repaired', 'days_active': 120, 'days_active_prog_start': 0, 'tagged': True, 'component': 'unknown', 'date_began': datetime.datetime(2020, 5, 17, 0, 0), 'date_tagged': datetime.datetime(2020, 9, 14, 0, 0), 'tagged_by_company': 'natural', 'tagged_by_crew': 1, 'init_detect_by': 'natural', 'init_detect_date': datetime.datetime(2020, 9, 14, 0, 0), 'requires_shutdown': False, 'date_repaired': datetime.datetime(2020, 9, 14, 16, 0), 'repair_delay': 0, 'OGI_sp_covered': 1}, {'leak_ID': 'ABRAND00307_0000000005', 'facility_ID': 'ABRAND00307', 'equipment_group': 1, 'rate': 0.08356570034373095, 'lat': 53.41, 'lon': -116.53, 'status': 'repaired', 'days_active': 45, 'days_active_prog_start': 0, 'tagged': True, 'component': 'unknown', 'date_began': datetime.datetime(2020, 12, 10, 0, 0), 'date_tagged': datetime.datetime(2021, 1, 8, 13, 0), 'tagged_by_company': 'OGI', 'tagged_by_crew': 2, 'init_detect_by': 'OGI', 'init_detect_date': datetime.datetime(2021, 1, 8, 13, 0), 'requires_shutdown': False, 'date_repaired': datetime.datetime(2021, 1, 24, 16, 0), 'repair_delay': 16, 'OGI_sp_covered': 1}, {'leak_ID': 'ABRAND00307_0000000004', 'facility_ID': 'ABRAND00307', 'equipment_group': 3, 'rate': 0.03514685773043391, 'lat': 53.41, 'lon': -116.53, 'status': 'repaired', 'days_active': 120, 'days_active_prog_start': 0, 'tagged': True, 'component': 'unknown', 'date_began': datetime.datetime(2020, 10, 28, 0, 0), 'date_tagged': datetime.datetime(2021, 2, 25, 0, 0), 'tagged_by_company': 'natural', 'tagged_by_crew': 1, 'init_detect_by': 'natural', 'init_detect_date': datetime.datetime(2021, 2, 25, 0, 0), 'requires_shutdown': False, 'date_repaired': datetime.datetime(2021, 2, 25, 16, 0), 'repair_delay': 0, 'OGI_sp_covered': 1}, {'leak_ID': 'ABRAND00307_0000000006', 'facility_ID': 'ABRAND00307', 'equipment_group': 4, 'rate': 0.0019777635511910637, 'lat': 53.41, 'lon': -116.53, 'status': 'repaired', 'days_active': 120, 'days_active_prog_start': 0, 'tagged': True, 'component': 'unknown', 'date_began': datetime.datetime(2021, 4, 19, 0, 0), 'date_tagged': datetime.datetime(2021, 8, 17, 0, 0), 'tagged_by_company': 'natural', 'tagged_by_crew': 1, 'init_detect_by': 'natural', 'init_detect_date': datetime.datetime(2021, 8, 17, 0, 0), 'requires_shutdown': False, 'date_repaired': datetime.datetime(2021, 8, 17, 16, 0), 'repair_delay': 0, 'OGI_sp_covered': 1}]",[],1,False,,,,2,4,57,30,False,6,7,1,7,147.45131017577776,1372.0303940655758,0.1402805611222445,0.4181587164711343,0.8325927146527965
ABRAND00662,361,53.13,-115.13,5,6,2,2,2,120,1,30,20,120,1,lognorm,0.062287158377333125,[1.462],"['kilogram', 'hour']",<scipy.stats._distn_infrastructure.rv_frozen object at 0x000002073C01D1C8>,1,5,60,1420.8207671835246,[],"[{'leak_ID': 'ABRAND00662_0000000001', 'facility_ID': 'ABRAND00662', 'equipment_group': 5, 'rate': 0.11142494957733745, 'lat': 53.13, 'lon': -115.13, 'status': 'repaired', 'days_active': 95, 'days_active_prog_start': 71, 'tagged': True, 'component': 'unknown', 'date_began': datetime.datetime(2016, 10, 22, 0, 0), 'date_tagged': datetime.datetime(2017, 1, 8, 13, 0), 'tagged_by_company': 'OGI', 'tagged_by_crew': 3, 'init_detect_by': 'OGI', 'init_detect_date': datetime.datetime(2017, 1, 8, 13, 0), 'requires_shutdown': False, 'date_repaired': datetime.datetime(2017, 1, 24, 16, 0), 'repair_delay': 16, 'OGI_sp_covered': 1}, {'leak_ID': 'ABRAND00662_0000000001', 'facility_ID': 'ABRAND00662', 'equipment_group': 2, 'rate': 0.15312241663258228, 'lat': 53.13, 'lon': -115.13, 'status': 'repaired', 'days_active': 60, 'days_active_prog_start': 0, 'tagged': True, 'component': 'unknown', 'date_began': datetime.datetime(2017, 11, 25, 0, 0), 'date_tagged': datetime.datetime(2018, 1, 8, 13, 0), 'tagged_by_company': 'OGI', 'tagged_by_crew': 3, 'init_detect_by': 'OGI', 'init_detect_date': datetime.datetime(2018, 1, 8, 13, 0), 'requires_shutdown': False, 'date_repaired': datetime.datetime(2018, 1, 24, 16, 0), 'repair_delay': 16, 'OGI_sp_covered': 1}, {'leak_ID': 'ABRAND00662_0000000002', 'facility_ID': 'ABRAND00662', 'equipment_group': 5, 'rate': 0.020180851102653156, 'lat': 53.13, 'lon': -115.13, 'status': 'repaired', 'days_active': 120, 'days_active_prog_start': 0, 'tagged': True, 'component': 'unknown', 'date_began': datetime.datetime(2020, 6, 26, 0, 0), 'date_tagged': datetime.datetime(2020, 10, 24, 0, 0), 'tagged_by_company': 'natural', 'tagged_by_crew': 1, 'init_detect_by': 'natural', 'init_detect_date': datetime.datetime(2020, 10, 24, 0, 0), 'requires_shutdown': False, 'date_repaired': datetime.datetime(2020, 10, 24, 0, 0), 'repair_delay': 0, 'OGI_sp_covered': 1}, {'leak_ID': 'ABRAND00662_0000000003', 'facility_ID': 'ABRAND00662', 'equipment_group': 4, 'rate': 0.014534164393891389, 'lat': 53.13, 'lon': -115.13, 'status': 'repaired', 'days_active': 120, 'days_active_prog_start': 0, 'tagged': True, 'component': 'unknown', 'date_began': datetime.datetime(2020, 12, 14, 0, 0), 'date_tagged': datetime.datetime(2021, 4, 13, 0, 0), 'tagged_by_company': 'natural', 'tagged_by_crew': 1, 'init_detect_by': 'natural', 'init_detect_date': datetime.datetime(2021, 4, 13, 0, 0), 'requires_shutdown': False, 'date_repaired': datetime.datetime(2021, 4, 13, 16, 0), 'repair_delay': 0, 'OGI_sp_covered': 1}, {'leak_ID': 'ABRAND00662_0000000004', 'facility_ID': 'ABRAND00662', 'equipment_group': 5, 'rate': 0.0034778263164040603, 'lat': 53.13, 'lon': -115.13, 'status': 'repaired', 'days_active': 120, 'days_active_prog_start': 0, 'tagged': True, 'component': 'unknown', 'date_began': datetime.datetime(2021, 8, 20, 0, 0), 'date_tagged': datetime.datetime(2021, 12, 18, 0, 0), 'tagged_by_company': 'natural', 'tagged_by_crew': 1, 'init_detect_by': 'natural', 'init_detect_date': datetime.datetime(2021, 12, 18, 0, 0), 'requires_shutdown': False, 'date_repaired': datetime.datetime(2021, 12, 18, 16, 0), 'repair_delay': 0, 'OGI_sp_covered': 1}]",[],1,False,,,,2,4,57,30,False,6,6,0,5,0.0,1420.8207671835246,0.14228456913827656,0.42127667657603335,0.7785319272238491
ABRAND01126,344,55.46,-110.77,5,6,2,2,2,120,1,30,20,120,1,lognorm,0.062287158377333125,[1.462],"['kilogram', 'hour']",<scipy.stats._distn_infrastructure.rv_frozen object at 0x000002073C01D1C8>,0,7,60,1444.1346744988773,[],"[{'leak_ID': 'ABRAND01126_0000000000', 'facility_ID': 'ABRAND01126', 'equipment_group': 4, 'rate': 0.20978240107123483, 'lat': 55.46, 'lon': -110.77, 'status': 'repaired', 'days_active': 27, 'days_active_prog_start': 0, 'tagged': True, 'component': 'unknown', 'date_began': datetime.datetime(2018, 2, 27, 0, 0), 'date_tagged': datetime.datetime(2018, 3, 10, 8, 0), 'tagged_by_company': 'OGI', 'tagged_by_crew': 1, 'init_detect_by': 'OGI', 'init_detect_date': datetime.datetime(2018, 3, 10, 8, 0), 'requires_shutdown': False, 'date_repaired': datetime.datetime(2018, 3, 26, 16, 0), 'repair_delay': 16, 'OGI_sp_covered': 1}, {'leak_ID': 'ABRAND01126_0000000001', 'facility_ID': 'ABRAND01126', 'equipment_group': 2, 'rate': 0.023979931732671177, 'lat': 55.46, 'lon': -110.77, 'status': 'repaired', 'days_active': 120, 'days_active_prog_start': 0, 'tagged': True, 'component': 'unknown', 'date_began': datetime.datetime(2018, 3, 30, 0, 0), 'date_tagged': datetime.datetime(2018, 7, 28, 0, 0), 'tagged_by_company': 'natural', 'tagged_by_crew': 1, 'init_detect_by': 'natural', 'init_detect_date': datetime.datetime(2018, 7, 28, 0, 0), 'requires_shutdown': False, 'date_repaired': datetime.datetime(2018, 7, 28, 16, 0), 'repair_delay': 0, 'OGI_sp_covered': 1}, {'leak_ID': 'ABRAND01126_0000000002', 'facility_ID': 'ABRAND01126', 'equipment_group': 3, 'rate': 0.009228500339107947, 'lat': 55.46, 'lon': -110.77, 'status': 'repaired', 'days_active': 120, 'days_active_prog_start': 0, 'tagged': True, 'component': 'unknown', 'date_began': datetime.datetime(2019, 9, 30, 0, 0), 'date_tagged': datetime.datetime(2020, 1, 28, 0, 0), 'tagged_by_company': 'natural', 'tagged_by_crew': 1, 'init_detect_by': 'natural', 'init_detect_date': datetime.datetime(2020, 1, 28, 0, 0), 'requires_shutdown': False, 'date_repaired': datetime.datetime(2020, 1, 28, 16, 0), 'repair_delay': 0, 'OGI_sp_covered': 1}, {'leak_ID': 'ABRAND01126_0000000003', 'facility_ID': 'ABRAND01126', 'equipment_group': 5, 'rate': 0.054944131492111255, 'lat': 55.46, 'lon': -110.77, 'status': 'repaired', 'days_active': 50, 'days_active_prog_start': 0, 'tagged': True, 'component': 'unknown', 'date_began': datetime.datetime(2020, 2, 4, 0, 0), 'date_tagged': datetime.datetime(2020, 3, 9, 8, 0), 'tagged_by_company': 'OGI', 'tagged_by_crew': 1, 'init_detect_by': 'OGI', 'init_detect_date': datetime.datetime(2020, 3, 9, 8, 0), 'requires_shutdown': False, 'date_repaired': datetime.datetime(2020, 3, 25, 16, 0), 'repair_delay': 16, 'OGI_sp_covered': 1}, {'leak_ID': 'ABRAND01126_0000000004', 'facility_ID': 'ABRAND01126', 'equipment_group': 5, 'rate': 0.047993126043371734, 'lat': 55.46, 'lon': -110.77, 'status': 'repaired', 'days_active': 32, 'days_active_prog_start': 0, 'tagged': True, 'component': 'unknown', 'date_began': datetime.datetime(2020, 6, 21, 0, 0), 'date_tagged': datetime.datetime(2020, 7, 7, 8, 0), 'tagged_by_company': 'OGI', 'tagged_by_crew': 1, 'init_detect_by': 'OGI', 'init_detect_date': datetime.datetime(2020, 7, 7, 8, 0), 'requires_shutdown': False, 'date_repaired': datetime.datetime(2020, 7, 23, 16, 0), 'repair_delay': 16, 'OGI_sp_covered': 1}, {'leak_ID': 'ABRAND01126_0000000005', 'facility_ID': 'ABRAND01126', 'equipment_group': 3, 'rate': 0.0049335128025988625, 'lat': 55.46, 'lon': -110.77, 'status': 'repaired', 'days_active': 120, 'days_active_prog_start': 0, 'tagged': True, 'component': 'unknown', 'date_began': datetime.datetime(2021, 4, 29, 0, 0), 'date_tagged': datetime.datetime(2021, 8, 27, 0, 0), 'tagged_by_company': 'natural', 'tagged_by_crew': 1, 'init_detect_by': 'natural', 'init_detect_date': datetime.datetime(2021, 8, 27, 0, 0), 'requires_shutdown': False, 'date_repaired': datetime.datetime(2021, 8, 27, 0, 0), 'repair_delay': 0, 'OGI_sp_covered': 1}, {'leak_ID': 'ABRAND01126_0000000006', 'facility_ID': 'ABRAND01126', 'equipment_group': 1, 'rate': 0.03712503175841861, 'lat': 55.46, 'lon': -110.77, 'status': 'repaired', 'days_active': 59, 'days_active_prog_start': 0, 'tagged': True, 'component': 'unknown', 'date_began': datetime.datetime(2021, 9, 23, 0, 0), 'date_tagged': datetime.datetime(2021, 11, 5, 8, 0), 'tagged_by_company': 'OGI', 'tagged_by_crew': 1, 'init_detect_by': 'OGI', 'init_detect_date': datetime.datetime(2021, 11, 5, 8, 0), 'requires_shutdown': False, 'date_repaired': datetime.datetime(2021, 11, 21, 16, 0), 'repair_delay': 16, 'OGI_sp_covered': 1}]",[],0,False,,,,1,4,56,30,False,6,4,0,7,0.0,1444.1346744988773,0.14428857715430862,0.4243753411503135,0.7913066709582889
ABRAND00103,601,54.98,-119.44,2,6,2,2,2,120,1,30,20,120,1,lognorm,0.062287158377333125,[1.462],"['kilogram', 'hour']",<scipy.stats._distn_infrastructure.rv_frozen object at 0x000002073C01D1C8>,1,6,60,3509.795522984068,[],"[{'leak_ID': 'ABRAND00103_0000000001', 'facility_ID': 'ABRAND00103', 'equipment_group': 2, 'rate': 0.3553085075981098, 'lat': 54.98, 'lon': -119.44, 'status': 'repaired', 'days_active': 102, 'days_active_prog_start': 17, 'tagged': True, 'component': 'unknown', 'date_began': datetime.datetime(2016, 12, 15, 0, 0), 'date_tagged': datetime.datetime(2017, 3, 10, 8, 0), 'tagged_by_company': 'OGI', 'tagged_by_crew': 2, 'init_detect_by': 'OGI', 'init_detect_date': datetime.datetime(2017, 3, 10, 8, 0), 'requires_shutdown': False, 'date_repaired': datetime.datetime(2017, 3, 26, 16, 0), 'repair_delay': 16, 'OGI_sp_covered': 1}, {'leak_ID': 'ABRAND00103_0000000001', 'facility_ID': 'ABRAND00103', 'equipment_group': 1, 'rate': 0.02197169391227673, 'lat': 54.98, 'lon': -119.44, 'status': 'repaired', 'days_active': 120, 'days_active_prog_start': 0, 'tagged': True, 'component': 'unknown', 'date_began': datetime.datetime(2017, 4, 24, 0, 0), 'date_tagged': datetime.datetime(2017, 8, 22, 0, 0), 'tagged_by_company': 'natural', 'tagged_by_crew': 1, 'init_detect_by': 'natural', 'init_detect_date': datetime.datetime(2017, 8, 22, 0, 0), 'requires_shutdown': False, 'date_repaired': datetime.datetime(2017, 8, 22, 16, 0), 'repair_delay': 0, 'OGI_sp_covered': 1}, {'leak_ID': 'ABRAND00103_0000000002', 'facility_ID': 'ABRAND00103', 'equipment_group': 2, 'rate': 0.005868601843884557, 'lat': 54.98, 'lon': -119.44, 'status': 'repaired', 'days_active': 120, 'days_active_prog_start': 0, 'tagged': True, 'component': 'unknown', 'date_began': datetime.datetime(2018, 1, 27, 0, 0), 'date_tagged': datetime.datetime(2018, 5, 27, 0, 0), 'tagged_by_company': 'natural', 'tagged_by_crew': 1, 'init_detect_by': 'natural', 'init_detect_date': datetime.datetime(2018, 5, 27, 0, 0), 'requires_shutdown': False, 'date_repaired': datetime.datetime(2018, 5, 27, 16, 0), 'repair_delay': 0, 'OGI_sp_covered': 1}, {'leak_ID': 'ABRAND00103_0000000003', 'facility_ID': 'ABRAND00103', 'equipment_group': 2, 'rate': 0.025128149344443657, 'lat': 54.98, 'lon': -119.44, 'status': 'repaired', 'days_active': 120, 'days_active_prog_start': 0, 'tagged': True, 'component': 'unknown', 'date_began': datetime.datetime(2018, 11, 19, 0, 0), 'date_tagged': datetime.datetime(2019, 3, 19, 0, 0), 'tagged_by_company': 'natural', 'tagged_by_crew': 1, 'init_detect_by': 'natural', 'init_detect_date': datetime.datetime(2019, 3, 19, 0, 0), 'requires_shutdown': False, 'date_repaired': datetime.datetime(2019, 3, 19, 16, 0), 'repair_delay': 0, 'OGI_sp_covered': 1}, {'leak_ID': 'ABRAND00103_0000000004', 'facility_ID': 'ABRAND00103', 'equipment_group': 1, 'rate': 0.013789443049930556, 'lat': 54.98, 'lon': -119.44, 'status': 'repaired', 'days_active': 120, 'days_active_prog_start': 0, 'tagged': True, 'component': 'unknown', 'date_began': datetime.datetime(2019, 10, 4, 0, 0), 'date_tagged': datetime.datetime(2020, 2, 1, 0, 0), 'tagged_by_company': 'natural', 'tagged_by_crew': 1, 'init_detect_by': 'natural', 'init_detect_date': datetime.datetime(2020, 2, 1, 0, 0), 'requires_shutdown': False, 'date_repaired': datetime.datetime(2020, 2, 1, 16, 0), 'repair_delay': 0, 'OGI_sp_covered': 1}, {'leak_ID': 'ABRAND00103_0000000005', 'facility_ID': 'ABRAND00103', 'equipment_group': 1, 'rate': 0.020087197033063026, 'lat': 54.98, 'lon': -119.44, 'status': 'repaired', 'days_active': 120, 'days_active_prog_start': 0, 'tagged': True, 'component': 'unknown', 'date_began': datetime.datetime(2020, 7, 15, 0, 0), 'date_tagged': datetime.datetime(2020, 11, 12, 0, 0), 'tagged_by_company': 'natural', 'tagged_by_crew': 1, 'init_detect_by': 'natural', 'init_detect_date': datetime.datetime(2020, 11, 12, 0, 0), 'requires_shutdown': False, 'date_repaired': datetime.datetime(2020, 11, 12, 16, 0), 'repair_delay': 0, 'OGI_sp_covered': 1}]",[],1,False,,,,2,4,56,30,False,6,8,0,6,0.0,3509.795522984068,0.1462925851703407,0.4274364777511115,1.923175629032366
ABRAND01030,601,50.11,-113.36,2,6,2,2,2,120,1,30,20,120,1,lognorm,0.062287158377333125,[1.462],"['kilogram', 'hour']",<scipy.stats._distn_infrastructure.rv_frozen object at 0x000002073C01D1C8>,0,4,60,1383.7768520974857,"[{'leak_ID': 'ABRAND01030_0000000003', 'facility_ID': 'ABRAND01030', 'equipment_group': 1, 'rate': 0.07914660944188165, 'lat': 50.11, 'lon': -113.36, 'status': 'active', 'days_active': 52, 'days_active_prog_start': 0, 'tagged': False, 'component': 'unknown', 'date_began': datetime.datetime(2021, 11, 8, 0, 0), 'date_tagged': None, 'tagged_by_company': None, 'tagged_by_crew': None, 'init_detect_by': None, 'init_detect_date': None, 'requires_shutdown': False, 'date_repaired': None, 'repair_delay': None}]","[{'leak_ID': 'ABRAND01030_0000000000', 'facility_ID': 'ABRAND01030', 'equipment_group': 1, 'rate': 0.012061505133663646, 'lat': 50.11, 'lon': -113.36, 'status': 'repaired', 'days_active': 120, 'days_active_prog_start': 0, 'tagged': True, 'component': 'unknown', 'date_began': datetime.datetime(2017, 10, 17, 0, 0), 'date_tagged': datetime.datetime(2018, 2, 14, 0, 0), 'tagged_by_company': 'natural', 'tagged_by_crew': 1, 'init_detect_by': 'natural', 'init_detect_date': datetime.datetime(2018, 2, 14, 0, 0), 'requires_shutdown': False, 'date_repaired': datetime.datetime(2018, 2, 14, 16, 0), 'repair_delay': 0, 'OGI_sp_covered': 1}, {'leak_ID': 'ABRAND01030_0000000001', 'facility_ID': 'ABRAND01030', 'equipment_group': 1, 'rate': 0.08799685076958957, 'lat': 50.11, 'lon': -113.36, 'status': 'repaired', 'days_active': 96, 'days_active_prog_start': 0, 'tagged': True, 'component': 'unknown', 'date_began': datetime.datetime(2020, 10, 21, 0, 0), 'date_tagged': datetime.datetime(2021, 1, 9, 8, 0), 'tagged_by_company': 'OGI', 'tagged_by_crew': 3, 'init_detect_by': 'OGI', 'init_detect_date': datetime.datetime(2021, 1, 9, 8, 0), 'requires_shutdown': False, 'date_repaired': datetime.datetime(2021, 1, 25, 16, 0), 'repair_delay': 16, 'OGI_sp_covered': 1}, {'leak_ID': 'ABRAND01030_0000000002', 'facility_ID': 'ABRAND01030', 'equipment_group': 2, 'rate': 0.05729239449335027, 'lat': 50.11, 'lon': -113.36, 'status': 'repaired', 'days_active': 35, 'days_active_prog_start': 0, 'tagged': True, 'component': 'unknown', 'date_began': datetime.datetime(2021, 10, 17, 0, 0), 'date_tagged': datetime.datetime(2021, 11, 5, 8, 0), 'tagged_by_company': 'OGI', 'tagged_by_crew': 3, 'init_detect_by': 'OGI', 'init_detect_date': datetime.datetime(2021, 11, 5, 8, 0), 'requires_shutdown': False, 'date_repaired': datetime.datetime(2021, 11, 21, 16, 0), 'repair_delay': 16, 'OGI_sp_covered': 1}]",[],0,False,,,,4,4,56,30,False,6,2,1,3,355.5898869004859,1028.1869651969998,0.14829659318637275,0.43049175418719166,0.7582338915602662
ABRAND00686,361,53.07,-115.04,5,6,2,2,2,120,1,30,20,120,1,lognorm,0.062287158377333125,[1.462],"['kilogram', 'hour']",<scipy.stats._distn_infrastructure.rv_frozen object at 0x000002073C01D1C8>,0,4,60,395.6390517742383,"[{'leak_ID': 'ABRAND00686_0000000003', 'facility_ID': 'ABRAND00686', 'equipment_group': 2, 'rate': 0.031917180653138255, 'lat': 53.07, 'lon': -115.04, 'status': 'active', 'days_active': 69, 'days_active_prog_start': 0, 'tagged': False, 'component': 'unknown', 'date_began': datetime.datetime(2021, 10, 22, 0, 0), 'date_tagged': None, 'tagged_by_company': None, 'tagged_by_crew': None, 'init_detect_by': None, 'init_detect_date': None, 'requires_shutdown': False, 'date_repaired': None, 'repair_delay': None, 'OGI_sp_covered': 1}]","[{'leak_ID': 'ABRAND00686_0000000000', 'facility_ID': 'ABRAND00686', 'equipment_group': 4, 'rate': 0.0036158042127647514, 'lat': 53.07, 'lon': -115.04, 'status': 'repaired', 'days_active': 120, 'days_active_prog_start': 0, 'tagged': True, 'component': 'unknown', 'date_began': datetime.datetime(2018, 9, 6, 0, 0), 'date_tagged': datetime.datetime(2019, 1, 4, 0, 0), 'tagged_by_company': 'natural', 'tagged_by_crew': 1, 'init_detect_by': 'natural', 'init_detect_date': datetime.datetime(2019, 1, 4, 0, 0), 'requires_shutdown': False, 'date_repaired': datetime.datetime(2019, 1, 4, 16, 0), 'repair_delay': 0, 'OGI_sp_covered': 1}, {'leak_ID': 'ABRAND00686_0000000001', 'facility_ID': 'ABRAND00686', 'equipment_group': 5, 'rate': 0.049586764079216285, 'lat': 53.07, 'lon': -115.04, 'status': 'repaired', 'days_active': 34, 'days_active_prog_start': 0, 'tagged': True, 'component': 'unknown', 'date_began': datetime.datetime(2020, 4, 20, 0, 0), 'date_tagged': datetime.datetime(2020, 5, 8, 10, 30), 'tagged_by_company': 'OGI', 'tagged_by_crew': 1, 'init_detect_by': 'OGI', 'init_detect_date': datetime.datetime(2020, 5, 8, 10, 30), 'requires_shutdown': False, 'date_repaired': datetime.datetime(2020, 5, 24, 16, 0), 'repair_delay': 16, 'OGI_sp_covered': 1}, {'leak_ID': 'ABRAND00686_0000000002', 'facility_ID': 'ABRAND00686', 'equipment_group': 2, 'rate': 0.002141864521164982, 'lat': 53.07, 'lon': -115.04, 'status': 'repaired', 'days_active': 120, 'days_active_prog_start': 0, 'tagged': True, 'component': 'unknown', 'date_began': datetime.datetime(2020, 11, 6, 0, 0), 'date_tagged': datetime.datetime(2021, 3, 6, 0, 0), 'tagged_by_company': 'natural', 'tagged_by_crew': 1, 'init_detect_by': 'natural', 'init_detect_date': datetime.datetime(2021, 3, 6, 0, 0), 'requires_shutdown': False, 'date_repaired': datetime.datetime(2021, 3, 6, 16, 0), 'repair_delay': 0, 'OGI_sp_covered': 1}]",[],0,False,,,,2,4,56,30,False,6,4,1,3,190.27746418174905,205.36158759248926,0.15030060120240482,0.4335345159799975,0.21678852152013056
ABRAND00726,311,52.01,-114.81,3,6,2,2,2,120,1,30,20,120,1,lognorm,0.062287158377333125,[1.462],"['kilogram', 'hour']",<scipy.stats._distn_infrastructure.rv_frozen object at 0x000002073C01D1C8>,0,4,60,601.4959466186895,[],"[{'leak_ID': 'ABRAND00726_0000000000', 'facility_ID': 'ABRAND00726', 'equipment_group': 2, 'rate': 0.009330057549802727, 'lat': 52.01, 'lon': -114.81, 'status': 'repaired', 'days_active': 120, 'days_active_prog_start': 0, 'tagged': True, 'component': 'unknown', 'date_began': datetime.datetime(2017, 3, 24, 0, 0), 'date_tagged': datetime.datetime(2017, 7, 22, 0, 0), 'tagged_by_company': 'natural', 'tagged_by_crew': 1, 'init_detect_by': 'natural', 'init_detect_date': datetime.datetime(2017, 7, 22, 0, 0), 'requires_shutdown': False, 'date_repaired': datetime.datetime(2017, 7, 22, 16, 0), 'repair_delay': 0, 'OGI_sp_covered': 1}, {'leak_ID': 'ABRAND00726_0000000001', 'facility_ID': 'ABRAND00726', 'equipment_group': 1, 'rate': 0.004064639363622476, 'lat': 52.01, 'lon': -114.81, 'status': 'repaired', 'days_active': 120, 'days_active_prog_start': 0, 'tagged': True, 'component': 'unknown', 'date_began': datetime.datetime(2018, 4, 9, 0, 0), 'date_tagged': datetime.datetime(2018, 8, 7, 0, 0), 'tagged_by_company': 'natural', 'tagged_by_crew': 1, 'init_detect_by': 'natural', 'init_detect_date': datetime.datetime(2018, 8, 7, 0, 0), 'requires_shutdown': False, 'date_repaired': datetime.datetime(2018, 8, 7, 16, 0), 'repair_delay': 0, 'OGI_sp_covered': 1}, {'leak_ID': 'ABRAND00726_0000000002', 'facility_ID': 'ABRAND00726', 'equipment_group': 3, 'rate': 0.048371699854601845, 'lat': 52.01, 'lon': -114.81, 'status': 'repaired', 'days_active': 68, 'days_active_prog_start': 0, 'tagged': True, 'component': 'unknown', 'date_began': datetime.datetime(2020, 7, 15, 0, 0), 'date_tagged': datetime.datetime(2020, 9, 5, 10, 30), 'tagged_by_company': 'OGI', 'tagged_by_crew': 2, 'init_detect_by': 'OGI', 'init_detect_date': datetime.datetime(2020, 9, 5, 10, 30), 'requires_shutdown': False, 'date_repaired': datetime.datetime(2020, 9, 21, 16, 0), 'repair_delay': 16, 'OGI_sp_covered': 1}, {'leak_ID': 'ABRAND00726_0000000003', 'facility_ID': 'ABRAND00726', 'equipment_group': 2, 'rate': 0.01720932851413388, 'lat': 52.01, 'lon': -114.81, 'status': 'repaired', 'days_active': 120, 'days_active_prog_start': 0, 'tagged': True, 'component': 'unknown', 'date_began': datetime.datetime(2020, 12, 2, 0, 0), 'date_tagged': datetime.datetime(2021, 4, 1, 0, 0), 'tagged_by_company': 'natural', 'tagged_by_crew': 1, 'init_detect_by': 'natural', 'init_detect_date': datetime.datetime(2021, 4, 1, 0, 0), 'requires_shutdown': False, 'date_repaired': datetime.datetime(2021, 4, 1, 16, 0), 'repair_delay': 0, 'OGI_sp_covered': 1}]",[],0,False,,,,3,4,56,30,False,6,5,0,4,0.0,601.4959466186895,0.1523046092184369,0.43652729892141956,0.3295868200650353
ABRAND00892,351,52.55,-114.27,4,6,2,2,2,120,1,30,20,120,1,lognorm,0.062287158377333125,[1.462],"['kilogram', 'hour']",<scipy.stats._distn_infrastructure.rv_frozen object at 0x000002073C01D1C8>,2,8,60,1204.1129013567806,"[{'leak_ID': 'ABRAND00892_0000000007', 'facility_ID': 'ABRAND00892', 'equipment_group': 1, 'rate': 0.029865072346270626, 'lat': 52.55, 'lon': -114.27, 'status': 'active', 'days_active': 14, 'days_active_prog_start': 0, 'tagged': False, 'component': 'unknown', 'date_began': datetime.datetime(2021, 12, 16, 0, 0), 'date_tagged': None, 'tagged_by_company': None, 'tagged_by_crew': None, 'init_detect_by': None, 'init_detect_date': None, 'requires_shutdown': False, 'date_repaired': None, 'repair_delay': None}]","[{'leak_ID': 'ABRAND00892_0000000002', 'facility_ID': 'ABRAND00892', 'equipment_group': 4, 'rate': 0.06653647883079535, 'lat': 52.55, 'lon': -114.27, 'status': 'repaired', 'days_active': 16, 'days_active_prog_start': 0, 'tagged': True, 'component': 'unknown', 'date_began': datetime.datetime(2017, 3, 10, 0, 0), 'date_tagged': datetime.datetime(2017, 3, 10, 10, 30), 'tagged_by_company': 'OGI', 'tagged_by_crew': 3, 'init_detect_by': 'OGI', 'init_detect_date': datetime.datetime(2017, 3, 10, 10, 30), 'requires_shutdown': False, 'date_repaired': datetime.datetime(2017, 3, 26, 16, 0), 'repair_delay': 16, 'OGI_sp_covered': 1}, {'leak_ID': 'ABRAND00892_0000000001', 'facility_ID': 'ABRAND00892', 'equipment_group': 3, 'rate': 0.02031476001367375, 'lat': 52.55, 'lon': -114.27, 'status': 'repaired', 'days_active': 120, 'days_active_prog_start': 31, 'tagged': True, 'component': 'unknown', 'date_began': datetime.datetime(2016, 12, 1, 0, 0), 'date_tagged': datetime.datetime(2017, 3, 30, 0, 0), 'tagged_by_company': 'natural', 'tagged_by_crew': 1, 'init_detect_by': 'natural', 'init_detect_date': datetime.datetime(2017, 3, 30, 0, 0), 'requires_shutdown': False, 'date_repaired': datetime.datetime(2017, 3, 30, 16, 0), 'repair_delay': 0, 'OGI_sp_covered': 1}, {'leak_ID': 'ABRAND00892_0000000002', 'facility_ID': 'ABRAND00892', 'equipment_group': 3, 'rate': 0.014084358081633332, 'lat': 52.55, 'lon': -114.27, 'status': 'repaired', 'days_active': 120, 'days_active_prog_start': 2, 'tagged': True, 'component': 'unknown', 'date_began': datetime.datetime(2016, 12, 30, 0, 0), 'date_tagged': datetime.datetime(2017, 4, 28, 0, 0), 'tagged_by_company': 'natural', 'tagged_by_crew': 1, 'init_detect_by': 'natural', 'init_detect_date': datetime.datetime(2017, 4, 28, 0, 0), 'requires_shutdown': False, 'date_repaired': datetime.datetime(2017, 4, 28, 0, 0), 'repair_delay': 0, 'OGI_sp_covered': 1}, {'leak_ID': 'ABRAND00892_0000000003', 'facility_ID': 'ABRAND00892', 'equipment_group': 3, 'rate': 0.042595754925955624, 'lat': 52.55, 'lon': -114.27, 'status': 'repaired', 'days_active': 75, 'days_active_prog_start': 0, 'tagged': True, 'component': 'unknown', 'date_began': datetime.datetime(2017, 5, 10, 0, 0), 'date_tagged': datetime.datetime(2017, 7, 8, 10, 30), 'tagged_by_company': 'OGI', 'tagged_by_crew': 3, 'init_detect_by': 'OGI', 'init_detect_date': datetime.datetime(2017, 7, 8, 10, 30), 'requires_shutdown': False, 'date_repaired': datetime.datetime(2017, 7, 24, 16, 0), 'repair_delay': 16, 'OGI_sp_covered': 1}, {'leak_ID': 'ABRAND00892_0000000004', 'facility_ID': 'ABRAND00892', 'equipment_group': 2, 'rate': 0.02997708880479633, 'lat': 52.55, 'lon': -114.27, 'status': 'repaired', 'days_active': 120, 'days_active_prog_start': 0, 'tagged': True, 'component': 'unknown', 'date_began': datetime.datetime(2018, 2, 6, 0, 0), 'date_tagged': datetime.datetime(2018, 6, 6, 0, 0), 'tagged_by_company': 'natural', 'tagged_by_crew': 1, 'init_detect_by': 'natural', 'init_detect_date': datetime.datetime(2018, 6, 6, 0, 0), 'requires_shutdown': False, 'date_repaired': datetime.datetime(2018, 6, 6, 16, 0), 'repair_delay': 0, 'OGI_sp_covered': 1}, {'leak_ID': 'ABRAND00892_0000000005', 'facility_ID': 'ABRAND00892', 'equipment_group': 2, 'rate': 0.0009385174917169826, 'lat': 52.55, 'lon': -114.27, 'status': 'repaired', 'days_active': 120, 'days_active_prog_start': 0, 'tagged': True, 'component': 'unknown', 'date_began': datetime.datetime(2019, 6, 1, 0, 0), 'date_tagged': datetime.datetime(2019, 9, 29, 0, 0), 'tagged_by_company': 'natural', 'tagged_by_crew': 1, 'init_detect_by': 'natural', 'init_detect_date': datetime.datetime(2019, 9, 29, 0, 0), 'requires_shutdown': False, 'date_repaired': datetime.datetime(2019, 9, 29, 16, 0), 'repair_delay': 0, 'OGI_sp_covered': 1}, {'leak_ID': 'ABRAND00892_0000000006', 'facility_ID': 'ABRAND00892', 'equipment_group': 3, 'rate': 0.056196620806301265, 'lat': 52.55, 'lon': -114.27, 'status': 'repaired', 'days_active': 37, 'days_active_prog_start': 0, 'tagged': True, 'component': 'unknown', 'date_began': datetime.datetime(2019, 12, 19, 0, 0), 'date_tagged': datetime.datetime(2020, 1, 9, 10, 30), 'tagged_by_company': 'OGI', 'tagged_by_crew': 3, 'init_detect_by': 'OGI', 'init_detect_date': datetime.datetime(2020, 1, 9, 10, 30), 'requires_shutdown': False, 'date_repaired': datetime.datetime(2020, 1, 25, 16, 0), 'repair_delay': 16, 'OGI_sp_covered': 1}]",[],2,False,,,,3,4,56,30,False,6,7,1,7,36.12479151004895,1167.9881098467317,0.15430861723446893,0.4395084473512449,0.6597878911544004
ABRAND00907,361,52.53,-114.24,2,6,2,2,2,120,1,30,20,120,1,lognorm,0.062287158377333125,[1.462],"['kilogram', 'hour']",<scipy.stats._distn_infrastructure.rv_frozen object at 0x000002073C01D1C8>,0,7,60,1996.2074445876092,[],"[{'leak_ID': 'ABRAND00907_0000000000', 'facility_ID': 'ABRAND00907', 'equipment_group': 2, 'rate': 0.007298007718060881, 'lat': 52.53, 'lon': -114.24, 'status': 'repaired', 'days_active': 120, 'days_active_prog_start': 0, 'tagged': True, 'component': 'unknown', 'date_began': datetime.datetime(2017, 1, 29, 0, 0), 'date_tagged': datetime.datetime(2017, 5, 29, 0, 0), 'tagged_by_company': 'natural', 'tagged_by_crew': 1, 'init_detect_by': 'natural', 'init_detect_date': datetime.datetime(2017, 5, 29, 0, 0), 'requires_shutdown': False, 'date_repaired': datetime.datetime(2017, 5, 29, 16, 0), 'repair_delay': 0, 'OGI_sp_covered': 1}, {'leak_ID': 'ABRAND00907_0000000001', 'facility_ID': 'ABRAND00907', 'equipment_group': 2, 'rate': 0.09845180979229726, 'lat': 52.53, 'lon': -114.24, 'status': 'repaired', 'days_active': 72, 'days_active_prog_start': 0, 'tagged': True, 'component': 'unknown', 'date_began': datetime.datetime(2018, 7, 12, 0, 0), 'date_tagged': datetime.datetime(2018, 9, 6, 13, 0), 'tagged_by_company': 'OGI', 'tagged_by_crew': 1, 'init_detect_by': 'OGI', 'init_detect_date': datetime.datetime(2018, 9, 6, 13, 0), 'requires_shutdown': False, 'date_repaired': datetime.datetime(2018, 9, 22, 16, 0), 'repair_delay': 16, 'OGI_sp_covered': 1}, {'leak_ID': 'ABRAND00907_0000000002', 'facility_ID': 'ABRAND00907', 'equipment_group': 1, 'rate': 0.008951633200953907, 'lat': 52.53, 'lon': -114.24, 'status': 'repaired', 'days_active': 120, 'days_active_prog_start': 0, 'tagged': True, 'component': 'unknown', 'date_began': datetime.datetime(2019, 2, 27, 0, 0), 'date_tagged': datetime.datetime(2019, 6, 27, 0, 0), 'tagged_by_company': 'natural', 'tagged_by_crew': 1, 'init_detect_by': 'natural', 'init_detect_date': datetime.datetime(2019, 6, 27, 0, 0), 'requires_shutdown': False, 'date_repaired': datetime.datetime(2019, 6, 27, 0, 0), 'repair_delay': 0, 'OGI_sp_covered': 1}, {'leak_ID': 'ABRAND00907_0000000003', 'facility_ID': 'ABRAND00907', 'equipment_group': 2, 'rate': 0.013172916742363636, 'lat': 52.53, 'lon': -114.24, 'status': 'repaired', 'days_active': 120, 'days_active_prog_start': 0, 'tagged': True, 'component': 'unknown', 'date_began': datetime.datetime(2019, 10, 6, 0, 0), 'date_tagged': datetime.datetime(2020, 2, 3, 0, 0), 'tagged_by_company': 'natural', 'tagged_by_crew': 1, 'init_detect_by': 'natural', 'init_detect_date': datetime.datetime(2020, 2, 3, 0, 0), 'requires_shutdown': False, 'date_repaired': datetime.datetime(2020, 2, 3, 16, 0), 'repair_delay': 0, 'OGI_sp_covered': 1}, {'leak_ID': 'ABRAND00907_0000000004', 'facility_ID': 'ABRAND00907', 'equipment_group': 1, 'rate': 0.011528536849624935, 'lat': 52.53, 'lon': -114.24, 'status': 'repaired', 'days_active': 120, 'days_active_prog_start': 0, 'tagged': True, 'component': 'unknown', 'date_began': datetime.datetime(2020, 1, 29, 0, 0), 'date_tagged': datetime.datetime(2020, 5, 28, 0, 0), 'tagged_by_company': 'natural', 'tagged_by_crew': 1, 'init_detect_by': 'natural', 'init_detect_date': datetime.datetime(2020, 5, 28, 0, 0), 'requires_shutdown': False, 'date_repaired': datetime.datetime(2020, 5, 28, 16, 0), 'repair_delay': 0, 'OGI_sp_covered': 1}, {'leak_ID': 'ABRAND00907_0000000006', 'facility_ID': 'ABRAND00907', 'equipment_group': 1, 'rate': 0.1970124123111503, 'lat': 52.53, 'lon': -114.24, 'status': 'repaired', 'days_active': 52, 'days_active_prog_start': 0, 'tagged': True, 'component': 'unknown', 'date_began': datetime.datetime(2021, 2, 2, 0, 0), 'date_tagged': datetime.datetime(2021, 3, 10, 13, 0), 'tagged_by_company': 'OGI', 'tagged_by_crew': 1, 'init_detect_by': 'OGI', 'init_detect_date': datetime.datetime(2021, 3, 10, 13, 0), 'requires_shutdown': False, 'date_repaired': datetime.datetime(2021, 3, 26, 16, 0), 'repair_delay': 16, 'OGI_sp_covered': 1}, {'leak_ID': 'ABRAND00907_0000000005', 'facility_ID': 'ABRAND00907', 'equipment_group': 2, 'rate': 0.007141214536079034, 'lat': 52.53, 'lon': -114.24, 'status': 'repaired', 'days_active': 120, 'days_active_prog_start': 0, 'tagged': True, 'component': 'unknown', 'date_began': datetime.datetime(2020, 11, 27, 0, 0), 'date_tagged': datetime.datetime(2021, 3, 27, 0, 0), 'tagged_by_company': 'natural', 'tagged_by_crew': 1, 'init_detect_by': 'natural', 'init_detect_date': datetime.datetime(2021, 3, 27, 0, 0), 'requires_shutdown': False, 'date_repaired': datetime.datetime(2021, 3, 27, 16, 0), 'repair_delay': 0, 'OGI_sp_covered': 1}]",[],0,False,,,,3,4,56,30,False,6,10,0,7,0.0,1996.2074445876092,0.156312625250501,0.44248934113160854,1.0938122984041694
ABRAND00900,601,52.48,-114.26,1,6,2,2,2,120,1,30,20,120,1,lognorm,0.062287158377333125,[1.462],"['kilogram', 'hour']",<scipy.stats._distn_infrastructure.rv_frozen object at 0x000002073C01D1C8>,1,9,60,1447.5325481524858,"[{'leak_ID': 'ABRAND00900_0000000008', 'facility_ID': 'ABRAND00900', 'equipment_group': 1, 'rate': 0.15981144397019786, 'lat': 52.48, 'lon': -114.26, 'status': 'active', 'days_active': 4, 'days_active_prog_start': 0, 'tagged': False, 'component': 'unknown', 'date_began': datetime.datetime(2021, 12, 26, 0, 0), 'date_tagged': None, 'tagged_by_company': None, 'tagged_by_crew': None, 'init_detect_by': None, 'init_detect_date': None, 'requires_shutdown': False, 'date_repaired': None, 'repair_delay': None}]","[{'leak_ID': 'ABRAND00900_0000000001', 'facility_ID': 'ABRAND00900', 'equipment_group': 1, 'rate': 0.04319856091718205, 'lat': 52.48, 'lon': -114.26, 'status': 'repaired', 'days_active': 120, 'days_active_prog_start': 109, 'tagged': True, 'component': 'unknown', 'date_began': datetime.datetime(2016, 9, 14, 0, 0), 'date_tagged': datetime.datetime(2017, 1, 11, 0, 0), 'tagged_by_company': 'natural', 'tagged_by_crew': 2, 'init_detect_by': 'OGI', 'init_detect_date': datetime.datetime(2017, 1, 9, 13, 0), 'requires_shutdown': False, 'date_repaired': datetime.datetime(2017, 1, 11, 16, 0), 'repair_delay': 0, 'OGI_sp_covered': 1}, {'leak_ID': 'ABRAND00900_0000000001', 'facility_ID': 'ABRAND00900', 'equipment_group': 1, 'rate': 0.0005093888424962827, 'lat': 52.48, 'lon': -114.26, 'status': 'repaired', 'days_active': 120, 'days_active_prog_start': 0, 'tagged': True, 'component': 'unknown', 'date_began': datetime.datetime(2017, 6, 23, 0, 0), 'date_tagged': datetime.datetime(2017, 10, 21, 0, 0), 'tagged_by_company': 'natural', 'tagged_by_crew': 1, 'init_detect_by': 'natural', 'init_detect_date': datetime.datetime(2017, 10, 21, 0, 0), 'requires_shutdown': False, 'date_repaired': datetime.datetime(2017, 10, 21, 16, 0), 'repair_delay': 0, 'OGI_sp_covered': 1}, {'leak_ID': 'ABRAND00900_0000000002', 'facility_ID': 'ABRAND00900', 'equipment_group': 1, 'rate': 0.06939535748103517, 'lat': 52.48, 'lon': -114.26, 'status': 'repaired', 'days_active': 32, 'days_active_prog_start': 0, 'tagged': True, 'component': 'unknown', 'date_began': datetime.datetime(2018, 4, 23, 0, 0), 'date_tagged': datetime.datetime(2018, 5, 9, 13, 0), 'tagged_by_company': 'OGI', 'tagged_by_crew': 2, 'init_detect_by': 'OGI', 'init_detect_date': datetime.datetime(2018, 5, 9, 13, 0), 'requires_shutdown': False, 'date_repaired': datetime.datetime(2018, 5, 25, 16, 0), 'repair_delay': 16, 'OGI_sp_covered': 1}, {'leak_ID': 'ABRAND00900_0000000003', 'facility_ID': 'ABRAND00900', 'equipment_group': 1, 'rate': 0.04424711660673512, 'lat': 52.48, 'lon': -114.26, 'status': 'repaired', 'days_active': 59, 'days_active_prog_start': 0, 'tagged': True, 'component': 'unknown', 'date_began': datetime.datetime(2018, 7, 25, 0, 0), 'date_tagged': datetime.datetime(2018, 9, 6, 13, 0), 'tagged_by_company': 'OGI', 'tagged_by_crew': 2, 'init_detect_by': 'OGI', 'init_detect_date': datetime.datetime(2018, 9, 6, 13, 0), 'requires_shutdown': False, 'date_repaired': datetime.datetime(2018, 9, 22, 16, 0), 'repair_delay': 16, 'OGI_sp_covered': 1}, {'leak_ID': 'ABRAND00900_0000000004', 'facility_ID': 'ABRAND00900', 'equipment_group': 1, 'rate': 0.0018675498432398825, 'lat': 52.48, 'lon': -114.26, 'status': 'repaired', 'days_active': 120, 'days_active_prog_start': 0, 'tagged': True, 'component': 'unknown', 'date_began': datetime.datetime(2018, 8, 24, 0, 0), 'date_tagged': datetime.datetime(2018, 12, 22, 0, 0), 'tagged_by_company': 'natural', 'tagged_by_crew': 1, 'init_detect_by': 'natural', 'init_detect_date': datetime.datetime(2018, 12, 22, 0, 0), 'requires_shutdown': False, 'date_repaired': datetime.datetime(2018, 12, 22, 16, 0), 'repair_delay': 0, 'OGI_sp_covered': 1}, {'leak_ID': 'ABRAND00900_0000000005', 'facility_ID': 'ABRAND00900', 'equipment_group': 1, 'rate': 0.04560284990070725, 'lat': 52.48, 'lon': -114.26, 'status': 'repaired', 'days_active': 45, 'days_active_prog_start': 0, 'tagged': True, 'component': 'unknown', 'date_began': datetime.datetime(2019, 6, 9, 0, 0), 'date_tagged': datetime.datetime(2019, 7, 8, 13, 0), 'tagged_by_company': 'OGI', 'tagged_by_crew': 2, 'init_detect_by': 'OGI', 'init_detect_date': datetime.datetime(2019, 7, 8, 13, 0), 'requires_shutdown': False, 'date_repaired': datetime.datetime(2019, 7, 24, 16, 0), 'repair_delay': 16, 'OGI_sp_covered': 1}, {'leak_ID': 'ABRAND00900_0000000006', 'facility_ID': 'ABRAND00900', 'equipment_group': 1, 'rate': 0.0063219916973277605, 'lat': 52.48, 'lon': -114.26, 'status': 'repaired', 'days_active': 120, 'days_active_prog_start': 0, 'tagged': True, 'component': 'unknown', 'date_began': datetime.datetime(2019, 10, 1, 0, 0), 'date_tagged': datetime.datetime(2020, 1, 29, 0, 0), 'tagged_by_company': 'natural', 'tagged_by_crew': 1, 'init_detect_by': 'natural', 'init_detect_date': datetime.datetime(2020, 1, 29, 0, 0), 'requires_shutdown': False, 'date_repaired': datetime.datetime(2020, 1, 29, 16, 0), 'repair_delay': 0, 'OGI_sp_covered': 1}, {'leak_ID': 'ABRAND00900_0000000007', 'facility_ID': 'ABRAND00900', 'equipment_group': 1, 'rate': 0.17527699500659719, 'lat': 52.48, 'lon': -114.26, 'status': 'repaired', 'days_active': 44, 'days_active_prog_start': 0, 'tagged': True, 'component': 'unknown', 'date_began': datetime.datetime(2020, 10, 7, 0, 0), 'date_tagged': datetime.datetime(2020, 11, 4, 13, 0), 'tagged_by_company': 'OGI', 'tagged_by_crew': 2, 'init_detect_by': 'OGI', 'init_detect_date': datetime.datetime(2020, 11, 4, 13, 0), 'requires_shutdown': False, 'date_repaired': datetime.datetime(2020, 11, 20, 16, 0), 'repair_delay': 16, 'OGI_sp_covered': 1}]",[],1,False,,,,3,4,56,30,False,6,4,1,8,55.23083503610039,1392.3017131163854,0.15831663326653306,0.445436523437682,0.7931685195356086
ABRAND00931,351,52.49,-114.19,5,6,2,2,2,120,1,30,20,120,1,lognorm,0.062287158377333125,[1.462],"['kilogram', 'hour']",<scipy.stats._distn_infrastructure.rv_frozen object at 0x000002073C01D1C8>,0,8,60,2413.7507731074616,"[{'leak_ID': 'ABRAND00931_0000000007', 'facility_ID': 'ABRAND00931', 'equipment_group': 1, 'rate': 0.03282404964244308, 'lat': 52.49, 'lon': -114.19, 'status': 'active', 'days_active': 57, 'days_active_prog_start': 0, 'tagged': False, 'component': 'unknown', 'date_began': datetime.datetime(2021, 11, 3, 0, 0), 'date_tagged': None, 'tagged_by_company': None, 'tagged_by_crew': None, 'init_detect_by': None, 'init_detect_date': None, 'requires_shutdown': False, 'date_repaired': None, 'repair_delay': None, 'OGI_sp_covered': 1}]","[{'leak_ID': 'ABRAND00931_0000000000', 'facility_ID': 'ABRAND00931', 'equipment_group': 3, 'rate': 0.05539521691903269, 'lat': 52.49, 'lon': -114.19, 'status': 'repaired', 'days_active': 37, 'days_active_prog_start': 0, 'tagged': True, 'component': 'unknown', 'date_began': datetime.datetime(2017, 10, 15, 0, 0), 'date_tagged': datetime.datetime(2017, 11, 5, 13, 0), 'tagged_by_company': 'OGI', 'tagged_by_crew': 3, 'init_detect_by': 'OGI', 'init_detect_date': datetime.datetime(2017, 11, 5, 13, 0), 'requires_shutdown': False, 'date_repaired': datetime.datetime(2017, 11, 21, 16, 0), 'repair_delay': 16, 'OGI_sp_covered': 1}, {'leak_ID': 'ABRAND00931_0000000001', 'facility_ID': 'ABRAND00931', 'equipment_group': 3, 'rate': 0.001307426710911886, 'lat': 52.49, 'lon': -114.19, 'status': 'repaired', 'days_active': 120, 'days_active_prog_start': 0, 'tagged': True, 'component': 'unknown', 'date_began': datetime.datetime(2018, 4, 4, 0, 0), 'date_tagged': datetime.datetime(2018, 8, 2, 0, 0), 'tagged_by_company': 'natural', 'tagged_by_crew': 1, 'init_detect_by': 'natural', 'init_detect_date': datetime.datetime(2018, 8, 2, 0, 0), 'requires_shutdown': False, 'date_repaired': datetime.datetime(2018, 8, 2, 16, 0), 'repair_delay': 0, 'OGI_sp_covered': 1}, {'leak_ID': 'ABRAND00931_0000000002', 'facility_ID': 'ABRAND00931', 'equipment_group': 3, 'rate': 0.0020190660606021703, 'lat': 52.49, 'lon': -114.19, 'status': 'repaired', 'days_active': 120, 'days_active_prog_start': 0, 'tagged': True, 'component': 'unknown', 'date_began': datetime.datetime(2018, 9, 14, 0, 0), 'date_tagged': datetime.datetime(2019, 1, 12, 0, 0), 'tagged_by_company': 'natural', 'tagged_by_crew': 1, 'init_detect_by': 'natural', 'init_detect_date': datetime.datetime(2019, 1, 12, 0, 0), 'requires_shutdown': False, 'date_repaired': datetime.datetime(2019, 1, 12, 16, 0), 'repair_delay': 0, 'OGI_sp_covered': 0}, {'leak_ID': 'ABRAND00931_0000000004', 'facility_ID': 'ABRAND00931', 'equipment_group': 5, 'rate': 0.2426571018067161, 'lat': 52.49, 'lon': -114.19, 'status': 'repaired', 'days_active': 75, 'days_active_prog_start': 0, 'tagged': True, 'component': 'unknown', 'date_began': datetime.datetime(2020, 11, 11, 0, 0), 'date_tagged': datetime.datetime(2021, 1, 9, 13, 0), 'tagged_by_company': 'OGI', 'tagged_by_crew': 3, 'init_detect_by': 'OGI', 'init_detect_date': datetime.datetime(2021, 1, 9, 13, 0), 'requires_shutdown': False, 'date_repaired': datetime.datetime(2021, 1, 25, 16, 0), 'repair_delay': 16, 'OGI_sp_covered': 1}, {'leak_ID': 'ABRAND00931_0000000003', 'facility_ID': 'ABRAND00931', 'equipment_group': 4, 'rate': 0.024218510732082747, 'lat': 52.49, 'lon': -114.19, 'status': 'repaired', 'days_active': 120, 'days_active_prog_start': 0, 'tagged': True, 'component': 'unknown', 'date_began': datetime.datetime(2020, 10, 25, 0, 0), 'date_tagged': datetime.datetime(2021, 2, 22, 0, 0), 'tagged_by_company': 'natural', 'tagged_by_crew': 1, 'init_detect_by': 'natural', 'init_detect_date': datetime.datetime(2021, 2, 22, 0, 0), 'requires_shutdown': False, 'date_repaired': datetime.datetime(2021, 2, 22, 16, 0), 'repair_delay': 0, 'OGI_sp_covered': 1}, {'leak_ID': 'ABRAND00931_0000000005', 'facility_ID': 'ABRAND00931', 'equipment_group': 5, 'rate': 0.056469462611768266, 'lat': 52.49, 'lon': -114.19, 'status': 'repaired', 'days_active': 34, 'days_active_prog_start': 0, 'tagged': True, 'component': 'unknown', 'date_began': datetime.datetime(2021, 6, 20, 0, 0), 'date_tagged': datetime.datetime(2021, 7, 8, 13, 0), 'tagged_by_company': 'OGI', 'tagged_by_crew': 3, 'init_detect_by': 'OGI', 'init_detect_date': datetime.datetime(2021, 7, 8, 13, 0), 'requires_shutdown': False, 'date_repaired': datetime.datetime(2021, 7, 24, 16, 0), 'repair_delay': 16, 'OGI_sp_covered': 1}, {'leak_ID': 'ABRAND00931_0000000006', 'facility_ID': 'ABRAND00931', 'equipment_group': 2, 'rate': 0.004930763366170086, 'lat': 52.49, 'lon': -114.19, 'status': 'repaired', 'days_active': 120, 'days_active_prog_start': 0, 'tagged': True, 'component': 'unknown', 'date_began': datetime.datetime(2021, 6, 22, 0, 0), 'date_tagged': datetime.datetime(2021, 10, 20, 0, 0), 'tagged_by_company': 'natural', 'tagged_by_crew': 1, 'init_detect_by': 'natural', 'init_detect_date': datetime.datetime(2021, 10, 20, 0, 0), 'requires_shutdown': False, 'date_repaired': datetime.datetime(2021, 10, 20, 16, 0), 'repair_delay': 0, 'OGI_sp_covered': 1}]",[],0,False,,,,3,4,56,30,False,6,6,1,7,161.6518796791037,2252.0988934283578,0.16032064128256512,0.4483835974904143,1.3226031633465543
ABRAND00160,601,54.76,-119.04,5,6,2,2,2,120,1,30,20,120,1,lognorm,0.062287158377333125,[1.462],"['kilogram', 'hour']",<scipy.stats._distn_infrastructure.rv_frozen object at 0x000002073C01D1C8>,1,6,60,340.7153506109261,[],"[{'leak_ID': 'ABRAND00160_0000000001', 'facility_ID': 'ABRAND00160', 'equipment_group': 2, 'rate': 0.0030635942164955942, 'lat': 54.76, 'lon': -119.04, 'status': 'repaired', 'days_active': 120, 'days_active_prog_start': 91, 'tagged': True, 'component': 'unknown', 'date_began': datetime.datetime(2016, 10, 2, 0, 0), 'date_tagged': datetime.datetime(2017, 1, 29, 0, 0), 'tagged_by_company': 'natural', 'tagged_by_crew': 1, 'init_detect_by': 'natural', 'init_detect_date': datetime.datetime(2017, 1, 29, 0, 0), 'requires_shutdown': False, 'date_repaired': datetime.datetime(2017, 1, 29, 16, 0), 'repair_delay': 0, 'OGI_sp_covered': 1}, {'leak_ID': 'ABRAND00160_0000000001', 'facility_ID': 'ABRAND00160', 'equipment_group': 2, 'rate': 0.002826551215535003, 'lat': 54.76, 'lon': -119.04, 'status': 'repaired', 'days_active': 120, 'days_active_prog_start': 0, 'tagged': True, 'component': 'unknown', 'date_began': datetime.datetime(2018, 4, 12, 0, 0), 'date_tagged': datetime.datetime(2018, 8, 10, 0, 0), 'tagged_by_company': 'natural', 'tagged_by_crew': 1, 'init_detect_by': 'natural', 'init_detect_date': datetime.datetime(2018, 8, 10, 0, 0), 'requires_shutdown': False, 'date_repaired': datetime.datetime(2018, 8, 10, 16, 0), 'repair_delay': 0, 'OGI_sp_covered': 1}, {'leak_ID': 'ABRAND00160_0000000002', 'facility_ID': 'ABRAND00160', 'equipment_group': 4, 'rate': 0.0009394791206055426, 'lat': 54.76, 'lon': -119.04, 'status': 'repaired', 'days_active': 120, 'days_active_prog_start': 0, 'tagged': True, 'component': 'unknown', 'date_began': datetime.datetime(2018, 6, 9, 0, 0), 'date_tagged': datetime.datetime(2018, 10, 7, 0, 0), 'tagged_by_company': 'natural', 'tagged_by_crew': 1, 'init_detect_by': 'natural', 'init_detect_date': datetime.datetime(2018, 10, 7, 0, 0), 'requires_shutdown': False, 'date_repaired': datetime.datetime(2018, 10, 7, 16, 0), 'repair_delay': 0, 'OGI_sp_covered': 1}, {'leak_ID': 'ABRAND00160_0000000003', 'facility_ID': 'ABRAND00160', 'equipment_group': 4, 'rate': 0.008001223575208312, 'lat': 54.76, 'lon': -119.04, 'status': 'repaired', 'days_active': 120, 'days_active_prog_start': 0, 'tagged': True, 'component': 'unknown', 'date_began': datetime.datetime(2018, 10, 15, 0, 0), 'date_tagged': datetime.datetime(2019, 2, 12, 0, 0), 'tagged_by_company': 'natural', 'tagged_by_crew': 1, 'init_detect_by': 'natural', 'init_detect_date': datetime.datetime(2019, 2, 12, 0, 0), 'requires_shutdown': False, 'date_repaired': datetime.datetime(2019, 2, 12, 16, 0), 'repair_delay': 0, 'OGI_sp_covered': 1}, {'leak_ID': 'ABRAND00160_0000000004', 'facility_ID': 'ABRAND00160', 'equipment_group': 2, 'rate': 0.012796321899921689, 'lat': 54.76, 'lon': -119.04, 'status': 'repaired', 'days_active': 120, 'days_active_prog_start': 0, 'tagged': True, 'component': 'unknown', 'date_began': datetime.datetime(2019, 7, 20, 0, 0), 'date_tagged': datetime.datetime(2019, 11, 17, 0, 0), 'tagged_by_company': 'natural', 'tagged_by_crew': 1, 'init_detect_by': 'natural', 'init_detect_date': datetime.datetime(2019, 11, 17, 0, 0), 'requires_shutdown': False, 'date_repaired': datetime.datetime(2019, 11, 17, 16, 0), 'repair_delay': 0, 'OGI_sp_covered': 1}, {'leak_ID': 'ABRAND00160_0000000005', 'facility_ID': 'ABRAND00160', 'equipment_group': 2, 'rate': 0.0075582614709511714, 'lat': 54.76, 'lon': -119.04, 'status': 'repaired', 'days_active': 120, 'days_active_prog_start': 0, 'tagged': True, 'component': 'unknown', 'date_began': datetime.datetime(2020, 10, 3, 0, 0), 'date_tagged': datetime.datetime(2021, 1, 31, 0, 0), 'tagged_by_company': 'natural', 'tagged_by_crew': 1, 'init_detect_by': 'natural', 'init_detect_date': datetime.datetime(2021, 1, 31, 0, 0), 'requires_shutdown': False, 'date_repaired': datetime.datetime(2021, 1, 31, 16, 0), 'repair_delay': 0, 'OGI_sp_covered': 1}]",[],1,False,,,,2,4,55,30,False,6,10,0,6,0.0,340.7153506109261,0.1623246492985972,0.45132784764518147,0.18669334280050748
ABRAND00614,621,52.97,-115.27,3,6,2,2,2,120,1,30,20,120,1,lognorm,0.062287158377333125,[1.462],"['kilogram', 'hour']",<scipy.stats._distn_infrastructure.rv_frozen object at 0x000002073C01D1C8>,0,4,60,1290.247201123892,[],"[{'leak_ID': 'ABRAND00614_0000000000', 'facility_ID': 'ABRAND00614', 'equipment_group': 1, 'rate': 0.0688771075989212, 'lat': 52.97, 'lon': -115.27, 'status': 'repaired', 'days_active': 74, 'days_active_prog_start': 0, 'tagged': True, 'component': 'unknown', 'date_began': datetime.datetime(2019, 7, 11, 0, 0), 'date_tagged': datetime.datetime(2019, 9, 7, 8, 0), 'tagged_by_company': 'OGI', 'tagged_by_crew': 2, 'init_detect_by': 'OGI', 'init_detect_date': datetime.datetime(2019, 9, 7, 8, 0), 'requires_shutdown': False, 'date_repaired': datetime.datetime(2019, 9, 23, 16, 0), 'repair_delay': 16, 'OGI_sp_covered': 1}, {'leak_ID': 'ABRAND00614_0000000001', 'facility_ID': 'ABRAND00614', 'equipment_group': 1, 'rate': 0.006921983993295022, 'lat': 52.97, 'lon': -115.27, 'status': 'repaired', 'days_active': 120, 'days_active_prog_start': 0, 'tagged': True, 'component': 'unknown', 'date_began': datetime.datetime(2019, 12, 10, 0, 0), 'date_tagged': datetime.datetime(2020, 4, 8, 0, 0), 'tagged_by_company': 'natural', 'tagged_by_crew': 1, 'init_detect_by': 'natural', 'init_detect_date': datetime.datetime(2020, 4, 8, 0, 0), 'requires_shutdown': False, 'date_repaired': datetime.datetime(2020, 4, 8, 16, 0), 'repair_delay': 0, 'OGI_sp_covered': 1}, {'leak_ID': 'ABRAND00614_0000000003', 'facility_ID': 'ABRAND00614', 'equipment_group': 2, 'rate': 0.1073936027129935, 'lat': 52.97, 'lon': -115.27, 'status': 'repaired', 'days_active': 56, 'days_active_prog_start': 0, 'tagged': True, 'component': 'unknown', 'date_began': datetime.datetime(2020, 5, 29, 0, 0), 'date_tagged': datetime.datetime(2020, 7, 8, 8, 0), 'tagged_by_company': 'OGI', 'tagged_by_crew': 2, 'init_detect_by': 'OGI', 'init_detect_date': datetime.datetime(2020, 7, 8, 8, 0), 'requires_shutdown': False, 'date_repaired': datetime.datetime(2020, 7, 24, 16, 0), 'repair_delay': 16, 'OGI_sp_covered': 1}, {'leak_ID': 'ABRAND00614_0000000002', 'facility_ID': 'ABRAND00614', 'equipment_group': 1, 'rate': 0.024931924051928886, 'lat': 52.97, 'lon': -115.27, 'status': 'repaired', 'days_active': 120, 'days_active_prog_start': 0, 'tagged': True, 'component': 'unknown', 'date_began': datetime.datetime(2020, 4, 8, 0, 0), 'date_tagged': datetime.datetime(2020, 8, 6, 0, 0), 'tagged_by_company': 'natural', 'tagged_by_crew': 1, 'init_detect_by': 'natural', 'init_detect_date': datetime.datetime(2020, 8, 6, 0, 0), 'requires_shutdown': False, 'date_repaired': datetime.datetime(2020, 8, 6, 16, 0), 'repair_delay': 0, 'OGI_sp_covered': 1}]",[],0,False,,,,2,4,55,30,False,6,4,0,4,0.0,1290.247201123892,0.16432865731462926,0.45426868608676424,0.7069847677391189
ABRAND00228,351,54.55,-118.63,4,6,2,2,2,120,1,30,20,120,1,lognorm,0.062287158377333125,[1.462],"['kilogram', 'hour']",<scipy.stats._distn_infrastructure.rv_frozen object at 0x000002073C01D1C8>,0,0,60,0.0,[],[],[],0,False,,,,2,4,55,30,False,6,0,0,0,0.0,0.0,0.16633266533066132,0.4571732181209123,0.0
ABRAND01021,601,51.01,-113.52,1,6,2,2,2,120,1,30,20,120,1,lognorm,0.062287158377333125,[1.462],"['kilogram', 'hour']",<scipy.stats._distn_infrastructure.rv_frozen object at 0x000002073C01D1C8>,0,8,60,690.7476897065367,[],"[{'leak_ID': 'ABRAND01021_0000000000', 'facility_ID': 'ABRAND01021', 'equipment_group': 1, 'rate': 0.013178894113821005, 'lat': 51.01, 'lon': -113.52, 'status': 'repaired', 'days_active': 120, 'days_active_prog_start': 0, 'tagged': True, 'component': 'unknown', 'date_began': datetime.datetime(2017, 10, 20, 0, 0), 'date_tagged': datetime.datetime(2018, 2, 17, 0, 0), 'tagged_by_company': 'natural', 'tagged_by_crew': 1, 'init_detect_by': 'natural', 'init_detect_date': datetime.datetime(2018, 2, 17, 0, 0), 'requires_shutdown': False, 'date_repaired': datetime.datetime(2018, 2, 17, 16, 0), 'repair_delay': 0, 'OGI_sp_covered': 1}, {'leak_ID': 'ABRAND01021_0000000001', 'facility_ID': 'ABRAND01021', 'equipment_group': 1, 'rate': 0.02139131821808748, 'lat': 51.01, 'lon': -113.52, 'status': 'repaired', 'days_active': 120, 'days_active_prog_start': 0, 'tagged': True, 'component': 'unknown', 'date_began': datetime.datetime(2018, 4, 20, 0, 0), 'date_tagged': datetime.datetime(2018, 8, 18, 0, 0), 'tagged_by_company': 'natural', 'tagged_by_crew': 1, 'init_detect_by': 'natural', 'init_detect_date': datetime.datetime(2018, 8, 18, 0, 0), 'requires_shutdown': False, 'date_repaired': datetime.datetime(2018, 8, 18, 16, 0), 'repair_delay': 0, 'OGI_sp_covered': 1}, {'leak_ID': 'ABRAND01021_0000000002', 'facility_ID': 'ABRAND01021', 'equipment_group': 1, 'rate': 0.016422448715015955, 'lat': 51.01, 'lon': -113.52, 'status': 'repaired', 'days_active': 120, 'days_active_prog_start': 0, 'tagged': True, 'component': 'unknown', 'date_began': datetime.datetime(2018, 11, 7, 0, 0), 'date_tagged': datetime.datetime(2019, 3, 7, 0, 0), 'tagged_by_company': 'natural', 'tagged_by_crew': 1, 'init_detect_by': 'natural', 'init_detect_date': datetime.datetime(2019, 3, 7, 0, 0), 'requires_shutdown': False, 'date_repaired': datetime.datetime(2019, 3, 7, 16, 0), 'repair_delay': 0, 'OGI_sp_covered': 0}, {'leak_ID': 'ABRAND01021_0000000003', 'facility_ID': 'ABRAND01021', 'equipment_group': 1, 'rate': 0.00277797361118496, 'lat': 51.01, 'lon': -113.52, 'status': 'repaired', 'days_active': 120, 'days_active_prog_start': 0, 'tagged': True, 'component': 'unknown', 'date_began': datetime.datetime(2019, 5, 1, 0, 0), 'date_tagged': datetime.datetime(2019, 8, 29, 0, 0), 'tagged_by_company': 'natural', 'tagged_by_crew': 1, 'init_detect_by': 'natural', 'init_detect_date': datetime.datetime(2019, 8, 29, 0, 0), 'requires_shutdown': False, 'date_repaired': datetime.datetime(2019, 8, 29, 0, 0), 'repair_delay': 0, 'OGI_sp_covered': 1}, {'leak_ID': 'ABRAND01021_0000000004', 'facility_ID': 'ABRAND01021', 'equipment_group': 1, 'rate': 0.001874751464791256, 'lat': 51.01, 'lon': -113.52, 'status': 'repaired', 'days_active': 120, 'days_active_prog_start': 0, 'tagged': True, 'component': 'unknown', 'date_began': datetime.datetime(2019, 9, 3, 0, 0), 'date_tagged': datetime.datetime(2020, 1, 1, 0, 0), 'tagged_by_company': 'natural', 'tagged_by_crew': 1, 'init_detect_by': 'natural', 'init_detect_date': datetime.datetime(2020, 1, 1, 0, 0), 'requires_shutdown': False, 'date_repaired': datetime.datetime(2020, 1, 1, 0, 0), 'repair_delay': 0, 'OGI_sp_covered': 1}, {'leak_ID': 'ABRAND01021_0000000005', 'facility_ID': 'ABRAND01021', 'equipment_group': 1, 'rate': 0.002857277031945465, 'lat': 51.01, 'lon': -113.52, 'status': 'repaired', 'days_active': 120, 'days_active_prog_start': 0, 'tagged': True, 'component': 'unknown', 'date_began': datetime.datetime(2020, 7, 7, 0, 0), 'date_tagged': datetime.datetime(2020, 11, 4, 0, 0), 'tagged_by_company': 'natural', 'tagged_by_crew': 1, 'init_detect_by': 'natural', 'init_detect_date': datetime.datetime(2020, 11, 4, 0, 0), 'requires_shutdown': False, 'date_repaired': datetime.datetime(2020, 11, 4, 16, 0), 'repair_delay': 0, 'OGI_sp_covered': 1}, {'leak_ID': 'ABRAND01021_0000000006', 'facility_ID': 'ABRAND01021', 'equipment_group': 1, 'rate': 0.0031183780149280083, 'lat': 51.01, 'lon': -113.52, 'status': 'repaired', 'days_active': 120, 'days_active_prog_start': 0, 'tagged': True, 'component': 'unknown', 'date_began': datetime.datetime(2020, 10, 6, 0, 0), 'date_tagged': datetime.datetime(2021, 2, 3, 0, 0), 'tagged_by_company': 'natural', 'tagged_by_crew': 1, 'init_detect_by': 'natural', 'init_detect_date': datetime.datetime(2021, 2, 3, 0, 0), 'requires_shutdown': False, 'date_repaired': datetime.datetime(2021, 2, 3, 16, 0), 'repair_delay': 0, 'OGI_sp_covered': 1}, {'leak_ID': 'ABRAND01021_0000000007', 'facility_ID': 'ABRAND01021', 'equipment_group': 1, 'rate': 0.005001999889884114, 'lat': 51.01, 'lon': -113.52, 'status': 'repaired', 'days_active': 120, 'days_active_prog_start': 0, 'tagged': True, 'component': 'unknown', 'date_began': datetime.datetime(2021, 8, 4, 0, 0), 'date_tagged': datetime.datetime(2021, 12, 2, 0, 0), 'tagged_by_company': 'natural', 'tagged_by_crew': 1, 'init_detect_by': 'natural', 'init_detect_date': datetime.datetime(2021, 12, 2, 0, 0), 'requires_shutdown': False, 'date_repaired': datetime.datetime(2021, 12, 2, 16, 0), 'repair_delay': 0, 'OGI_sp_covered': 0}]",[],0,False,,,,3,4,55,30,False,6,11,0,8,0.0,690.7476897065367,0.1683366733466934,0.46007407737317674,0.378491884770705
ABRAND00991,351,52.86,-114.0,1,6,2,2,2,120,1,30,20,120,1,lognorm,0.062287158377333125,[1.462],"['kilogram', 'hour']",<scipy.stats._distn_infrastructure.rv_frozen object at 0x000002073C01D1C8>,1,5,60,1350.0159515122755,[],"[{'leak_ID': 'ABRAND00991_0000000001', 'facility_ID': 'ABRAND00991', 'equipment_group': 1, 'rate': 0.005372135114466383, 'lat': 52.86, 'lon': -114.0, 'status': 'repaired', 'days_active': 120, 'days_active_prog_start': 48, 'tagged': True, 'component': 'unknown', 'date_began': datetime.datetime(2016, 11, 14, 0, 0), 'date_tagged': datetime.datetime(2017, 3, 13, 0, 0), 'tagged_by_company': 'natural', 'tagged_by_crew': 1, 'init_detect_by': 'natural', 'init_detect_date': datetime.datetime(2017, 3, 13, 0, 0), 'requires_shutdown': False, 'date_repaired': datetime.datetime(2017, 3, 13, 16, 0), 'repair_delay': 0, 'OGI_sp_covered': 1}, {'leak_ID': 'ABRAND00991_0000000001', 'facility_ID': 'ABRAND00991', 'equipment_group': 1, 'rate': 0.014394352513684285, 'lat': 52.86, 'lon': -114.0, 'status': 'repaired', 'days_active': 120, 'days_active_prog_start': 0, 'tagged': True, 'component': 'unknown', 'date_began': datetime.datetime(2017, 12, 7, 0, 0), 'date_tagged': datetime.datetime(2018, 4, 6, 0, 0), 'tagged_by_company': 'natural', 'tagged_by_crew': 1, 'init_detect_by': 'natural', 'init_detect_date': datetime.datetime(2018, 4, 6, 0, 0), 'requires_shutdown': False, 'date_repaired': datetime.datetime(2018, 4, 6, 16, 0), 'repair_delay': 0, 'OGI_sp_covered': 1}, {'leak_ID': 'ABRAND00991_0000000002', 'facility_ID': 'ABRAND00991', 'equipment_group': 1, 'rate': 0.032248188884176375, 'lat': 52.86, 'lon': -114.0, 'status': 'repaired', 'days_active': 120, 'days_active_prog_start': 0, 'tagged': True, 'component': 'unknown', 'date_began': datetime.datetime(2018, 3, 28, 0, 0), 'date_tagged': datetime.datetime(2018, 7, 26, 0, 0), 'tagged_by_company': 'natural', 'tagged_by_crew': 1, 'init_detect_by': 'natural', 'init_detect_date': datetime.datetime(2018, 7, 26, 0, 0), 'requires_shutdown': False, 'date_repaired': datetime.datetime(2018, 7, 26, 16, 0), 'repair_delay': 0, 'OGI_sp_covered': 1}, {'leak_ID': 'ABRAND00991_0000000003', 'facility_ID': 'ABRAND00991', 'equipment_group': 1, 'rate': 0.01070779600725058, 'lat': 52.86, 'lon': -114.0, 'status': 'repaired', 'days_active': 120, 'days_active_prog_start': 0, 'tagged': True, 'component': 'unknown', 'date_began': datetime.datetime(2019, 4, 3, 0, 0), 'date_tagged': datetime.datetime(2019, 8, 1, 0, 0), 'tagged_by_company': 'natural', 'tagged_by_crew': 1, 'init_detect_by': 'natural', 'init_detect_date': datetime.datetime(2019, 8, 1, 0, 0), 'requires_shutdown': False, 'date_repaired': datetime.datetime(2019, 8, 1, 16, 0), 'repair_delay': 0, 'OGI_sp_covered': 1}, {'leak_ID': 'ABRAND00991_0000000004', 'facility_ID': 'ABRAND00991', 'equipment_group': 1, 'rate': 0.07203750350973914, 'lat': 52.86, 'lon': -114.0, 'status': 'repaired', 'days_active': 116, 'days_active_prog_start': 0, 'tagged': True, 'component': 'unknown', 'date_began': datetime.datetime(2021, 7, 29, 0, 0), 'date_tagged': datetime.datetime(2021, 11, 6, 10, 30), 'tagged_by_company': 'OGI', 'tagged_by_crew': 2, 'init_detect_by': 'OGI', 'init_detect_date': datetime.datetime(2021, 11, 6, 10, 30), 'requires_shutdown': False, 'date_repaired': datetime.datetime(2021, 11, 22, 16, 0), 'repair_delay': 16, 'OGI_sp_covered': 1}]",[],1,False,,,,2,4,55,30,False,6,6,0,5,0.0,1350.0159515122755,0.17034068136272545,0.4629615448439877,0.7397347679519317
ABRAND00575,311,53.07,-115.43,2,6,2,2,2,120,1,30,20,120,1,lognorm,0.062287158377333125,[1.462],"['kilogram', 'hour']",<scipy.stats._distn_infrastructure.rv_frozen object at 0x000002073C01D1C8>,0,10,60,1246.8054686371236,"[{'leak_ID': 'ABRAND00575_0000000008', 'facility_ID': 'ABRAND00575', 'equipment_group': 1, 'rate': 0.03864476648722241, 'lat': 53.07, 'lon': -115.43, 'status': 'active', 'days_active': 47, 'days_active_prog_start': 0, 'tagged': False, 'component': 'unknown', 'date_began': datetime.datetime(2021, 11, 13, 0, 0), 'date_tagged': None, 'tagged_by_company': None, 'tagged_by_crew': None, 'init_detect_by': None, 'init_detect_date': None, 'requires_shutdown': False, 'date_repaired': None, 'repair_delay': None}, {'leak_ID': 'ABRAND00575_0000000009', 'facility_ID': 'ABRAND00575', 'equipment_group': 2, 'rate': 0.021030940570468882, 'lat': 53.07, 'lon': -115.43, 'status': 'active', 'days_active': 36, 'days_active_prog_start': 0, 'tagged': False, 'component': 'unknown', 'date_began': datetime.datetime(2021, 11, 24, 0, 0), 'date_tagged': None, 'tagged_by_company': None, 'tagged_by_crew': None, 'init_detect_by': None, 'init_detect_date': None, 'requires_shutdown': False, 'date_repaired': None, 'repair_delay': None}]","[{'leak_ID': 'ABRAND00575_0000000000', 'facility_ID': 'ABRAND00575', 'equipment_group': 1, 'rate': 0.01298086797106571, 'lat': 53.07, 'lon': -115.43, 'status': 'repaired', 'days_active': 120, 'days_active_prog_start': 0, 'tagged': True, 'component': 'unknown', 'date_began': datetime.datetime(2018, 12, 17, 0, 0), 'date_tagged': datetime.datetime(2019, 4, 16, 0, 0), 'tagged_by_company': 'natural', 'tagged_by_crew': 1, 'init_detect_by': 'natural', 'init_detect_date': datetime.datetime(2019, 4, 16, 0, 0), 'requires_shutdown': False, 'date_repaired': datetime.datetime(2019, 4, 16, 16, 0), 'repair_delay': 0, 'OGI_sp_covered': 1}, {'leak_ID': 'ABRAND00575_0000000001', 'facility_ID': 'ABRAND00575', 'equipment_group': 2, 'rate': 0.027579384716479426, 'lat': 53.07, 'lon': -115.43, 'status': 'repaired', 'days_active': 120, 'days_active_prog_start': 0, 'tagged': True, 'component': 'unknown', 'date_began': datetime.datetime(2019, 1, 10, 0, 0), 'date_tagged': datetime.datetime(2019, 5, 10, 0, 0), 'tagged_by_company': 'natural', 'tagged_by_crew': 1, 'init_detect_by': 'natural', 'init_detect_date': datetime.datetime(2019, 5, 10, 0, 0), 'requires_shutdown': False, 'date_repaired': datetime.datetime(2019, 5, 10, 16, 0), 'repair_delay': 0, 'OGI_sp_covered': 1}, {'leak_ID': 'ABRAND00575_0000000002', 'facility_ID': 'ABRAND00575', 'equipment_group': 2, 'rate': 0.003243425683855268, 'lat': 53.07, 'lon': -115.43, 'status': 'repaired', 'days_active': 120, 'days_active_prog_start': 0, 'tagged': True, 'component': 'unknown', 'date_began': datetime.datetime(2019, 1, 11, 0, 0), 'date_tagged': datetime.datetime(2019, 5, 11, 0, 0), 'tagged_by_company': 'natural', 'tagged_by_crew': 1, 'init_detect_by': 'natural', 'init_detect_date': datetime.datetime(2019, 5, 11, 0, 0), 'requires_shutdown': False, 'date_repaired': datetime.datetime(2019, 5, 11, 16, 0), 'repair_delay': 0, 'OGI_sp_covered': 0}, {'leak_ID': 'ABRAND00575_0000000003', 'facility_ID': 'ABRAND00575', 'equipment_group': 2, 'rate': 0.006537926837419243, 'lat': 53.07, 'lon': -115.43, 'status': 'repaired', 'days_active': 120, 'days_active_prog_start': 0, 'tagged': True, 'component': 'unknown', 'date_began': datetime.datetime(2019, 1, 22, 0, 0), 'date_tagged': datetime.datetime(2019, 5, 22, 0, 0), 'tagged_by_company': 'natural', 'tagged_by_crew': 1, 'init_detect_by': 'natural', 'init_detect_date': datetime.datetime(2019, 5, 22, 0, 0), 'requires_shutdown': False, 'date_repaired': datetime.datetime(2019, 5, 22, 16, 0), 'repair_delay': 0, 'OGI_sp_covered': 0}, {'leak_ID': 'ABRAND00575_0000000004', 'facility_ID': 'ABRAND00575', 'equipment_group': 2, 'rate': 0.010246456594083821, 'lat': 53.07, 'lon': -115.43, 'status': 'repaired', 'days_active': 120, 'days_active_prog_start': 0, 'tagged': True, 'component': 'unknown', 'date_began': datetime.datetime(2019, 4, 1, 0, 0), 'date_tagged': datetime.datetime(2019, 7, 30, 0, 0), 'tagged_by_company': 'natural', 'tagged_by_crew': 1, 'init_detect_by': 'natural', 'init_detect_date': datetime.datetime(2019, 7, 30, 0, 0), 'requires_shutdown': False, 'date_repaired': datetime.datetime(2019, 7, 30, 16, 0), 'repair_delay': 0, 'OGI_sp_covered': 1}, {'leak_ID': 'ABRAND00575_0000000005', 'facility_ID': 'ABRAND00575', 'equipment_group': 2, 'rate': 0.010474287693997882, 'lat': 53.07, 'lon': -115.43, 'status': 'repaired', 'days_active': 120, 'days_active_prog_start': 0, 'tagged': True, 'component': 'unknown', 'date_began': datetime.datetime(2020, 3, 26, 0, 0), 'date_tagged': datetime.datetime(2020, 7, 24, 0, 0), 'tagged_by_company': 'natural', 'tagged_by_crew': 1, 'init_detect_by': 'natural', 'init_detect_date': datetime.datetime(2020, 7, 24, 0, 0), 'requires_shutdown': False, 'date_repaired': datetime.datetime(2020, 7, 24, 16, 0), 'repair_delay': 0, 'OGI_sp_covered': 1}, {'leak_ID': 'ABRAND00575_0000000007', 'facility_ID': 'ABRAND00575', 'equipment_group': 2, 'rate': 0.055187166155812484, 'lat': 53.07, 'lon': -115.43, 'status': 'repaired', 'days_active': 46, 'days_active_prog_start': 0, 'tagged': True, 'component': 'unknown', 'date_began': datetime.datetime(2021, 8, 8, 0, 0), 'date_tagged': datetime.datetime(2021, 9, 7, 10, 30), 'tagged_by_company': 'OGI', 'tagged_by_crew': 3, 'init_detect_by': 'OGI', 'init_detect_date': datetime.datetime(2021, 9, 7, 10, 30), 'requires_shutdown': False, 'date_repaired': datetime.datetime(2021, 9, 23, 16, 0), 'repair_delay': 16, 'OGI_sp_covered': 1}, {'leak_ID': 'ABRAND00575_0000000006', 'facility_ID': 'ABRAND00575', 'equipment_group': 1, 'rate': 0.0065925781811236395, 'lat': 53.07, 'lon': -115.43, 'status': 'repaired', 'days_active': 120, 'days_active_prog_start': 0, 'tagged': True, 'component': 'unknown', 'date_began': datetime.datetime(2021, 6, 2, 0, 0), 'date_tagged': datetime.datetime(2021, 9, 30, 0, 0), 'tagged_by_company': 'natural', 'tagged_by_crew': 1, 'init_detect_by': 'natural', 'init_detect_date': datetime.datetime(2021, 9, 30, 0, 0), 'requires_shutdown': False, 'date_repaired': datetime.datetime(2021, 9, 30, 16, 0), 'repair_delay': 0, 'OGI_sp_covered': 0}]",[],0,False,,,,2,4,55,30,False,6,11,2,8,222.34330530169922,1024.4621633354243,0.17234468937875752,0.4658072696186757,0.6831810787052732
ABRAND00588,311,52.85,-115.38,1,6,2,2,2,120,1,30,20,120,1,lognorm,0.062287158377333125,[1.462],"['kilogram', 'hour']",<scipy.stats._distn_infrastructure.rv_frozen object at 0x000002073C01D1C8>,0,4,60,988.3059418618088,[],"[{'leak_ID': 'ABRAND00588_0000000000', 'facility_ID': 'ABRAND00588', 'equipment_group': 1, 'rate': 0.19326370439292315, 'lat': 52.85, 'lon': -115.38, 'status': 'repaired', 'days_active': 22, 'days_active_prog_start': 0, 'tagged': True, 'component': 'unknown', 'date_began': datetime.datetime(2017, 10, 31, 0, 0), 'date_tagged': datetime.datetime(2017, 11, 6, 13, 0), 'tagged_by_company': 'OGI', 'tagged_by_crew': 1, 'init_detect_by': 'OGI', 'init_detect_date': datetime.datetime(2017, 11, 6, 13, 0), 'requires_shutdown': False, 'date_repaired': datetime.datetime(2017, 11, 22, 16, 0), 'repair_delay': 16, 'OGI_sp_covered': 1}, {'leak_ID': 'ABRAND00588_0000000001', 'facility_ID': 'ABRAND00588', 'equipment_group': 1, 'rate': 0.007535300131845865, 'lat': 52.85, 'lon': -115.38, 'status': 'repaired', 'days_active': 120, 'days_active_prog_start': 0, 'tagged': True, 'component': 'unknown', 'date_began': datetime.datetime(2019, 11, 14, 0, 0), 'date_tagged': datetime.datetime(2020, 3, 13, 0, 0), 'tagged_by_company': 'natural', 'tagged_by_crew': 1, 'init_detect_by': 'natural', 'init_detect_date': datetime.datetime(2020, 3, 13, 0, 0), 'requires_shutdown': False, 'date_repaired': datetime.datetime(2020, 3, 13, 16, 0), 'repair_delay': 0, 'OGI_sp_covered': 1}, {'leak_ID': 'ABRAND00588_0000000002', 'facility_ID': 'ABRAND00588', 'equipment_group': 1, 'rate': 0.1602667282723131, 'lat': 52.85, 'lon': -115.38, 'status': 'repaired', 'days_active': 25, 'days_active_prog_start': 0, 'tagged': True, 'component': 'unknown', 'date_began': datetime.datetime(2020, 6, 29, 0, 0), 'date_tagged': datetime.datetime(2020, 7, 8, 13, 0), 'tagged_by_company': 'OGI', 'tagged_by_crew': 1, 'init_detect_by': 'OGI', 'init_detect_date': datetime.datetime(2020, 7, 8, 13, 0), 'requires_shutdown': False, 'date_repaired': datetime.datetime(2020, 7, 24, 16, 0), 'repair_delay': 16, 'OGI_sp_covered': 1}, {'leak_ID': 'ABRAND00588_0000000003', 'facility_ID': 'ABRAND00588', 'equipment_group': 1, 'rate': 0.01896683716402066, 'lat': 52.85, 'lon': -115.38, 'status': 'repaired', 'days_active': 120, 'days_active_prog_start': 0, 'tagged': True, 'component': 'unknown', 'date_began': datetime.datetime(2020, 10, 2, 0, 0), 'date_tagged': datetime.datetime(2021, 1, 30, 0, 0), 'tagged_by_company': 'natural', 'tagged_by_crew': 1, 'init_detect_by': 'natural', 'init_detect_date': datetime.datetime(2021, 1, 30, 0, 0), 'requires_shutdown': False, 'date_repaired': datetime.datetime(2021, 1, 30, 16, 0), 'repair_delay': 0, 'OGI_sp_covered': 1}]",[],0,False,,,,2,4,55,30,False,6,4,0,4,0.0,988.3059418618088,0.1743486973947896,0.46865277298617986,0.5415375023900323
ABRAND00753,601,53.22,-114.67,1,6,2,2,2,120,1,30,20,120,1,lognorm,0.062287158377333125,[1.462],"['kilogram', 'hour']",<scipy.stats._distn_infrastructure.rv_frozen object at 0x000002073C01D1C8>,1,7,60,2342.2694853169805,[],"[{'leak_ID': 'ABRAND00753_0000000001', 'facility_ID': 'ABRAND00753', 'equipment_group': 1, 'rate': 0.023028261697474618, 'lat': 53.22, 'lon': -114.67, 'status': 'repaired', 'days_active': 120, 'days_active_prog_start': 87, 'tagged': True, 'component': 'unknown', 'date_began': datetime.datetime(2016, 10, 6, 0, 0), 'date_tagged': datetime.datetime(2017, 2, 2, 0, 0), 'tagged_by_company': 'natural', 'tagged_by_crew': 1, 'init_detect_by': 'natural', 'init_detect_date': datetime.datetime(2017, 2, 2, 0, 0), 'requires_shutdown': False, 'date_repaired': datetime.datetime(2017, 2, 2, 16, 0), 'repair_delay': 0, 'OGI_sp_covered': 1}, {'leak_ID': 'ABRAND00753_0000000001', 'facility_ID': 'ABRAND00753', 'equipment_group': 1, 'rate': 0.03886408173940039, 'lat': 53.22, 'lon': -114.67, 'status': 'repaired', 'days_active': 120, 'days_active_prog_start': 0, 'tagged': True, 'component': 'unknown', 'date_began': datetime.datetime(2018, 7, 23, 0, 0), 'date_tagged': datetime.datetime(2018, 11, 20, 0, 0), 'tagged_by_company': 'natural', 'tagged_by_crew': 2, 'init_detect_by': 'OGI', 'init_detect_date': datetime.datetime(2018, 11, 6, 13, 0), 'requires_shutdown': False, 'date_repaired': datetime.datetime(2018, 11, 20, 16, 0), 'repair_delay': 0, 'OGI_sp_covered': 1}, {'leak_ID': 'ABRAND00753_0000000002', 'facility_ID': 'ABRAND00753', 'equipment_group': 1, 'rate': 0.13322655918203424, 'lat': 53.22, 'lon': -114.67, 'status': 'repaired', 'days_active': 73, 'days_active_prog_start': 0, 'tagged': True, 'component': 'unknown', 'date_began': datetime.datetime(2019, 1, 13, 0, 0), 'date_tagged': datetime.datetime(2019, 3, 11, 13, 0), 'tagged_by_company': 'OGI', 'tagged_by_crew': 2, 'init_detect_by': 'OGI', 'init_detect_date': datetime.datetime(2019, 3, 11, 13, 0), 'requires_shutdown': False, 'date_repaired': datetime.datetime(2019, 3, 27, 16, 0), 'repair_delay': 16, 'OGI_sp_covered': 1}, {'leak_ID': 'ABRAND00753_0000000003', 'facility_ID': 'ABRAND00753', 'equipment_group': 1, 'rate': 0.001906038516300425, 'lat': 53.22, 'lon': -114.67, 'status': 'repaired', 'days_active': 120, 'days_active_prog_start': 0, 'tagged': True, 'component': 'unknown', 'date_began': datetime.datetime(2020, 1, 23, 0, 0), 'date_tagged': datetime.datetime(2020, 5, 22, 0, 0), 'tagged_by_company': 'natural', 'tagged_by_crew': 1, 'init_detect_by': 'natural', 'init_detect_date': datetime.datetime(2020, 5, 22, 0, 0), 'requires_shutdown': False, 'date_repaired': datetime.datetime(2020, 5, 22, 16, 0), 'repair_delay': 0, 'OGI_sp_covered': 1}, {'leak_ID': 'ABRAND00753_0000000004', 'facility_ID': 'ABRAND00753', 'equipment_group': 1, 'rate': 0.004768668775376128, 'lat': 53.22, 'lon': -114.67, 'status': 'repaired', 'days_active': 120, 'days_active_prog_start': 0, 'tagged': True, 'component': 'unknown', 'date_began': datetime.datetime(2020, 1, 31, 0, 0), 'date_tagged': datetime.datetime(2020, 5, 30, 0, 0), 'tagged_by_company': 'natural', 'tagged_by_crew': 1, 'init_detect_by': 'natural', 'init_detect_date': datetime.datetime(2020, 5, 30, 0, 0), 'requires_shutdown': False, 'date_repaired': datetime.datetime(2020, 5, 30, 16, 0), 'repair_delay': 0, 'OGI_sp_covered': 1}, {'leak_ID': 'ABRAND00753_0000000005', 'facility_ID': 'ABRAND00753', 'equipment_group': 1, 'rate': 0.10242016020297566, 'lat': 53.22, 'lon': -114.67, 'status': 'repaired', 'days_active': 99, 'days_active_prog_start': 0, 'tagged': True, 'component': 'unknown', 'date_began': datetime.datetime(2021, 4, 17, 0, 0), 'date_tagged': datetime.datetime(2021, 7, 9, 13, 0), 'tagged_by_company': 'OGI', 'tagged_by_crew': 2, 'init_detect_by': 'OGI', 'init_detect_date': datetime.datetime(2021, 7, 9, 13, 0), 'requires_shutdown': False, 'date_repaired': datetime.datetime(2021, 7, 25, 16, 0), 'repair_delay': 16, 'OGI_sp_covered': 1}, {'leak_ID': 'ABRAND00753_0000000006', 'facility_ID': 'ABRAND00753', 'equipment_group': 1, 'rate': 0.008498987703109152, 'lat': 53.22, 'lon': -114.67, 'status': 'repaired', 'days_active': 120, 'days_active_prog_start': 0, 'tagged': True, 'component': 'unknown', 'date_began': datetime.datetime(2021, 6, 20, 0, 0), 'date_tagged': datetime.datetime(2021, 10, 18, 0, 0), 'tagged_by_company': 'natural', 'tagged_by_crew': 1, 'init_detect_by': 'natural', 'init_detect_date': datetime.datetime(2021, 10, 18, 0, 0), 'requires_shutdown': False, 'date_repaired': datetime.datetime(2021, 10, 18, 16, 0), 'repair_delay': 0, 'OGI_sp_covered': 1}]",[],1,False,,,,2,4,55,30,False,6,5,0,7,0.0,2342.2694853169805,0.17635270541082165,0.47149225022628566,1.2834353344202634
ABRAND00093,311,54.84,-119.51,2,6,2,2,2,120,1,30,20,120,1,lognorm,0.062287158377333125,[1.462],"['kilogram', 'hour']",<scipy.stats._distn_infrastructure.rv_frozen object at 0x000002073C01D1C8>,1,7,60,1070.3561791044424,"[{'leak_ID': 'ABRAND00093_0000000006', 'facility_ID': 'ABRAND00093', 'equipment_group': 2, 'rate': 0.0013066682060645157, 'lat': 54.84, 'lon': -119.51, 'status': 'active', 'days_active': 25, 'days_active_prog_start': 0, 'tagged': False, 'component': 'unknown', 'date_began': datetime.datetime(2021, 12, 5, 0, 0), 'date_tagged': None, 'tagged_by_company': None, 'tagged_by_crew': None, 'init_detect_by': None, 'init_detect_date': None, 'requires_shutdown': False, 'date_repaired': None, 'repair_delay': None}]","[{'leak_ID': 'ABRAND00093_0000000001', 'facility_ID': 'ABRAND00093', 'equipment_group': 1, 'rate': 0.014777535802787274, 'lat': 54.84, 'lon': -119.51, 'status': 'repaired', 'days_active': 120, 'days_active_prog_start': 50, 'tagged': True, 'component': 'unknown', 'date_began': datetime.datetime(2016, 11, 12, 0, 0), 'date_tagged': datetime.datetime(2017, 3, 11, 0, 0), 'tagged_by_company': 'natural', 'tagged_by_crew': 1, 'init_detect_by': 'natural', 'init_detect_date': datetime.datetime(2017, 3, 11, 0, 0), 'requires_shutdown': False, 'date_repaired': datetime.datetime(2017, 3, 11, 16, 0), 'repair_delay': 0, 'OGI_sp_covered': 1}, {'leak_ID': 'ABRAND00093_0000000001', 'facility_ID': 'ABRAND00093', 'equipment_group': 1, 'rate': 0.005977766434897759, 'lat': 54.84, 'lon': -119.51, 'status': 'repaired', 'days_active': 120, 'days_active_prog_start': 0, 'tagged': True, 'component': 'unknown', 'date_began': datetime.datetime(2017, 8, 30, 0, 0), 'date_tagged': datetime.datetime(2017, 12, 28, 0, 0), 'tagged_by_company': 'natural', 'tagged_by_crew': 1, 'init_detect_by': 'natural', 'init_detect_date': datetime.datetime(2017, 12, 28, 0, 0), 'requires_shutdown': False, 'date_repaired': datetime.datetime(2017, 12, 28, 0, 0), 'repair_delay': 0, 'OGI_sp_covered': 1}, {'leak_ID': 'ABRAND00093_0000000002', 'facility_ID': 'ABRAND00093', 'equipment_group': 2, 'rate': 0.005285907331227701, 'lat': 54.84, 'lon': -119.51, 'status': 'repaired', 'days_active': 120, 'days_active_prog_start': 0, 'tagged': True, 'component': 'unknown', 'date_began': datetime.datetime(2017, 9, 30, 0, 0), 'date_tagged': datetime.datetime(2018, 1, 28, 0, 0), 'tagged_by_company': 'natural', 'tagged_by_crew': 1, 'init_detect_by': 'natural', 'init_detect_date': datetime.datetime(2018, 1, 28, 0, 0), 'requires_shutdown': False, 'date_repaired': datetime.datetime(2018, 1, 28, 16, 0), 'repair_delay': 0, 'OGI_sp_covered': 1}, {'leak_ID': 'ABRAND00093_0000000003', 'facility_ID': 'ABRAND00093', 'equipment_group': 2, 'rate': 0.014119340415750184, 'lat': 54.84, 'lon': -119.51, 'status': 'repaired', 'days_active': 120, 'days_active_prog_start': 0, 'tagged': True, 'component': 'unknown', 'date_began': datetime.datetime(2017, 11, 20, 0, 0), 'date_tagged': datetime.datetime(2018, 3, 20, 0, 0), 'tagged_by_company': 'natural', 'tagged_by_crew': 1, 'init_detect_by': 'natural', 'init_detect_date': datetime.datetime(2018, 3, 20, 0, 0), 'requires_shutdown': False, 'date_repaired': datetime.datetime(2018, 3, 20, 16, 0), 'repair_delay': 0, 'OGI_sp_covered': 1}, {'leak_ID': 'ABRAND00093_0000000004', 'facility_ID': 'ABRAND00093', 'equipment_group': 2, 'rate': 0.18831715526534182, 'lat': 54.84, 'lon': -119.51, 'status': 'repaired', 'days_active': 43, 'days_active_prog_start': 0, 'tagged': True, 'component': 'unknown', 'date_began': datetime.datetime(2019, 10, 10, 0, 0), 'date_tagged': datetime.datetime(2019, 11, 6, 13, 0), 'tagged_by_company': 'OGI', 'tagged_by_crew': 3, 'init_detect_by': 'OGI', 'init_detect_date': datetime.datetime(2019, 11, 6, 13, 0), 'requires_shutdown': False, 'date_repaired': datetime.datetime(2019, 11, 22, 16, 0), 'repair_delay': 16, 'OGI_sp_covered': 1}, {'leak_ID': 'ABRAND00093_0000000005', 'facility_ID': 'ABRAND00093', 'equipment_group': 1, 'rate': 0.0014807342751351228, 'lat': 54.84, 'lon': -119.51, 'status': 'repaired', 'days_active': 120, 'days_active_prog_start': 0, 'tagged': True, 'component': 'unknown', 'date_began': datetime.datetime(2021, 3, 8, 0, 0), 'date_tagged': datetime.datetime(2021, 7, 6, 0, 0), 'tagged_by_company': 'natural', 'tagged_by_crew': 1, 'init_detect_by': 'natural', 'init_detect_date': datetime.datetime(2021, 7, 6, 0, 0), 'requires_shutdown': False, 'date_repaired': datetime.datetime(2021, 7, 6, 16, 0), 'repair_delay': 0, 'OGI_sp_covered': 1}]",[],1,False,,,,2,4,55,30,False,6,10,1,6,2.822403325099354,1067.533775779343,0.17835671342685372,0.4742945289443469,0.5864965364955849
ABRAND01108,601,55.65,-111.05,5,6,2,2,2,120,1,30,20,120,1,lognorm,0.062287158377333125,[1.462],"['kilogram', 'hour']",<scipy.stats._distn_infrastructure.rv_frozen object at 0x000002073C01D1C8>,0,4,60,1367.7871503640408,"[{'leak_ID': 'ABRAND01108_0000000003', 'facility_ID': 'ABRAND01108', 'equipment_group': 1, 'rate': 0.010156353936795965, 'lat': 55.65, 'lon': -111.05, 'status': 'active', 'days_active': 73, 'days_active_prog_start': 0, 'tagged': False, 'component': 'unknown', 'date_began': datetime.datetime(2021, 10, 18, 0, 0), 'date_tagged': None, 'tagged_by_company': None, 'tagged_by_crew': None, 'init_detect_by': None, 'init_detect_date': None, 'requires_shutdown': False, 'date_repaired': None, 'repair_delay': None, 'OGI_sp_covered': 1}]","[{'leak_ID': 'ABRAND01108_0000000000', 'facility_ID': 'ABRAND01108', 'equipment_group': 2, 'rate': 0.05589315684333706, 'lat': 55.65, 'lon': -111.05, 'status': 'repaired', 'days_active': 72, 'days_active_prog_start': 0, 'tagged': True, 'component': 'unknown', 'date_began': datetime.datetime(2019, 5, 15, 0, 0), 'date_tagged': datetime.datetime(2019, 7, 10, 8, 0), 'tagged_by_company': 'OGI', 'tagged_by_crew': 1, 'init_detect_by': 'OGI', 'init_detect_date': datetime.datetime(2019, 7, 10, 8, 0), 'requires_shutdown': False, 'date_repaired': datetime.datetime(2019, 7, 26, 16, 0), 'repair_delay': 16, 'OGI_sp_covered': 1}, {'leak_ID': 'ABRAND01108_0000000001', 'facility_ID': 'ABRAND01108', 'equipment_group': 5, 'rate': 0.031079709901909783, 'lat': 55.65, 'lon': -111.05, 'status': 'repaired', 'days_active': 120, 'days_active_prog_start': 0, 'tagged': True, 'component': 'unknown', 'date_began': datetime.datetime(2019, 12, 13, 0, 0), 'date_tagged': datetime.datetime(2020, 4, 11, 0, 0), 'tagged_by_company': 'natural', 'tagged_by_crew': 1, 'init_detect_by': 'natural', 'init_detect_date': datetime.datetime(2020, 4, 11, 0, 0), 'requires_shutdown': False, 'date_repaired': datetime.datetime(2020, 4, 11, 16, 0), 'repair_delay': 0, 'OGI_sp_covered': 1}, {'leak_ID': 'ABRAND01108_0000000002', 'facility_ID': 'ABRAND01108', 'equipment_group': 5, 'rate': 0.3860833409233975, 'lat': 55.65, 'lon': -111.05, 'status': 'repaired', 'days_active': 19, 'days_active_prog_start': 0, 'tagged': True, 'component': 'unknown', 'date_began': datetime.datetime(2020, 11, 3, 0, 0), 'date_tagged': datetime.datetime(2020, 11, 6, 8, 0), 'tagged_by_company': 'OGI', 'tagged_by_crew': 1, 'init_detect_by': 'OGI', 'init_detect_date': datetime.datetime(2020, 11, 6, 8, 0), 'requires_shutdown': False, 'date_repaired': datetime.datetime(2020, 11, 22, 16, 0), 'repair_delay': 16, 'OGI_sp_covered': 1}]",[],0,False,,,,1,4,54,30,False,6,3,1,3,64.05815555015951,1303.7289948138814,0.18036072144288579,0.4770833699279289,0.7494724111583785
ABRAND00471,621,53.85,-115.81,4,6,2,2,2,120,1,30,20,120,1,lognorm,0.062287158377333125,[1.462],"['kilogram', 'hour']",<scipy.stats._distn_infrastructure.rv_frozen object at 0x000002073C01D1C8>,0,6,60,873.7481748867455,"[{'leak_ID': 'ABRAND00471_0000000005', 'facility_ID': 'ABRAND00471', 'equipment_group': 4, 'rate': 0.008394567189005013, 'lat': 53.85, 'lon': -115.81, 'status': 'active', 'days_active': 7, 'days_active_prog_start': 0, 'tagged': False, 'component': 'unknown', 'date_began': datetime.datetime(2021, 12, 23, 0, 0), 'date_tagged': None, 'tagged_by_company': None, 'tagged_by_crew': None, 'init_detect_by': None, 'init_detect_date': None, 'requires_shutdown': False, 'date_repaired': None, 'repair_delay': None}]","[{'leak_ID': 'ABRAND00471_0000000000', 'facility_ID': 'ABRAND00471', 'equipment_group': 1, 'rate': 0.00078831200939201, 'lat': 53.85, 'lon': -115.81, 'status': 'repaired', 'days_active': 120, 'days_active_prog_start': 0, 'tagged': True, 'component': 'unknown', 'date_began': datetime.datetime(2017, 2, 26, 0, 0), 'date_tagged': datetime.datetime(2017, 6, 26, 0, 0), 'tagged_by_company': 'natural', 'tagged_by_crew': 1, 'init_detect_by': 'natural', 'init_detect_date': datetime.datetime(2017, 6, 26, 0, 0), 'requires_shutdown': False, 'date_repaired': datetime.datetime(2017, 6, 26, 0, 0), 'repair_delay': 0, 'OGI_sp_covered': 1}, {'leak_ID': 'ABRAND00471_0000000001', 'facility_ID': 'ABRAND00471', 'equipment_group': 3, 'rate': 0.019854371772588433, 'lat': 53.85, 'lon': -115.81, 'status': 'repaired', 'days_active': 120, 'days_active_prog_start': 0, 'tagged': True, 'component': 'unknown', 'date_began': datetime.datetime(2017, 4, 24, 0, 0), 'date_tagged': datetime.datetime(2017, 8, 22, 0, 0), 'tagged_by_company': 'natural', 'tagged_by_crew': 1, 'init_detect_by': 'natural', 'init_detect_date': datetime.datetime(2017, 8, 22, 0, 0), 'requires_shutdown': False, 'date_repaired': datetime.datetime(2017, 8, 22, 16, 0), 'repair_delay': 0, 'OGI_sp_covered': 1}, {'leak_ID': 'ABRAND00471_0000000002', 'facility_ID': 'ABRAND00471', 'equipment_group': 1, 'rate': 0.04793868761748375, 'lat': 53.85, 'lon': -115.81, 'status': 'repaired', 'days_active': 25, 'days_active_prog_start': 0, 'tagged': True, 'component': 'unknown', 'date_began': datetime.datetime(2018, 7, 1, 0, 0), 'date_tagged': datetime.datetime(2018, 7, 10, 8, 0), 'tagged_by_company': 'OGI', 'tagged_by_crew': 2, 'init_detect_by': 'OGI', 'init_detect_date': datetime.datetime(2018, 7, 10, 8, 0), 'requires_shutdown': False, 'date_repaired': datetime.datetime(2018, 7, 26, 16, 0), 'repair_delay': 16, 'OGI_sp_covered': 1}, {'leak_ID': 'ABRAND00471_0000000003', 'facility_ID': 'ABRAND00471', 'equipment_group': 3, 'rate': 0.04256786848558654, 'lat': 53.85, 'lon': -115.81, 'status': 'repaired', 'days_active': 87, 'days_active_prog_start': 0, 'tagged': True, 'component': 'unknown', 'date_began': datetime.datetime(2018, 8, 28, 0, 0), 'date_tagged': datetime.datetime(2018, 11, 7, 8, 0), 'tagged_by_company': 'OGI', 'tagged_by_crew': 2, 'init_detect_by': 'OGI', 'init_detect_date': datetime.datetime(2018, 11, 7, 8, 0), 'requires_shutdown': False, 'date_repaired': datetime.datetime(2018, 11, 23, 16, 0), 'repair_delay': 16, 'OGI_sp_covered': 1}, {'leak_ID': 'ABRAND00471_0000000004', 'facility_ID': 'ABRAND00471', 'equipment_group': 2, 'rate': 0.022292252711520074, 'lat': 53.85, 'lon': -115.81, 'status': 'repaired', 'days_active': 120, 'days_active_prog_start': 0, 'tagged': True, 'component': 'unknown', 'date_began': datetime.datetime(2021, 6, 18, 0, 0), 'date_tagged': datetime.datetime(2021, 10, 16, 0, 0), 'tagged_by_company': 'natural', 'tagged_by_crew': 1, 'init_detect_by': 'natural', 'init_detect_date': datetime.datetime(2021, 10, 16, 0, 0), 'requires_shutdown': False, 'date_repaired': datetime.datetime(2021, 10, 16, 16, 0), 'repair_delay': 0, 'OGI_sp_covered': 1}]",[],0,False,,,,2,4,54,30,False,6,6,1,5,5.077034235910233,868.6711406508352,0.18236472945891782,0.4798570385660278,0.47876612322561396
ABRAND00547,601,52.97,-115.56,5,6,2,2,2,120,1,30,20,120,1,lognorm,0.062287158377333125,[1.462],"['kilogram', 'hour']",<scipy.stats._distn_infrastructure.rv_frozen object at 0x000002073C01D1C8>,0,4,60,503.98636736077236,[],"[{'leak_ID': 'ABRAND00547_0000000000', 'facility_ID': 'ABRAND00547', 'equipment_group': 4, 'rate': 0.002057786054749322, 'lat': 52.97, 'lon': -115.56, 'status': 'repaired', 'days_active': 120, 'days_active_prog_start': 0, 'tagged': True, 'component': 'unknown', 'date_began': datetime.datetime(2017, 4, 13, 0, 0), 'date_tagged': datetime.datetime(2017, 8, 11, 0, 0), 'tagged_by_company': 'natural', 'tagged_by_crew': 1, 'init_detect_by': 'natural', 'init_detect_date': datetime.datetime(2017, 8, 11, 0, 0), 'requires_shutdown': False, 'date_repaired': datetime.datetime(2017, 8, 11, 16, 0), 'repair_delay': 0, 'OGI_sp_covered': 1}, {'leak_ID': 'ABRAND00547_0000000001', 'facility_ID': 'ABRAND00547', 'equipment_group': 2, 'rate': 0.04619657819154812, 'lat': 52.97, 'lon': -115.56, 'status': 'repaired', 'days_active': 68, 'days_active_prog_start': 0, 'tagged': True, 'component': 'unknown', 'date_began': datetime.datetime(2017, 9, 16, 0, 0), 'date_tagged': datetime.datetime(2017, 11, 7, 8, 0), 'tagged_by_company': 'OGI', 'tagged_by_crew': 3, 'init_detect_by': 'OGI', 'init_detect_date': datetime.datetime(2017, 11, 7, 8, 0), 'requires_shutdown': False, 'date_repaired': datetime.datetime(2017, 11, 23, 16, 0), 'repair_delay': 16, 'OGI_sp_covered': 1}, {'leak_ID': 'ABRAND00547_0000000002', 'facility_ID': 'ABRAND00547', 'equipment_group': 4, 'rate': 0.017617030878069675, 'lat': 52.97, 'lon': -115.56, 'status': 'repaired', 'days_active': 120, 'days_active_prog_start': 0, 'tagged': True, 'component': 'unknown', 'date_began': datetime.datetime(2018, 9, 4, 0, 0), 'date_tagged': datetime.datetime(2019, 1, 2, 0, 0), 'tagged_by_company': 'natural', 'tagged_by_crew': 1, 'init_detect_by': 'natural', 'init_detect_date': datetime.datetime(2019, 1, 2, 0, 0), 'requires_shutdown': False, 'date_repaired': datetime.datetime(2019, 1, 2, 16, 0), 'repair_delay': 0, 'OGI_sp_covered': 1}, {'leak_ID': 'ABRAND00547_0000000003', 'facility_ID': 'ABRAND00547', 'equipment_group': 1, 'rate': 0.002756918326612794, 'lat': 52.97, 'lon': -115.56, 'status': 'repaired', 'days_active': 120, 'days_active_prog_start': 0, 'tagged': True, 'component': 'unknown', 'date_began': datetime.datetime(2021, 6, 25, 0, 0), 'date_tagged': datetime.datetime(2021, 10, 23, 0, 0), 'tagged_by_company': 'natural', 'tagged_by_crew': 1, 'init_detect_by': 'natural', 'init_detect_date': datetime.datetime(2021, 10, 23, 0, 0), 'requires_shutdown': False, 'date_repaired': datetime.datetime(2021, 10, 23, 16, 0), 'repair_delay': 0, 'OGI_sp_covered': 1}]",[],0,False,,,,2,4,54,30,False,6,5,0,4,0.0,503.98636736077236,0.1843687374749499,0.4826275950882958,0.276156913622341
ABRAND00044,601,55.12,-119.76,2,6,2,2,2,120,1,30,20,120,1,lognorm,0.062287158377333125,[1.462],"['kilogram', 'hour']",<scipy.stats._distn_infrastructure.rv_frozen object at 0x000002073C01D1C8>,0,4,60,1698.1230134401476,"[{'leak_ID': 'ABRAND00044_0000000003', 'facility_ID': 'ABRAND00044', 'equipment_group': 1, 'rate': 0.0068935146211451925, 'lat': 55.12, 'lon': -119.76, 'status': 'active', 'days_active': 100, 'days_active_prog_start': 0, 'tagged': False, 'component': 'unknown', 'date_began': datetime.datetime(2021, 9, 21, 0, 0), 'date_tagged': None, 'tagged_by_company': None, 'tagged_by_crew': None, 'init_detect_by': None, 'init_detect_date': None, 'requires_shutdown': False, 'date_repaired': None, 'repair_delay': None, 'OGI_sp_covered': 1}]","[{'leak_ID': 'ABRAND00044_0000000000', 'facility_ID': 'ABRAND00044', 'equipment_group': 1, 'rate': 0.14513861713573634, 'lat': 55.12, 'lon': -119.76, 'status': 'repaired', 'days_active': 120, 'days_active_prog_start': 0, 'tagged': True, 'component': 'unknown', 'date_began': datetime.datetime(2017, 7, 25, 0, 0), 'date_tagged': datetime.datetime(2017, 11, 22, 0, 0), 'tagged_by_company': 'natural', 'tagged_by_crew': 1, 'init_detect_by': 'OGI', 'init_detect_date': datetime.datetime(2017, 11, 7, 10, 30), 'requires_shutdown': False, 'date_repaired': datetime.datetime(2017, 11, 22, 16, 0), 'repair_delay': 0, 'OGI_sp_covered': 1}, {'leak_ID': 'ABRAND00044_0000000001', 'facility_ID': 'ABRAND00044', 'equipment_group': 2, 'rate': 0.010090319283580932, 'lat': 55.12, 'lon': -119.76, 'status': 'repaired', 'days_active': 120, 'days_active_prog_start': 0, 'tagged': True, 'component': 'unknown', 'date_began': datetime.datetime(2019, 10, 10, 0, 0), 'date_tagged': datetime.datetime(2020, 2, 7, 0, 0), 'tagged_by_company': 'natural', 'tagged_by_crew': 1, 'init_detect_by': 'natural', 'init_detect_date': datetime.datetime(2020, 2, 7, 0, 0), 'requires_shutdown': False, 'date_repaired': datetime.datetime(2020, 2, 7, 16, 0), 'repair_delay': 0, 'OGI_sp_covered': 1}, {'leak_ID': 'ABRAND00044_0000000002', 'facility_ID': 'ABRAND00044', 'equipment_group': 2, 'rate': 0.002811480933446352, 'lat': 55.12, 'lon': -119.76, 'status': 'repaired', 'days_active': 120, 'days_active_prog_start': 0, 'tagged': True, 'component': 'unknown', 'date_began': datetime.datetime(2020, 9, 1, 0, 0), 'date_tagged': datetime.datetime(2020, 12, 30, 0, 0), 'tagged_by_company': 'natural', 'tagged_by_crew': 1, 'init_detect_by': 'natural', 'init_detect_date': datetime.datetime(2020, 12, 30, 0, 0), 'requires_shutdown': False, 'date_repaired': datetime.datetime(2020, 12, 30, 0, 0), 'repair_delay': 0, 'OGI_sp_covered': 1}]",[],0,False,,,,2,4,54,30,False,6,3,1,3,59.559966326694465,1638.5630471134532,0.18637274549098196,0.4853944176663055,0.9304783635288479
ABRAND01061,601,50.17,-112.78,3,6,2,2,2,120,1,30,20,120,1,lognorm,0.062287158377333125,[1.462],"['kilogram', 'hour']",<scipy.stats._distn_infrastructure.rv_frozen object at 0x000002073C01D1C8>,0,4,60,763.4239430903813,"[{'leak_ID': 'ABRAND01061_0000000003', 'facility_ID': 'ABRAND01061', 'equipment_group': 1, 'rate': 0.010498293450603826, 'lat': 50.17, 'lon': -112.78, 'status': 'active', 'days_active': 4, 'days_active_prog_start': 0, 'tagged': False, 'component': 'unknown', 'date_began': datetime.datetime(2021, 12, 26, 0, 0), 'date_tagged': None, 'tagged_by_company': None, 'tagged_by_crew': None, 'init_detect_by': None, 'init_detect_date': None, 'requires_shutdown': False, 'date_repaired': None, 'repair_delay': None}]","[{'leak_ID': 'ABRAND01061_0000000000', 'facility_ID': 'ABRAND01061', 'equipment_group': 2, 'rate': 0.015438278871900305, 'lat': 50.17, 'lon': -112.78, 'status': 'repaired', 'days_active': 120, 'days_active_prog_start': 0, 'tagged': True, 'component': 'unknown', 'date_began': datetime.datetime(2017, 5, 26, 0, 0), 'date_tagged': datetime.datetime(2017, 9, 23, 0, 0), 'tagged_by_company': 'natural', 'tagged_by_crew': 1, 'init_detect_by': 'natural', 'init_detect_date': datetime.datetime(2017, 9, 23, 0, 0), 'requires_shutdown': False, 'date_repaired': datetime.datetime(2017, 9, 23, 16, 0), 'repair_delay': 0, 'OGI_sp_covered': 1}, {'leak_ID': 'ABRAND01061_0000000001', 'facility_ID': 'ABRAND01061', 'equipment_group': 1, 'rate': 0.030725913007114008, 'lat': 50.17, 'lon': -112.78, 'status': 'repaired', 'days_active': 120, 'days_active_prog_start': 0, 'tagged': True, 'component': 'unknown', 'date_began': datetime.datetime(2018, 3, 4, 0, 0), 'date_tagged': datetime.datetime(2018, 7, 2, 0, 0), 'tagged_by_company': 'natural', 'tagged_by_crew': 1, 'init_detect_by': 'natural', 'init_detect_date': datetime.datetime(2018, 7, 2, 0, 0), 'requires_shutdown': False, 'date_repaired': datetime.datetime(2018, 7, 2, 16, 0), 'repair_delay': 0, 'OGI_sp_covered': 1}, {'leak_ID': 'ABRAND01061_0000000002', 'facility_ID': 'ABRAND01061', 'equipment_group': 2, 'rate': 0.027118575566380414, 'lat': 50.17, 'lon': -112.78, 'status': 'repaired', 'days_active': 120, 'days_active_prog_start': 0, 'tagged': True, 'component': 'unknown', 'date_began': datetime.datetime(2021, 7, 18, 0, 0), 'date_tagged': datetime.datetime(2021, 11, 15, 0, 0), 'tagged_by_company': 'natural', 'tagged_by_crew': 1, 'init_detect_by': 'natural', 'init_detect_date': datetime.datetime(2021, 11, 15, 0, 0), 'requires_shutdown': False, 'date_repaired': datetime.datetime(2021, 11, 15, 16, 0), 'repair_delay': 0, 'OGI_sp_covered': 1}]",[],0,False,,,,4,4,54,30,False,6,6,1,3,3.6282102165286823,759.7957328738526,0.18837675350701402,0.48814109725563787,0.4183144893645925
ABRAND01117,601,50.17,-110.93,1,6,2,2,2,120,1,30,20,120,1,lognorm,0.062287158377333125,[1.462],"['kilogram', 'hour']",<scipy.stats._distn_infrastructure.rv_frozen object at 0x000002073C01D1C8>,0,6,60,1124.9645214914258,"[{'leak_ID': 'ABRAND01117_0000000005', 'facility_ID': 'ABRAND01117', 'equipment_group': 1, 'rate': 0.0222632695555627, 'lat': 50.17, 'lon': -110.93, 'status': 'active', 'days_active': 27, 'days_active_prog_start': 0, 'tagged': False, 'component': 'unknown', 'date_began': datetime.datetime(2021, 12, 3, 0, 0), 'date_tagged': None, 'tagged_by_company': None, 'tagged_by_crew': None, 'init_detect_by': None, 'init_detect_date': None, 'requires_shutdown': False, 'date_repaired': None, 'repair_delay': None}]","[{'leak_ID': 'ABRAND01117_0000000000', 'facility_ID': 'ABRAND01117', 'equipment_group': 1, 'rate': 0.14029978838910284, 'lat': 50.17, 'lon': -110.93, 'status': 'repaired', 'days_active': 25, 'days_active_prog_start': 0, 'tagged': True, 'component': 'unknown', 'date_began': datetime.datetime(2017, 7, 1, 0, 0), 'date_tagged': datetime.datetime(2017, 7, 10, 10, 30), 'tagged_by_company': 'OGI', 'tagged_by_crew': 3, 'init_detect_by': 'OGI', 'init_detect_date': datetime.datetime(2017, 7, 10, 10, 30), 'requires_shutdown': False, 'date_repaired': datetime.datetime(2017, 7, 26, 16, 0), 'repair_delay': 16, 'OGI_sp_covered': 1}, {'leak_ID': 'ABRAND01117_0000000001', 'facility_ID': 'ABRAND01117', 'equipment_group': 1, 'rate': 0.029331081107894945, 'lat': 50.17, 'lon': -110.93, 'status': 'repaired', 'days_active': 120, 'days_active_prog_start': 0, 'tagged': True, 'component': 'unknown', 'date_began': datetime.datetime(2018, 3, 3, 0, 0), 'date_tagged': datetime.datetime(2018, 7, 1, 0, 0), 'tagged_by_company': 'natural', 'tagged_by_crew': 1, 'init_detect_by': 'natural', 'init_detect_date': datetime.datetime(2018, 7, 1, 0, 0), 'requires_shutdown': False, 'date_repaired': datetime.datetime(2018, 7, 1, 16, 0), 'repair_delay': 0, 'OGI_sp_covered': 1}, {'leak_ID': 'ABRAND01117_0000000002', 'facility_ID': 'ABRAND01117', 'equipment_group': 1, 'rate': 0.03803657342381306, 'lat': 50.17, 'lon': -110.93, 'status': 'repaired', 'days_active': 71, 'days_active_prog_start': 0, 'tagged': True, 'component': 'unknown', 'date_began': datetime.datetime(2021, 1, 16, 0, 0), 'date_tagged': datetime.datetime(2021, 3, 12, 10, 30), 'tagged_by_company': 'OGI', 'tagged_by_crew': 3, 'init_detect_by': 'OGI', 'init_detect_date': datetime.datetime(2021, 3, 12, 10, 30), 'requires_shutdown': False, 'date_repaired': datetime.datetime(2021, 3, 28, 16, 0), 'repair_delay': 16, 'OGI_sp_covered': 1}, {'leak_ID': 'ABRAND01117_0000000003', 'facility_ID': 'ABRAND01117', 'equipment_group': 1, 'rate': 0.0018754822524567104, 'lat': 50.17, 'lon': -110.93, 'status': 'repaired', 'days_active': 120, 'days_active_prog_start': 0, 'tagged': True, 'component': 'unknown', 'date_began': datetime.datetime(2021, 2, 4, 0, 0), 'date_tagged': datetime.datetime(2021, 6, 4, 0, 0), 'tagged_by_company': 'natural', 'tagged_by_crew': 1, 'init_detect_by': 'natural', 'init_detect_date': datetime.datetime(2021, 6, 4, 0, 0), 'requires_shutdown': False, 'date_repaired': datetime.datetime(2021, 6, 4, 16, 0), 'repair_delay': 0, 'OGI_sp_covered': 1}, {'leak_ID': 'ABRAND01117_0000000004', 'facility_ID': 'ABRAND01117', 'equipment_group': 1, 'rate': 0.08808697851379883, 'lat': 50.17, 'lon': -110.93, 'status': 'repaired', 'days_active': 28, 'days_active_prog_start': 0, 'tagged': True, 'component': 'unknown', 'date_began': datetime.datetime(2021, 6, 28, 0, 0), 'date_tagged': datetime.datetime(2021, 7, 10, 10, 30), 'tagged_by_company': 'OGI', 'tagged_by_crew': 3, 'init_detect_by': 'OGI', 'init_detect_date': datetime.datetime(2021, 7, 10, 10, 30), 'requires_shutdown': False, 'date_repaired': datetime.datetime(2021, 7, 26, 16, 0), 'repair_delay': 16, 'OGI_sp_covered': 1}]",[],0,False,,,,4,4,54,30,False,6,4,1,5,51.93575521921667,1073.0287662722092,0.1903807615230461,0.490883213962313,0.6164189158857127
ABRAND00238,311,54.31,-118.44,5,6,2,2,2,120,1,30,20,120,1,lognorm,0.062287158377333125,[1.462],"['kilogram', 'hour']",<scipy.stats._distn_infrastructure.rv_frozen object at 0x000002073C01D1C8>,0,3,60,197.90768313864967,[],"[{'leak_ID': 'ABRAND00238_0000000000', 'facility_ID': 'ABRAND00238', 'equipment_group': 4, 'rate': 0.0054285178258481745, 'lat': 54.31, 'lon': -118.44, 'status': 'repaired', 'days_active': 120, 'days_active_prog_start': 0, 'tagged': True, 'component': 'unknown', 'date_began': datetime.datetime(2017, 1, 3, 0, 0), 'date_tagged': datetime.datetime(2017, 5, 3, 0, 0), 'tagged_by_company': 'natural', 'tagged_by_crew': 1, 'init_detect_by': 'natural', 'init_detect_date': datetime.datetime(2017, 5, 3, 0, 0), 'requires_shutdown': False, 'date_repaired': datetime.datetime(2017, 5, 3, 16, 0), 'repair_delay': 0, 'OGI_sp_covered': 1}, {'leak_ID': 'ABRAND00238_0000000002', 'facility_ID': 'ABRAND00238', 'equipment_group': 2, 'rate': 0.037819876978078655, 'lat': 54.31, 'lon': -118.44, 'status': 'repaired', 'days_active': 28, 'days_active_prog_start': 0, 'tagged': True, 'component': 'unknown', 'date_began': datetime.datetime(2017, 12, 30, 0, 0), 'date_tagged': datetime.datetime(2018, 1, 11, 13, 0), 'tagged_by_company': 'OGI', 'tagged_by_crew': 1, 'init_detect_by': 'OGI', 'init_detect_date': datetime.datetime(2018, 1, 11, 13, 0), 'requires_shutdown': False, 'date_repaired': datetime.datetime(2018, 1, 27, 16, 0), 'repair_delay': 16, 'OGI_sp_covered': 1}, {'leak_ID': 'ABRAND00238_0000000001', 'facility_ID': 'ABRAND00238', 'equipment_group': 5, 'rate': 0.0048351624165594055, 'lat': 54.31, 'lon': -118.44, 'status': 'repaired', 'days_active': 120, 'days_active_prog_start': 0, 'tagged': True, 'component': 'unknown', 'date_began': datetime.datetime(2017, 10, 2, 0, 0), 'date_tagged': datetime.datetime(2018, 1, 30, 0, 0), 'tagged_by_company': 'natural', 'tagged_by_crew': 1, 'init_detect_by': 'natural', 'init_detect_date': datetime.datetime(2018, 1, 30, 0, 0), 'requires_shutdown': False, 'date_repaired': datetime.datetime(2018, 1, 30, 16, 0), 'repair_delay': 0, 'OGI_sp_covered': 1}]",[],0,False,,,,2,4,54,30,False,6,4,0,3,0.0,197.90768313864967,0.19238476953907815,0.49358161569804926,0.10844256610336968
ABRAND00339,362,53.39,-116.21,3,6,2,2,2,120,1,30,20,120,1,lognorm,0.062287158377333125,[1.462],"['kilogram', 'hour']",<scipy.stats._distn_infrastructure.rv_frozen object at 0x000002073C01D1C8>,1,2,60,267.1282091316367,[],"[{'leak_ID': 'ABRAND00339_0000000001', 'facility_ID': 'ABRAND00339', 'equipment_group': 2, 'rate': 0.01742198624773348, 'lat': 53.39, 'lon': -116.21, 'status': 'repaired', 'days_active': 120, 'days_active_prog_start': 84, 'tagged': True, 'component': 'unknown', 'date_began': datetime.datetime(2016, 10, 9, 0, 0), 'date_tagged': datetime.datetime(2017, 2, 5, 0, 0), 'tagged_by_company': 'natural', 'tagged_by_crew': 1, 'init_detect_by': 'natural', 'init_detect_date': datetime.datetime(2017, 2, 5, 0, 0), 'requires_shutdown': False, 'date_repaired': datetime.datetime(2017, 2, 5, 16, 0), 'repair_delay': 0, 'OGI_sp_covered': 1}, {'leak_ID': 'ABRAND00339_0000000001', 'facility_ID': 'ABRAND00339', 'equipment_group': 3, 'rate': 0.03734197234615013, 'lat': 53.39, 'lon': -116.21, 'status': 'repaired', 'days_active': 66, 'days_active_prog_start': 0, 'tagged': True, 'component': 'unknown', 'date_began': datetime.datetime(2020, 1, 21, 0, 0), 'date_tagged': datetime.datetime(2020, 3, 11, 13, 0), 'tagged_by_company': 'OGI', 'tagged_by_crew': 2, 'init_detect_by': 'OGI', 'init_detect_date': datetime.datetime(2020, 3, 11, 13, 0), 'requires_shutdown': False, 'date_repaired': datetime.datetime(2020, 3, 27, 16, 0), 'repair_delay': 16, 'OGI_sp_covered': 1}]",[],1,False,,,,2,4,54,30,False,6,1,0,2,0.0,267.1282091316367,0.19438877755511022,0.4962767092345312,0.14637162144199273
ABRAND00740,311,52.29,-114.75,2,6,2,2,2,120,1,30,20,120,1,lognorm,0.062287158377333125,[1.462],"['kilogram', 'hour']",<scipy.stats._distn_infrastructure.rv_frozen object at 0x000002073C01D1C8>,0,5,60,3123.4157877396447,[],"[{'leak_ID': 'ABRAND00740_0000000000', 'facility_ID': 'ABRAND00740', 'equipment_group': 2, 'rate': 0.00303138838249355, 'lat': 52.29, 'lon': -114.75, 'status': 'repaired', 'days_active': 120, 'days_active_prog_start': 0, 'tagged': True, 'component': 'unknown', 'date_began': datetime.datetime(2018, 7, 13, 0, 0), 'date_tagged': datetime.datetime(2018, 11, 10, 0, 0), 'tagged_by_company': 'natural', 'tagged_by_crew': 1, 'init_detect_by': 'natural', 'init_detect_date': datetime.datetime(2018, 11, 10, 0, 0), 'requires_shutdown': False, 'date_repaired': datetime.datetime(2018, 11, 10, 16, 0), 'repair_delay': 0, 'OGI_sp_covered': 1}, {'leak_ID': 'ABRAND00740_0000000001', 'facility_ID': 'ABRAND00740', 'equipment_group': 1, 'rate': 0.23336102945552512, 'lat': 52.29, 'lon': -114.75, 'status': 'repaired', 'days_active': 47, 'days_active_prog_start': 0, 'tagged': True, 'component': 'unknown', 'date_began': datetime.datetime(2018, 12, 11, 0, 0), 'date_tagged': datetime.datetime(2019, 1, 11, 13, 0), 'tagged_by_company': 'OGI', 'tagged_by_crew': 3, 'init_detect_by': 'OGI', 'init_detect_date': datetime.datetime(2019, 1, 11, 13, 0), 'requires_shutdown': False, 'date_repaired': datetime.datetime(2019, 1, 27, 16, 0), 'repair_delay': 16, 'OGI_sp_covered': 1}, {'leak_ID': 'ABRAND00740_0000000002', 'facility_ID': 'ABRAND00740', 'equipment_group': 1, 'rate': 0.46474210454529963, 'lat': 52.29, 'lon': -114.75, 'status': 'repaired', 'days_active': 39, 'days_active_prog_start': 0, 'tagged': True, 'component': 'unknown', 'date_began': datetime.datetime(2019, 6, 17, 0, 0), 'date_tagged': datetime.datetime(2019, 7, 10, 13, 0), 'tagged_by_company': 'OGI', 'tagged_by_crew': 3, 'init_detect_by': 'OGI', 'init_detect_date': datetime.datetime(2019, 7, 10, 13, 0), 'requires_shutdown': False, 'date_repaired': datetime.datetime(2019, 7, 26, 16, 0), 'repair_delay': 16, 'OGI_sp_covered': 1}, {'leak_ID': 'ABRAND00740_0000000003', 'facility_ID': 'ABRAND00740', 'equipment_group': 2, 'rate': 0.029534099360147125, 'lat': 52.29, 'lon': -114.75, 'status': 'repaired', 'days_active': 120, 'days_active_prog_start': 0, 'tagged': True, 'component': 'unknown', 'date_began': datetime.datetime(2020, 9, 6, 0, 0), 'date_tagged': datetime.datetime(2021, 1, 4, 0, 0), 'tagged_by_company': 'natural', 'tagged_by_crew': 1, 'init_detect_by': 'natural', 'init_detect_date': datetime.datetime(2021, 1, 4, 0, 0), 'requires_shutdown': False, 'date_repaired': datetime.datetime(2021, 1, 4, 16, 0), 'repair_delay': 0, 'OGI_sp_covered': 0}, {'leak_ID': 'ABRAND00740_0000000004', 'facility_ID': 'ABRAND00740', 'equipment_group': 2, 'rate': 0.026248972505315153, 'lat': 52.29, 'lon': -114.75, 'status': 'repaired', 'days_active': 120, 'days_active_prog_start': 0, 'tagged': True, 'component': 'unknown', 'date_began': datetime.datetime(2021, 3, 7, 0, 0), 'date_tagged': datetime.datetime(2021, 7, 5, 0, 0), 'tagged_by_company': 'natural', 'tagged_by_crew': 1, 'init_detect_by': 'natural', 'init_detect_date': datetime.datetime(2021, 7, 5, 0, 0), 'requires_shutdown': False, 'date_repaired': datetime.datetime(2021, 7, 5, 16, 0), 'repair_delay': 0, 'OGI_sp_covered': 1}]",[],0,False,,,,3,4,54,30,False,6,5,0,5,0.0,3123.4157877396447,0.1963927855711423,0.4989715814842744,1.7114607056107642
ABRAND00464,311,52.96,-115.83,2,6,2,2,2,120,1,30,20,120,1,lognorm,0.062287158377333125,[1.462],"['kilogram', 'hour']",<scipy.stats._distn_infrastructure.rv_frozen object at 0x000002073C01D1C8>,0,4,60,496.1096963495278,[],"[{'leak_ID': 'ABRAND00464_0000000000', 'facility_ID': 'ABRAND00464', 'equipment_group': 2, 'rate': 0.009772350885112305, 'lat': 52.96, 'lon': -115.83, 'status': 'repaired', 'days_active': 120, 'days_active_prog_start': 0, 'tagged': True, 'component': 'unknown', 'date_began': datetime.datetime(2017, 5, 12, 0, 0), 'date_tagged': datetime.datetime(2017, 9, 9, 0, 0), 'tagged_by_company': 'natural', 'tagged_by_crew': 1, 'init_detect_by': 'natural', 'init_detect_date': datetime.datetime(2017, 9, 9, 0, 0), 'requires_shutdown': False, 'date_repaired': datetime.datetime(2017, 9, 9, 16, 0), 'repair_delay': 0, 'OGI_sp_covered': 0}, {'leak_ID': 'ABRAND00464_0000000001', 'facility_ID': 'ABRAND00464', 'equipment_group': 1, 'rate': 0.014618085266393807, 'lat': 52.96, 'lon': -115.83, 'status': 'repaired', 'days_active': 120, 'days_active_prog_start': 0, 'tagged': True, 'component': 'unknown', 'date_began': datetime.datetime(2018, 12, 23, 0, 0), 'date_tagged': datetime.datetime(2019, 4, 22, 0, 0), 'tagged_by_company': 'natural', 'tagged_by_crew': 1, 'init_detect_by': 'natural', 'init_detect_date': datetime.datetime(2019, 4, 22, 0, 0), 'requires_shutdown': False, 'date_repaired': datetime.datetime(2019, 4, 22, 16, 0), 'repair_delay': 0, 'OGI_sp_covered': 1}, {'leak_ID': 'ABRAND00464_0000000002', 'facility_ID': 'ABRAND00464', 'equipment_group': 2, 'rate': 0.08592922330913313, 'lat': 52.96, 'lon': -115.83, 'status': 'repaired', 'days_active': 25, 'days_active_prog_start': 0, 'tagged': True, 'component': 'unknown', 'date_began': datetime.datetime(2020, 1, 3, 0, 0), 'date_tagged': datetime.datetime(2020, 1, 12, 8, 0), 'tagged_by_company': 'OGI', 'tagged_by_crew': 1, 'init_detect_by': 'OGI', 'init_detect_date': datetime.datetime(2020, 1, 12, 8, 0), 'requires_shutdown': False, 'date_repaired': datetime.datetime(2020, 1, 28, 16, 0), 'repair_delay': 16, 'OGI_sp_covered': 1}, {'leak_ID': 'ABRAND00464_0000000003', 'facility_ID': 'ABRAND00464', 'equipment_group': 2, 'rate': 0.005557728779223069, 'lat': 52.96, 'lon': -115.83, 'status': 'repaired', 'days_active': 120, 'days_active_prog_start': 0, 'tagged': True, 'component': 'unknown', 'date_began': datetime.datetime(2020, 11, 7, 0, 0), 'date_tagged': datetime.datetime(2021, 3, 7, 0, 0), 'tagged_by_company': 'natural', 'tagged_by_crew': 1, 'init_detect_by': 'natural', 'init_detect_date': datetime.datetime(2021, 3, 7, 0, 0), 'requires_shutdown': False, 'date_repaired': datetime.datetime(2021, 3, 7, 16, 0), 'repair_delay': 0, 'OGI_sp_covered': 1}]",[],0,False,,,,2,4,53,30,False,6,5,0,4,0.0,496.1096963495278,0.19839679358717435,0.5016641093421652,0.27184092950659056
ABRAND00756,351,53.0,-114.66,3,6,2,2,2,120,1,30,20,120,1,lognorm,0.062287158377333125,[1.462],"['kilogram', 'hour']",<scipy.stats._distn_infrastructure.rv_frozen object at 0x000002073C01D1C8>,0,4,60,675.3590877136055,"[{'leak_ID': 'ABRAND00756_0000000003', 'facility_ID': 'ABRAND00756', 'equipment_group': 3, 'rate': 0.020610354470481894, 'lat': 53.0, 'lon': -114.66, 'status': 'active', 'days_active': 36, 'days_active_prog_start': 0, 'tagged': False, 'component': 'unknown', 'date_began': datetime.datetime(2021, 11, 24, 0, 0), 'date_tagged': None, 'tagged_by_company': None, 'tagged_by_crew': None, 'init_detect_by': None, 'init_detect_date': None, 'requires_shutdown': False, 'date_repaired': None, 'repair_delay': None}]","[{'leak_ID': 'ABRAND00756_0000000000', 'facility_ID': 'ABRAND00756', 'equipment_group': 2, 'rate': 0.006574206936459495, 'lat': 53.0, 'lon': -114.66, 'status': 'repaired', 'days_active': 120, 'days_active_prog_start': 0, 'tagged': True, 'component': 'unknown', 'date_began': datetime.datetime(2020, 8, 21, 0, 0), 'date_tagged': datetime.datetime(2020, 12, 19, 0, 0), 'tagged_by_company': 'natural', 'tagged_by_crew': 1, 'init_detect_by': 'natural', 'init_detect_date': datetime.datetime(2020, 12, 19, 0, 0), 'requires_shutdown': False, 'date_repaired': datetime.datetime(2020, 12, 19, 16, 0), 'repair_delay': 0, 'OGI_sp_covered': 1}, {'leak_ID': 'ABRAND00756_0000000002', 'facility_ID': 'ABRAND00756', 'equipment_group': 3, 'rate': 0.08295954439128478, 'lat': 53.0, 'lon': -114.66, 'status': 'repaired', 'days_active': 65, 'days_active_prog_start': 0, 'tagged': True, 'component': 'unknown', 'date_began': datetime.datetime(2021, 9, 20, 0, 0), 'date_tagged': datetime.datetime(2021, 11, 8, 8, 0), 'tagged_by_company': 'OGI', 'tagged_by_crew': 2, 'init_detect_by': 'OGI', 'init_detect_date': datetime.datetime(2021, 11, 8, 8, 0), 'requires_shutdown': False, 'date_repaired': datetime.datetime(2021, 11, 24, 16, 0), 'repair_delay': 16, 'OGI_sp_covered': 1}, {'leak_ID': 'ABRAND00756_0000000001', 'facility_ID': 'ABRAND00756', 'equipment_group': 3, 'rate': 0.0074450677420863556, 'lat': 53.0, 'lon': -114.66, 'status': 'repaired', 'days_active': 120, 'days_active_prog_start': 0, 'tagged': True, 'component': 'unknown', 'date_began': datetime.datetime(2021, 8, 22, 0, 0), 'date_tagged': datetime.datetime(2021, 12, 20, 0, 0), 'tagged_by_company': 'natural', 'tagged_by_crew': 1, 'init_detect_by': 'natural', 'init_detect_date': datetime.datetime(2021, 12, 20, 0, 0), 'requires_shutdown': False, 'date_repaired': datetime.datetime(2021, 12, 20, 16, 0), 'repair_delay': 0, 'OGI_sp_covered': 1}]",[],0,False,,,,2,4,53,30,False,6,4,1,3,64.1064465449869,611.2526411686187,0.20040080160320642,0.5043541882831316,0.37005977408964685
ABRAND00025,601,55.21,-119.87,1,6,2,2,2,120,1,30,20,120,1,lognorm,0.062287158377333125,[1.462],"['kilogram', 'hour']",<scipy.stats._distn_infrastructure.rv_frozen object at 0x000002073C01D1C8>,0,4,60,2048.6263378382437,[],"[{'leak_ID': 'ABRAND00025_0000000000', 'facility_ID': 'ABRAND00025', 'equipment_group': 1, 'rate': 0.20808212431066614, 'lat': 55.21, 'lon': -119.87, 'status': 'repaired', 'days_active': 74, 'days_active_prog_start': 0, 'tagged': True, 'component': 'unknown', 'date_began': datetime.datetime(2018, 5, 14, 0, 0), 'date_tagged': datetime.datetime(2018, 7, 11, 8, 0), 'tagged_by_company': 'OGI', 'tagged_by_crew': 3, 'init_detect_by': 'OGI', 'init_detect_date': datetime.datetime(2018, 7, 11, 8, 0), 'requires_shutdown': False, 'date_repaired': datetime.datetime(2018, 7, 27, 16, 0), 'repair_delay': 16, 'OGI_sp_covered': 1}, {'leak_ID': 'ABRAND00025_0000000001', 'facility_ID': 'ABRAND00025', 'equipment_group': 1, 'rate': 0.003971435205285312, 'lat': 55.21, 'lon': -119.87, 'status': 'repaired', 'days_active': 120, 'days_active_prog_start': 0, 'tagged': True, 'component': 'unknown', 'date_began': datetime.datetime(2018, 9, 6, 0, 0), 'date_tagged': datetime.datetime(2019, 1, 4, 0, 0), 'tagged_by_company': 'natural', 'tagged_by_crew': 1, 'init_detect_by': 'natural', 'init_detect_date': datetime.datetime(2019, 1, 4, 0, 0), 'requires_shutdown': False, 'date_repaired': datetime.datetime(2019, 1, 4, 16, 0), 'repair_delay': 0, 'OGI_sp_covered': 0}, {'leak_ID': 'ABRAND00025_0000000002', 'facility_ID': 'ABRAND00025', 'equipment_group': 1, 'rate': 0.06560448632959809, 'lat': 55.21, 'lon': -119.87, 'status': 'repaired', 'days_active': 85, 'days_active_prog_start': 0, 'tagged': True, 'component': 'unknown', 'date_began': datetime.datetime(2018, 11, 4, 0, 0), 'date_tagged': datetime.datetime(2019, 1, 12, 8, 0), 'tagged_by_company': 'OGI', 'tagged_by_crew': 3, 'init_detect_by': 'OGI', 'init_detect_date': datetime.datetime(2019, 1, 12, 8, 0), 'requires_shutdown': False, 'date_repaired': datetime.datetime(2019, 1, 28, 16, 0), 'repair_delay': 16, 'OGI_sp_covered': 1}, {'leak_ID': 'ABRAND00025_0000000003', 'facility_ID': 'ABRAND00025', 'equipment_group': 1, 'rate': 0.018832685188329666, 'lat': 55.21, 'lon': -119.87, 'status': 'repaired', 'days_active': 120, 'days_active_prog_start': 0, 'tagged': True, 'component': 'unknown', 'date_began': datetime.datetime(2019, 8, 23, 0, 0), 'date_tagged': datetime.datetime(2019, 12, 21, 0, 0), 'tagged_by_company': 'natural', 'tagged_by_crew': 1, 'init_detect_by': 'natural', 'init_detect_date': datetime.datetime(2019, 12, 21, 0, 0), 'requires_shutdown': False, 'date_repaired': datetime.datetime(2019, 12, 21, 16, 0), 'repair_delay': 0, 'OGI_sp_covered': 1}]",[],0,False,,,,2,4,53,30,False,6,2,0,4,0.0,2048.6263378382437,0.20240480961923848,0.5070247571915669,1.1225349796373938
ABRAND00564,311,53.03,-115.49,2,6,2,2,2,120,1,30,20,120,1,lognorm,0.062287158377333125,[1.462],"['kilogram', 'hour']",<scipy.stats._distn_infrastructure.rv_frozen object at 0x000002073C01D1C8>,0,4,60,588.0892869901224,[],"[{'leak_ID': 'ABRAND00564_0000000000', 'facility_ID': 'ABRAND00564', 'equipment_group': 2, 'rate': 0.01120836014460066, 'lat': 53.03, 'lon': -115.49, 'status': 'repaired', 'days_active': 120, 'days_active_prog_start': 0, 'tagged': True, 'component': 'unknown', 'date_began': datetime.datetime(2017, 3, 26, 0, 0), 'date_tagged': datetime.datetime(2017, 7, 24, 0, 0), 'tagged_by_company': 'natural', 'tagged_by_crew': 1, 'init_detect_by': 'natural', 'init_detect_date': datetime.datetime(2017, 7, 24, 0, 0), 'requires_shutdown': False, 'date_repaired': datetime.datetime(2017, 7, 24, 16, 0), 'repair_delay': 0, 'OGI_sp_covered': 1}, {'leak_ID': 'ABRAND00564_0000000001', 'facility_ID': 'ABRAND00564', 'equipment_group': 1, 'rate': 0.01172268945892066, 'lat': 53.03, 'lon': -115.49, 'status': 'repaired', 'days_active': 120, 'days_active_prog_start': 0, 'tagged': True, 'component': 'unknown', 'date_began': datetime.datetime(2020, 10, 17, 0, 0), 'date_tagged': datetime.datetime(2021, 2, 14, 0, 0), 'tagged_by_company': 'natural', 'tagged_by_crew': 1, 'init_detect_by': 'natural', 'init_detect_date': datetime.datetime(2021, 2, 14, 0, 0), 'requires_shutdown': False, 'date_repaired': datetime.datetime(2021, 2, 14, 16, 0), 'repair_delay': 0, 'OGI_sp_covered': 1}, {'leak_ID': 'ABRAND00564_0000000002', 'facility_ID': 'ABRAND00564', 'equipment_group': 1, 'rate': 0.026659097249582802, 'lat': 53.03, 'lon': -115.49, 'status': 'repaired', 'days_active': 120, 'days_active_prog_start': 0, 'tagged': True, 'component': 'unknown', 'date_began': datetime.datetime(2021, 6, 4, 0, 0), 'date_tagged': datetime.datetime(2021, 10, 2, 0, 0), 'tagged_by_company': 'natural', 'tagged_by_crew': 1, 'init_detect_by': 'natural', 'init_detect_date': datetime.datetime(2021, 10, 2, 0, 0), 'requires_shutdown': False, 'date_repaired': datetime.datetime(2021, 10, 2, 16, 0), 'repair_delay': 0, 'OGI_sp_covered': 1}, {'leak_ID': 'ABRAND00564_0000000003', 'facility_ID': 'ABRAND00564', 'equipment_group': 2, 'rate': 0.007131427895171576, 'lat': 53.03, 'lon': -115.49, 'status': 'repaired', 'days_active': 120, 'days_active_prog_start': 0, 'tagged': True, 'component': 'unknown', 'date_began': datetime.datetime(2021, 7, 14, 0, 0), 'date_tagged': datetime.datetime(2021, 11, 11, 0, 0), 'tagged_by_company': 'natural', 'tagged_by_crew': 1, 'init_detect_by': 'natural', 'init_detect_date': datetime.datetime(2021, 11, 11, 0, 0), 'requires_shutdown': False, 'date_repaired': datetime.datetime(2021, 11, 11, 16, 0), 'repair_delay': 0, 'OGI_sp_covered': 1}]",[],0,False,,,,2,4,53,30,False,6,7,0,4,0.0,588.0892869901224,0.20440881763527055,0.5096821506187672,0.3222407052000671
ABRAND01152,362,54.98,-110.51,5,6,2,2,2,120,1,30,20,120,1,lognorm,0.062287158377333125,[1.462],"['kilogram', 'hour']",<scipy.stats._distn_infrastructure.rv_frozen object at 0x000002073C01D1C8>,0,5,60,1103.2359431218497,[],"[{'leak_ID': 'ABRAND01152_0000000000', 'facility_ID': 'ABRAND01152', 'equipment_group': 3, 'rate': 0.02219088506939123, 'lat': 54.98, 'lon': -110.51, 'status': 'repaired', 'days_active': 120, 'days_active_prog_start': 0, 'tagged': True, 'component': 'unknown', 'date_began': datetime.datetime(2017, 9, 11, 0, 0), 'date_tagged': datetime.datetime(2018, 1, 9, 0, 0), 'tagged_by_company': 'natural', 'tagged_by_crew': 1, 'init_detect_by': 'natural', 'init_detect_date': datetime.datetime(2018, 1, 9, 0, 0), 'requires_shutdown': False, 'date_repaired': datetime.datetime(2018, 1, 9, 16, 0), 'repair_delay': 0, 'OGI_sp_covered': 1}, {'leak_ID': 'ABRAND01152_0000000001', 'facility_ID': 'ABRAND01152', 'equipment_group': 1, 'rate': 0.0013806516862133749, 'lat': 54.98, 'lon': -110.51, 'status': 'repaired', 'days_active': 120, 'days_active_prog_start': 0, 'tagged': True, 'component': 'unknown', 'date_began': datetime.datetime(2019, 2, 17, 0, 0), 'date_tagged': datetime.datetime(2019, 6, 17, 0, 0), 'tagged_by_company': 'natural', 'tagged_by_crew': 1, 'init_detect_by': 'natural', 'init_detect_date': datetime.datetime(2019, 6, 17, 0, 0), 'requires_shutdown': False, 'date_repaired': datetime.datetime(2019, 6, 17, 16, 0), 'repair_delay': 0, 'OGI_sp_covered': 1}, {'leak_ID': 'ABRAND01152_0000000002', 'facility_ID': 'ABRAND01152', 'equipment_group': 3, 'rate': 0.16846590542866785, 'lat': 54.98, 'lon': -110.51, 'status': 'repaired', 'days_active': 53, 'days_active_prog_start': 0, 'tagged': True, 'component': 'unknown', 'date_began': datetime.datetime(2019, 8, 3, 0, 0), 'date_tagged': datetime.datetime(2019, 9, 9, 10, 30), 'tagged_by_company': 'OGI', 'tagged_by_crew': 2, 'init_detect_by': 'OGI', 'init_detect_date': datetime.datetime(2019, 9, 9, 10, 30), 'requires_shutdown': False, 'date_repaired': datetime.datetime(2019, 9, 25, 16, 0), 'repair_delay': 16, 'OGI_sp_covered': 1}, {'leak_ID': 'ABRAND01152_0000000003', 'facility_ID': 'ABRAND01152', 'equipment_group': 5, 'rate': 0.0024742974052175473, 'lat': 54.98, 'lon': -110.51, 'status': 'repaired', 'days_active': 120, 'days_active_prog_start': 0, 'tagged': True, 'component': 'unknown', 'date_began': datetime.datetime(2021, 2, 14, 0, 0), 'date_tagged': datetime.datetime(2021, 6, 14, 0, 0), 'tagged_by_company': 'natural', 'tagged_by_crew': 1, 'init_detect_by': 'natural', 'init_detect_date': datetime.datetime(2021, 6, 14, 0, 0), 'requires_shutdown': False, 'date_repaired': datetime.datetime(2021, 6, 14, 16, 0), 'repair_delay': 0, 'OGI_sp_covered': 1}, {'leak_ID': 'ABRAND01152_0000000004', 'facility_ID': 'ABRAND01152', 'equipment_group': 1, 'rate': 0.005956178665460042, 'lat': 54.98, 'lon': -110.51, 'status': 'repaired', 'days_active': 120, 'days_active_prog_start': 0, 'tagged': True, 'component': 'unknown', 'date_began': datetime.datetime(2021, 5, 1, 0, 0), 'date_tagged': datetime.datetime(2021, 8, 29, 0, 0), 'tagged_by_company': 'natural', 'tagged_by_crew': 1, 'init_detect_by': 'natural', 'init_detect_date': datetime.datetime(2021, 8, 29, 0, 0), 'requires_shutdown': False, 'date_repaired': datetime.datetime(2021, 8, 29, 0, 0), 'repair_delay': 0, 'OGI_sp_covered': 0}]",[],0,False,,,,2,4,53,30,False,6,4,0,5,0.0,1103.2359431218497,0.20641282565130262,0.5123373338124254,0.604512845546219
ABRAND01053,601,51.72,-112.9,1,6,2,2,2,120,1,30,20,120,1,lognorm,0.062287158377333125,[1.462],"['kilogram', 'hour']",<scipy.stats._distn_infrastructure.rv_frozen object at 0x000002073C01D1C8>,0,3,60,1240.495527645751,[],"[{'leak_ID': 'ABRAND01053_0000000000', 'facility_ID': 'ABRAND01053', 'equipment_group': 1, 'rate': 0.0031995736930375226, 'lat': 51.72, 'lon': -112.9, 'status': 'repaired', 'days_active': 120, 'days_active_prog_start': 0, 'tagged': True, 'component': 'unknown', 'date_began': datetime.datetime(2018, 5, 10, 0, 0), 'date_tagged': datetime.datetime(2018, 9, 7, 0, 0), 'tagged_by_company': 'natural', 'tagged_by_crew': 1, 'init_detect_by': 'natural', 'init_detect_date': datetime.datetime(2018, 9, 7, 0, 0), 'requires_shutdown': False, 'date_repaired': datetime.datetime(2018, 9, 7, 16, 0), 'repair_delay': 0, 'OGI_sp_covered': 1}, {'leak_ID': 'ABRAND01053_0000000001', 'facility_ID': 'ABRAND01053', 'equipment_group': 1, 'rate': 0.029285054516534053, 'lat': 51.72, 'lon': -112.9, 'status': 'repaired', 'days_active': 120, 'days_active_prog_start': 0, 'tagged': True, 'component': 'unknown', 'date_began': datetime.datetime(2019, 1, 3, 0, 0), 'date_tagged': datetime.datetime(2019, 5, 3, 0, 0), 'tagged_by_company': 'natural', 'tagged_by_crew': 1, 'init_detect_by': 'natural', 'init_detect_date': datetime.datetime(2019, 5, 3, 0, 0), 'requires_shutdown': False, 'date_repaired': datetime.datetime(2019, 5, 3, 16, 0), 'repair_delay': 0, 'OGI_sp_covered': 1}, {'leak_ID': 'ABRAND01053_0000000002', 'facility_ID': 'ABRAND01053', 'equipment_group': 1, 'rate': 0.15158596725189763, 'lat': 51.72, 'lon': -112.9, 'status': 'repaired', 'days_active': 69, 'days_active_prog_start': 0, 'tagged': True, 'component': 'unknown', 'date_began': datetime.datetime(2021, 3, 20, 0, 0), 'date_tagged': datetime.datetime(2021, 5, 12, 10, 30), 'tagged_by_company': 'OGI', 'tagged_by_crew': 3, 'init_detect_by': 'OGI', 'init_detect_date': datetime.datetime(2021, 5, 12, 10, 30), 'requires_shutdown': False, 'date_repaired': datetime.datetime(2021, 5, 28, 16, 0), 'repair_delay': 16, 'OGI_sp_covered': 1}]",[],0,False,,,,3,4,53,30,False,6,4,0,3,0.0,1240.495527645751,0.20841683366733466,0.5149917795573582,0.6797235767921923
ABRAND00510,601,53.87,-115.69,3,6,2,2,2,120,1,30,20,120,1,lognorm,0.062287158377333125,[1.462],"['kilogram', 'hour']",<scipy.stats._distn_infrastructure.rv_frozen object at 0x000002073C01D1C8>,0,5,60,3257.7877546013124,[],"[{'leak_ID': 'ABRAND00510_0000000000', 'facility_ID': 'ABRAND00510', 'equipment_group': 2, 'rate': 0.06595991228507975, 'lat': 53.87, 'lon': -115.69, 'status': 'repaired', 'days_active': 74, 'days_active_prog_start': 0, 'tagged': True, 'component': 'unknown', 'date_began': datetime.datetime(2017, 7, 13, 0, 0), 'date_tagged': datetime.datetime(2017, 9, 9, 13, 0), 'tagged_by_company': 'OGI', 'tagged_by_crew': 1, 'init_detect_by': 'OGI', 'init_detect_date': datetime.datetime(2017, 9, 9, 13, 0), 'requires_shutdown': False, 'date_repaired': datetime.datetime(2017, 9, 25, 16, 0), 'repair_delay': 16, 'OGI_sp_covered': 1}, {'leak_ID': 'ABRAND00510_0000000001', 'facility_ID': 'ABRAND00510', 'equipment_group': 2, 'rate': 0.42521121314961097, 'lat': 53.87, 'lon': -115.69, 'status': 'repaired', 'days_active': 48, 'days_active_prog_start': 0, 'tagged': True, 'component': 'unknown', 'date_began': datetime.datetime(2017, 10, 7, 0, 0), 'date_tagged': datetime.datetime(2017, 11, 8, 13, 0), 'tagged_by_company': 'OGI', 'tagged_by_crew': 1, 'init_detect_by': 'OGI', 'init_detect_date': datetime.datetime(2017, 11, 8, 13, 0), 'requires_shutdown': False, 'date_repaired': datetime.datetime(2017, 11, 24, 16, 0), 'repair_delay': 16, 'OGI_sp_covered': 1}, {'leak_ID': 'ABRAND00510_0000000002', 'facility_ID': 'ABRAND00510', 'equipment_group': 2, 'rate': 0.002616869750280565, 'lat': 53.87, 'lon': -115.69, 'status': 'repaired', 'days_active': 120, 'days_active_prog_start': 0, 'tagged': True, 'component': 'unknown', 'date_began': datetime.datetime(2017, 12, 4, 0, 0), 'date_tagged': datetime.datetime(2018, 4, 3, 0, 0), 'tagged_by_company': 'natural', 'tagged_by_crew': 1, 'init_detect_by': 'natural', 'init_detect_date': datetime.datetime(2018, 4, 3, 0, 0), 'requires_shutdown': False, 'date_repaired': datetime.datetime(2018, 4, 3, 16, 0), 'repair_delay': 0, 'OGI_sp_covered': 1}, {'leak_ID': 'ABRAND00510_0000000003', 'facility_ID': 'ABRAND00510', 'equipment_group': 1, 'rate': 0.15776845285935284, 'lat': 53.87, 'lon': -115.69, 'status': 'repaired', 'days_active': 20, 'days_active_prog_start': 0, 'tagged': True, 'component': 'unknown', 'date_began': datetime.datetime(2020, 9, 4, 0, 0), 'date_tagged': datetime.datetime(2020, 9, 8, 13, 0), 'tagged_by_company': 'OGI', 'tagged_by_crew': 1, 'init_detect_by': 'OGI', 'init_detect_date': datetime.datetime(2020, 9, 8, 13, 0), 'requires_shutdown': False, 'date_repaired': datetime.datetime(2020, 9, 24, 16, 0), 'repair_delay': 16, 'OGI_sp_covered': 1}, {'leak_ID': 'ABRAND00510_0000000004', 'facility_ID': 'ABRAND00510', 'equipment_group': 3, 'rate': 0.16264202948852885, 'lat': 53.87, 'lon': -115.69, 'status': 'repaired', 'days_active': 55, 'days_active_prog_start': 0, 'tagged': True, 'component': 'unknown', 'date_began': datetime.datetime(2021, 2, 2, 0, 0), 'date_tagged': datetime.datetime(2021, 3, 13, 13, 0), 'tagged_by_company': 'OGI', 'tagged_by_crew': 1, 'init_detect_by': 'OGI', 'init_detect_date': datetime.datetime(2021, 3, 13, 13, 0), 'requires_shutdown': False, 'date_repaired': datetime.datetime(2021, 3, 29, 16, 0), 'repair_delay': 16, 'OGI_sp_covered': 1}]",[],0,False,,,,2,4,53,30,False,6,2,0,5,0.0,3257.7877546013124,0.21042084168336672,0.517620316385329,1.7850891806034588
ABRAND01031,601,50.43,-113.26,2,6,2,2,2,120,1,30,20,120,1,lognorm,0.062287158377333125,[1.462],"['kilogram', 'hour']",<scipy.stats._distn_infrastructure.rv_frozen object at 0x000002073C01D1C8>,0,1,60,562.7353840352082,[],"[{'leak_ID': 'ABRAND01031_0000000000', 'facility_ID': 'ABRAND01031', 'equipment_group': 2, 'rate': 0.09304487169894315, 'lat': 50.43, 'lon': -113.26, 'status': 'repaired', 'days_active': 70, 'days_active_prog_start': 0, 'tagged': True, 'component': 'unknown', 'date_began': datetime.datetime(2018, 3, 19, 0, 0), 'date_tagged': datetime.datetime(2018, 5, 12, 13, 0), 'tagged_by_company': 'OGI', 'tagged_by_crew': 2, 'init_detect_by': 'OGI', 'init_detect_date': datetime.datetime(2018, 5, 12, 13, 0), 'requires_shutdown': False, 'date_repaired': datetime.datetime(2018, 5, 28, 16, 0), 'repair_delay': 16, 'OGI_sp_covered': 1}]",[],0,False,,,,3,4,53,30,False,6,0,0,1,0.0,562.7353840352082,0.2124248496993988,0.5202310858291024,0.30834815563573054
ABRAND00918,351,52.78,-114.22,1,6,2,2,2,120,1,30,20,120,1,lognorm,0.062287158377333125,[1.462],"['kilogram', 'hour']",<scipy.stats._distn_infrastructure.rv_frozen object at 0x000002073C01D1C8>,2,9,60,1439.4383425441918,[],"[{'leak_ID': 'ABRAND00918_0000000002', 'facility_ID': 'ABRAND00918', 'equipment_group': 1, 'rate': 0.09642993913488673, 'lat': 52.78, 'lon': -114.22, 'status': 'repaired', 'days_active': 120, 'days_active_prog_start': 111, 'tagged': True, 'component': 'unknown', 'date_began': datetime.datetime(2016, 9, 12, 0, 0), 'date_tagged': datetime.datetime(2017, 1, 9, 0, 0), 'tagged_by_company': 'natural', 'tagged_by_crew': 1, 'init_detect_by': 'natural', 'init_detect_date': datetime.datetime(2017, 1, 9, 0, 0), 'requires_shutdown': False, 'date_repaired': datetime.datetime(2017, 1, 9, 16, 0), 'repair_delay': 0}, {'leak_ID': 'ABRAND00918_0000000001', 'facility_ID': 'ABRAND00918', 'equipment_group': 1, 'rate': 0.03056969664921521, 'lat': 52.78, 'lon': -114.22, 'status': 'repaired', 'days_active': 120, 'days_active_prog_start': 14, 'tagged': True, 'component': 'unknown', 'date_began': datetime.datetime(2016, 12, 18, 0, 0), 'date_tagged': datetime.datetime(2017, 4, 16, 0, 0), 'tagged_by_company': 'natural', 'tagged_by_crew': 1, 'init_detect_by': 'natural', 'init_detect_date': datetime.datetime(2017, 4, 16, 0, 0), 'requires_shutdown': False, 'date_repaired': datetime.datetime(2017, 4, 16, 16, 0), 'repair_delay': 0, 'OGI_sp_covered': 1}, {'leak_ID': 'ABRAND00918_0000000002', 'facility_ID': 'ABRAND00918', 'equipment_group': 1, 'rate': 0.09208746846123882, 'lat': 52.78, 'lon': -114.22, 'status': 'repaired', 'days_active': 27, 'days_active_prog_start': 0, 'tagged': True, 'component': 'unknown', 'date_began': datetime.datetime(2017, 8, 29, 0, 0), 'date_tagged': datetime.datetime(2017, 9, 9, 13, 0), 'tagged_by_company': 'OGI', 'tagged_by_crew': 3, 'init_detect_by': 'OGI', 'init_detect_date': datetime.datetime(2017, 9, 9, 13, 0), 'requires_shutdown': False, 'date_repaired': datetime.datetime(2017, 9, 25, 16, 0), 'repair_delay': 16, 'OGI_sp_covered': 1}, {'leak_ID': 'ABRAND00918_0000000003', 'facility_ID': 'ABRAND00918', 'equipment_group': 1, 'rate': 0.038990067763955, 'lat': 52.78, 'lon': -114.22, 'status': 'repaired', 'days_active': 64, 'days_active_prog_start': 0, 'tagged': True, 'component': 'unknown', 'date_began': datetime.datetime(2017, 9, 21, 0, 0), 'date_tagged': datetime.datetime(2017, 11, 8, 13, 0), 'tagged_by_company': 'OGI', 'tagged_by_crew': 3, 'init_detect_by': 'OGI', 'init_detect_date': datetime.datetime(2017, 11, 8, 13, 0), 'requires_shutdown': False, 'date_repaired': datetime.datetime(2017, 11, 24, 16, 0), 'repair_delay': 16, 'OGI_sp_covered': 1}, {'leak_ID': 'ABRAND00918_0000000004', 'facility_ID': 'ABRAND00918', 'equipment_group': 1, 'rate': 0.06416286006532207, 'lat': 52.78, 'lon': -114.22, 'status': 'repaired', 'days_active': 40, 'days_active_prog_start': 0, 'tagged': True, 'component': 'unknown', 'date_began': datetime.datetime(2017, 10, 15, 0, 0), 'date_tagged': datetime.datetime(2017, 11, 8, 13, 0), 'tagged_by_company': 'OGI', 'tagged_by_crew': 3, 'init_detect_by': 'OGI', 'init_detect_date': datetime.datetime(2017, 11, 8, 13, 0), 'requires_shutdown': False, 'date_repaired': datetime.datetime(2017, 11, 24, 16, 0), 'repair_delay': 16, 'OGI_sp_covered': 1}, {'leak_ID': 'ABRAND00918_0000000005', 'facility_ID': 'ABRAND00918', 'equipment_group': 1, 'rate': 0.024043590250257756, 'lat': 52.78, 'lon': -114.22, 'status': 'repaired', 'days_active': 120, 'days_active_prog_start': 0, 'tagged': True, 'component': 'unknown', 'date_began': datetime.datetime(2019, 1, 18, 0, 0), 'date_tagged': datetime.datetime(2019, 5, 18, 0, 0), 'tagged_by_company': 'natural', 'tagged_by_crew': 1, 'init_detect_by': 'natural', 'init_detect_date': datetime.datetime(2019, 5, 18, 0, 0), 'requires_shutdown': False, 'date_repaired': datetime.datetime(2019, 5, 18, 16, 0), 'repair_delay': 0, 'OGI_sp_covered': 1}, {'leak_ID': 'ABRAND00918_0000000006', 'facility_ID': 'ABRAND00918', 'equipment_group': 1, 'rate': 0.013206622528026206, 'lat': 52.78, 'lon': -114.22, 'status': 'repaired', 'days_active': 120, 'days_active_prog_start': 0, 'tagged': True, 'component': 'unknown', 'date_began': datetime.datetime(2020, 1, 5, 0, 0), 'date_tagged': datetime.datetime(2020, 5, 4, 0, 0), 'tagged_by_company': 'natural', 'tagged_by_crew': 1, 'init_detect_by': 'natural', 'init_detect_date': datetime.datetime(2020, 5, 4, 0, 0), 'requires_shutdown': False, 'date_repaired': datetime.datetime(2020, 5, 4, 16, 0), 'repair_delay': 0, 'OGI_sp_covered': 1}, {'leak_ID': 'ABRAND00918_0000000007', 'facility_ID': 'ABRAND00918', 'equipment_group': 1, 'rate': 0.00010753310171701212, 'lat': 52.78, 'lon': -114.22, 'status': 'repaired', 'days_active': 120, 'days_active_prog_start': 0, 'tagged': True, 'component': 'unknown', 'date_began': datetime.datetime(2020, 5, 2, 0, 0), 'date_tagged': datetime.datetime(2020, 8, 30, 0, 0), 'tagged_by_company': 'natural', 'tagged_by_crew': 1, 'init_detect_by': 'natural', 'init_detect_date': datetime.datetime(2020, 8, 30, 0, 0), 'requires_shutdown': False, 'date_repaired': datetime.datetime(2020, 8, 30, 16, 0), 'repair_delay': 0, 'OGI_sp_covered': 1}, {'leak_ID': 'ABRAND00918_0000000008', 'facility_ID': 'ABRAND00918', 'equipment_group': 1, 'rate': 0.004339490092321055, 'lat': 52.78, 'lon': -114.22, 'status': 'repaired', 'days_active': 120, 'days_active_prog_start': 0, 'tagged': True, 'component': 'unknown', 'date_began': datetime.datetime(2021, 5, 24, 0, 0), 'date_tagged': datetime.datetime(2021, 9, 21, 0, 0), 'tagged_by_company': 'natural', 'tagged_by_crew': 1, 'init_detect_by': 'natural', 'init_detect_date': datetime.datetime(2021, 9, 21, 0, 0), 'requires_shutdown': False, 'date_repaired': datetime.datetime(2021, 9, 21, 16, 0), 'repair_delay': 0, 'OGI_sp_covered': 1}]",[],2,False,,,,2,4,53,30,False,6,8,0,9,0.0,1439.4383425441918,0.21442885771543085,0.5228338872922539,0.7887333383803791
ABRAND00346,362,53.11,-116.19,1,6,2,2,2,120,1,30,20,120,1,lognorm,0.062287158377333125,[1.462],"['kilogram', 'hour']",<scipy.stats._distn_infrastructure.rv_frozen object at 0x000002073C01D1C8>,0,2,60,1099.4975070735438,[],"[{'leak_ID': 'ABRAND00346_0000000000', 'facility_ID': 'ABRAND00346', 'equipment_group': 1, 'rate': 0.2200226275521117, 'lat': 53.11, 'lon': -116.19, 'status': 'repaired', 'days_active': 56, 'days_active_prog_start': 0, 'tagged': True, 'component': 'unknown', 'date_began': datetime.datetime(2020, 4, 2, 0, 0), 'date_tagged': datetime.datetime(2020, 5, 12, 8, 0), 'tagged_by_company': 'OGI', 'tagged_by_crew': 1, 'init_detect_by': 'OGI', 'init_detect_date': datetime.datetime(2020, 5, 12, 8, 0), 'requires_shutdown': False, 'date_repaired': datetime.datetime(2020, 5, 28, 16, 0), 'repair_delay': 16, 'OGI_sp_covered': 1}, {'leak_ID': 'ABRAND00346_0000000001', 'facility_ID': 'ABRAND00346', 'equipment_group': 1, 'rate': 0.003369987068422706, 'lat': 53.11, 'lon': -116.19, 'status': 'repaired', 'days_active': 120, 'days_active_prog_start': 0, 'tagged': True, 'component': 'unknown', 'date_began': datetime.datetime(2020, 7, 9, 0, 0), 'date_tagged': datetime.datetime(2020, 11, 6, 0, 0), 'tagged_by_company': 'natural', 'tagged_by_crew': 1, 'init_detect_by': 'natural', 'init_detect_date': datetime.datetime(2020, 11, 6, 0, 0), 'requires_shutdown': False, 'date_repaired': datetime.datetime(2020, 11, 6, 16, 0), 'repair_delay': 0, 'OGI_sp_covered': 1}]",[],0,False,,,,2,4,52,30,False,6,2,0,2,0.0,1099.4975070735438,0.21643286573146292,0.5254337488584401,0.6024643874375583
ABRAND00198,351,54.31,-118.78,5,6,2,2,2,120,1,30,20,120,1,lognorm,0.062287158377333125,[1.462],"['kilogram', 'hour']",<scipy.stats._distn_infrastructure.rv_frozen object at 0x000002073C01D1C8>,0,6,60,975.8955160211945,[],"[{'leak_ID': 'ABRAND00198_0000000000', 'facility_ID': 'ABRAND00198', 'equipment_group': 2, 'rate': 0.044989258240056035, 'lat': 54.31, 'lon': -118.78, 'status': 'repaired', 'days_active': 42, 'days_active_prog_start': 0, 'tagged': True, 'component': 'unknown', 'date_began': datetime.datetime(2017, 8, 15, 0, 0), 'date_tagged': datetime.datetime(2017, 9, 10, 8, 0), 'tagged_by_company': 'OGI', 'tagged_by_crew': 2, 'init_detect_by': 'OGI', 'init_detect_date': datetime.datetime(2017, 9, 10, 8, 0), 'requires_shutdown': False, 'date_repaired': datetime.datetime(2017, 9, 26, 16, 0), 'repair_delay': 16, 'OGI_sp_covered': 1}, {'leak_ID': 'ABRAND00198_0000000001', 'facility_ID': 'ABRAND00198', 'equipment_group': 2, 'rate': 0.025959072274823202, 'lat': 54.31, 'lon': -118.78, 'status': 'repaired', 'days_active': 120, 'days_active_prog_start': 0, 'tagged': True, 'component': 'unknown', 'date_began': datetime.datetime(2018, 1, 16, 0, 0), 'date_tagged': datetime.datetime(2018, 5, 16, 0, 0), 'tagged_by_company': 'natural', 'tagged_by_crew': 1, 'init_detect_by': 'natural', 'init_detect_date': datetime.datetime(2018, 5, 16, 0, 0), 'requires_shutdown': False, 'date_repaired': datetime.datetime(2018, 5, 16, 16, 0), 'repair_delay': 0, 'OGI_sp_covered': 1}, {'leak_ID': 'ABRAND00198_0000000002', 'facility_ID': 'ABRAND00198', 'equipment_group': 1, 'rate': 0.0017247018495404453, 'lat': 54.31, 'lon': -118.78, 'status': 'repaired', 'days_active': 120, 'days_active_prog_start': 0, 'tagged': True, 'component': 'unknown', 'date_began': datetime.datetime(2018, 8, 22, 0, 0), 'date_tagged': datetime.datetime(2018, 12, 20, 0, 0), 'tagged_by_company': 'natural', 'tagged_by_crew': 1, 'init_detect_by': 'natural', 'init_detect_date': datetime.datetime(2018, 12, 20, 0, 0), 'requires_shutdown': False, 'date_repaired': datetime.datetime(2018, 12, 20, 16, 0), 'repair_delay': 0, 'OGI_sp_covered': 1}, {'leak_ID': 'ABRAND00198_0000000003', 'facility_ID': 'ABRAND00198', 'equipment_group': 4, 'rate': 0.02414013478176905, 'lat': 54.31, 'lon': -118.78, 'status': 'repaired', 'days_active': 120, 'days_active_prog_start': 0, 'tagged': True, 'component': 'unknown', 'date_began': datetime.datetime(2020, 7, 3, 0, 0), 'date_tagged': datetime.datetime(2020, 10, 31, 0, 0), 'tagged_by_company': 'natural', 'tagged_by_crew': 1, 'init_detect_by': 'natural', 'init_detect_date': datetime.datetime(2020, 10, 31, 0, 0), 'requires_shutdown': False, 'date_repaired': datetime.datetime(2020, 10, 31, 16, 0), 'repair_delay': 0, 'OGI_sp_covered': 1}, {'leak_ID': 'ABRAND00198_0000000004', 'facility_ID': 'ABRAND00198', 'equipment_group': 3, 'rate': 0.001788002171300695, 'lat': 54.31, 'lon': -118.78, 'status': 'repaired', 'days_active': 120, 'days_active_prog_start': 0, 'tagged': True, 'component': 'unknown', 'date_began': datetime.datetime(2020, 12, 7, 0, 0), 'date_tagged': datetime.datetime(2021, 4, 6, 0, 0), 'tagged_by_company': 'natural', 'tagged_by_crew': 1, 'init_detect_by': 'natural', 'init_detect_date': datetime.datetime(2021, 4, 6, 0, 0), 'requires_shutdown': False, 'date_repaired': datetime.datetime(2021, 4, 6, 16, 0), 'repair_delay': 0, 'OGI_sp_covered': 0}, {'leak_ID': 'ABRAND00198_0000000005', 'facility_ID': 'ABRAND00198', 'equipment_group': 1, 'rate': 0.024767573463430708, 'lat': 54.31, 'lon': -118.78, 'status': 'repaired', 'days_active': 120, 'days_active_prog_start': 0, 'tagged': True, 'component': 'unknown', 'date_began': datetime.datetime(2021, 7, 3, 0, 0), 'date_tagged': datetime.datetime(2021, 10, 31, 0, 0), 'tagged_by_company': 'natural', 'tagged_by_crew': 1, 'init_detect_by': 'natural', 'init_detect_date': datetime.datetime(2021, 10, 31, 0, 0), 'requires_shutdown': False, 'date_repaired': datetime.datetime(2021, 10, 31, 16, 0), 'repair_delay': 0, 'OGI_sp_covered': 1}]",[],0,False,,,,2,4,52,30,False,6,9,0,6,0.0,975.8955160211945,0.218436873747495,0.5280113885507204,0.5347372690527092
ABRAND00485,621,53.76,-115.76,1,6,2,2,2,120,1,30,20,120,1,lognorm,0.062287158377333125,[1.462],"['kilogram', 'hour']",<scipy.stats._distn_infrastructure.rv_frozen object at 0x000002073C01D1C8>,0,6,60,1572.4263446729622,[],"[{'leak_ID': 'ABRAND00485_0000000000', 'facility_ID': 'ABRAND00485', 'equipment_group': 1, 'rate': 0.05943067479536366, 'lat': 53.76, 'lon': -115.76, 'status': 'repaired', 'days_active': 20, 'days_active_prog_start': 0, 'tagged': True, 'component': 'unknown', 'date_began': datetime.datetime(2017, 11, 5, 0, 0), 'date_tagged': datetime.datetime(2017, 11, 9, 8, 0), 'tagged_by_company': 'OGI', 'tagged_by_crew': 3, 'init_detect_by': 'OGI', 'init_detect_date': datetime.datetime(2017, 11, 9, 8, 0), 'requires_shutdown': False, 'date_repaired': datetime.datetime(2017, 11, 25, 16, 0), 'repair_delay': 16, 'OGI_sp_covered': 1}, {'leak_ID': 'ABRAND00485_0000000001', 'facility_ID': 'ABRAND00485', 'equipment_group': 1, 'rate': 0.1972613979862056, 'lat': 53.76, 'lon': -115.76, 'status': 'repaired', 'days_active': 59, 'days_active_prog_start': 0, 'tagged': True, 'component': 'unknown', 'date_began': datetime.datetime(2018, 7, 29, 0, 0), 'date_tagged': datetime.datetime(2018, 9, 10, 8, 0), 'tagged_by_company': 'OGI', 'tagged_by_crew': 3, 'init_detect_by': 'OGI', 'init_detect_date': datetime.datetime(2018, 9, 10, 8, 0), 'requires_shutdown': False, 'date_repaired': datetime.datetime(2018, 9, 26, 16, 0), 'repair_delay': 16, 'OGI_sp_covered': 1}, {'leak_ID': 'ABRAND00485_0000000002', 'facility_ID': 'ABRAND00485', 'equipment_group': 1, 'rate': 0.006146758811585828, 'lat': 53.76, 'lon': -115.76, 'status': 'repaired', 'days_active': 120, 'days_active_prog_start': 0, 'tagged': True, 'component': 'unknown', 'date_began': datetime.datetime(2018, 8, 5, 0, 0), 'date_tagged': datetime.datetime(2018, 12, 3, 0, 0), 'tagged_by_company': 'natural', 'tagged_by_crew': 1, 'init_detect_by': 'natural', 'init_detect_date': datetime.datetime(2018, 12, 3, 0, 0), 'requires_shutdown': False, 'date_repaired': datetime.datetime(2018, 12, 3, 16, 0), 'repair_delay': 0, 'OGI_sp_covered': 0}, {'leak_ID': 'ABRAND00485_0000000003', 'facility_ID': 'ABRAND00485', 'equipment_group': 1, 'rate': 0.010919800794567822, 'lat': 53.76, 'lon': -115.76, 'status': 'repaired', 'days_active': 120, 'days_active_prog_start': 0, 'tagged': True, 'component': 'unknown', 'date_began': datetime.datetime(2021, 3, 29, 0, 0), 'date_tagged': datetime.datetime(2021, 7, 27, 0, 0), 'tagged_by_company': 'natural', 'tagged_by_crew': 1, 'init_detect_by': 'natural', 'init_detect_date': datetime.datetime(2021, 7, 27, 0, 0), 'requires_shutdown': False, 'date_repaired': datetime.datetime(2021, 7, 27, 16, 0), 'repair_delay': 0, 'OGI_sp_covered': 1}, {'leak_ID': 'ABRAND00485_0000000004', 'facility_ID': 'ABRAND00485', 'equipment_group': 1, 'rate': 0.005349374954715999, 'lat': 53.76, 'lon': -115.76, 'status': 'repaired', 'days_active': 120, 'days_active_prog_start': 0, 'tagged': True, 'component': 'unknown', 'date_began': datetime.datetime(2021, 5, 25, 0, 0), 'date_tagged': datetime.datetime(2021, 9, 22, 0, 0), 'tagged_by_company': 'natural', 'tagged_by_crew': 1, 'init_detect_by': 'natural', 'init_detect_date': datetime.datetime(2021, 9, 22, 0, 0), 'requires_shutdown': False, 'date_repaired': datetime.datetime(2021, 9, 22, 16, 0), 'repair_delay': 0, 'OGI_sp_covered': 0}, {'leak_ID': 'ABRAND00485_0000000005', 'facility_ID': 'ABRAND00485', 'equipment_group': 1, 'rate': 0.022353590540605272, 'lat': 53.76, 'lon': -115.76, 'status': 'repaired', 'days_active': 120, 'days_active_prog_start': 0, 'tagged': True, 'component': 'unknown', 'date_began': datetime.datetime(2021, 8, 28, 0, 0), 'date_tagged': datetime.datetime(2021, 12, 26, 0, 0), 'tagged_by_company': 'natural', 'tagged_by_crew': 1, 'init_detect_by': 'natural', 'init_detect_date': datetime.datetime(2021, 12, 26, 0, 0), 'requires_shutdown': False, 'date_repaired': datetime.datetime(2021, 12, 26, 0, 0), 'repair_delay': 0, 'OGI_sp_covered': 1}]",[],0,False,,,,2,4,52,30,False,6,4,0,6,0.0,1572.4263446729622,0.22044088176352705,0.5305378360239958,0.86160347653313
ABRAND00975,361,52.68,-114.06,5,6,2,2,2,120,1,30,20,120,1,lognorm,0.062287158377333125,[1.462],"['kilogram', 'hour']",<scipy.stats._distn_infrastructure.rv_frozen object at 0x000002073C01D1C8>,0,8,60,3070.1039722389396,"[{'leak_ID': 'ABRAND00975_0000000007', 'facility_ID': 'ABRAND00975', 'equipment_group': 1, 'rate': 0.05317374695774036, 'lat': 52.68, 'lon': -114.06, 'status': 'active', 'days_active': 34, 'days_active_prog_start': 0, 'tagged': False, 'component': 'unknown', 'date_began': datetime.datetime(2021, 11, 26, 0, 0), 'date_tagged': None, 'tagged_by_company': None, 'tagged_by_crew': None, 'init_detect_by': None, 'init_detect_date': None, 'requires_shutdown': False, 'date_repaired': None, 'repair_delay': None}]","[{'leak_ID': 'ABRAND00975_0000000001', 'facility_ID': 'ABRAND00975', 'equipment_group': 4, 'rate': 0.15820640550911375, 'lat': 52.68, 'lon': -114.06, 'status': 'repaired', 'days_active': 51, 'days_active_prog_start': 0, 'tagged': True, 'component': 'unknown', 'date_began': datetime.datetime(2017, 4, 8, 0, 0), 'date_tagged': datetime.datetime(2017, 5, 13, 10, 30), 'tagged_by_company': 'OGI', 'tagged_by_crew': 1, 'init_detect_by': 'OGI', 'init_detect_date': datetime.datetime(2017, 5, 13, 10, 30), 'requires_shutdown': False, 'date_repaired': datetime.datetime(2017, 5, 29, 16, 0), 'repair_delay': 16, 'OGI_sp_covered': 1}, {'leak_ID': 'ABRAND00975_0000000000', 'facility_ID': 'ABRAND00975', 'equipment_group': 5, 'rate': 0.02249159979058811, 'lat': 52.68, 'lon': -114.06, 'status': 'repaired', 'days_active': 120, 'days_active_prog_start': 0, 'tagged': True, 'component': 'unknown', 'date_began': datetime.datetime(2017, 2, 2, 0, 0), 'date_tagged': datetime.datetime(2017, 6, 2, 0, 0), 'tagged_by_company': 'natural', 'tagged_by_crew': 1, 'init_detect_by': 'natural', 'init_detect_date': datetime.datetime(2017, 6, 2, 0, 0), 'requires_shutdown': False, 'date_repaired': datetime.datetime(2017, 6, 2, 16, 0), 'repair_delay': 0, 'OGI_sp_covered': 1}, {'leak_ID': 'ABRAND00975_0000000002', 'facility_ID': 'ABRAND00975', 'equipment_group': 4, 'rate': 0.11738821329427072, 'lat': 52.68, 'lon': -114.06, 'status': 'repaired', 'days_active': 21, 'days_active_prog_start': 0, 'tagged': True, 'component': 'unknown', 'date_began': datetime.datetime(2018, 1, 8, 0, 0), 'date_tagged': datetime.datetime(2018, 1, 13, 10, 30), 'tagged_by_company': 'OGI', 'tagged_by_crew': 1, 'init_detect_by': 'OGI', 'init_detect_date': datetime.datetime(2018, 1, 13, 10, 30), 'requires_shutdown': False, 'date_repaired': datetime.datetime(2018, 1, 29, 16, 0), 'repair_delay': 16, 'OGI_sp_covered': 1}, {'leak_ID': 'ABRAND00975_0000000003', 'facility_ID': 'ABRAND00975', 'equipment_group': 4, 'rate': 0.0267580684995805, 'lat': 52.68, 'lon': -114.06, 'status': 'repaired', 'days_active': 120, 'days_active_prog_start': 0, 'tagged': True, 'component': 'unknown', 'date_began': datetime.datetime(2018, 6, 5, 0, 0), 'date_tagged': datetime.datetime(2018, 10, 3, 0, 0), 'tagged_by_company': 'natural', 'tagged_by_crew': 1, 'init_detect_by': 'natural', 'init_detect_date': datetime.datetime(2018, 10, 3, 0, 0), 'requires_shutdown': False, 'date_repaired': datetime.datetime(2018, 10, 3, 16, 0), 'repair_delay': 0, 'OGI_sp_covered': 1}, {'leak_ID': 'ABRAND00975_0000000004', 'facility_ID': 'ABRAND00975', 'equipment_group': 1, 'rate': 0.1307300751067567, 'lat': 52.68, 'lon': -114.06, 'status': 'repaired', 'days_active': 120, 'days_active_prog_start': 0, 'tagged': True, 'component': 'unknown', 'date_began': datetime.datetime(2018, 9, 16, 0, 0), 'date_tagged': datetime.datetime(2019, 1, 14, 0, 0), 'tagged_by_company': 'natural', 'tagged_by_crew': 1, 'init_detect_by': 'OGI', 'init_detect_date': datetime.datetime(2019, 1, 13, 10, 30), 'requires_shutdown': False, 'date_repaired': datetime.datetime(2019, 1, 14, 16, 0), 'repair_delay': 0, 'OGI_sp_covered': 1}, {'leak_ID': 'ABRAND00975_0000000005', 'facility_ID': 'ABRAND00975', 'equipment_group': 1, 'rate': 0.0033566900588230444, 'lat': 52.68, 'lon': -114.06, 'status': 'repaired', 'days_active': 120, 'days_active_prog_start': 0, 'tagged': True, 'component': 'unknown', 'date_began': datetime.datetime(2019, 5, 27, 0, 0), 'date_tagged': datetime.datetime(2019, 9, 24, 0, 0), 'tagged_by_company': 'natural', 'tagged_by_crew': 1, 'init_detect_by': 'natural', 'init_detect_date': datetime.datetime(2019, 9, 24, 0, 0), 'requires_shutdown': False, 'date_repaired': datetime.datetime(2019, 9, 24, 16, 0), 'repair_delay': 0, 'OGI_sp_covered': 0}, {'leak_ID': 'ABRAND00975_0000000006', 'facility_ID': 'ABRAND00975', 'equipment_group': 5, 'rate': 0.0410914558070716, 'lat': 52.68, 'lon': -114.06, 'status': 'repaired', 'days_active': 29, 'days_active_prog_start': 0, 'tagged': True, 'component': 'unknown', 'date_began': datetime.datetime(2020, 4, 29, 0, 0), 'date_tagged': datetime.datetime(2020, 5, 12, 10, 30), 'tagged_by_company': 'OGI', 'tagged_by_crew': 1, 'init_detect_by': 'OGI', 'init_detect_date': datetime.datetime(2020, 5, 12, 10, 30), 'requires_shutdown': False, 'date_repaired': datetime.datetime(2020, 5, 28, 16, 0), 'repair_delay': 16, 'OGI_sp_covered': 1}]",[],0,False,,,,3,4,52,30,False,6,4,1,7,156.2031990630581,2913.9007731758816,0.22244488977955912,0.5330427473728141,1.6822487519117477
ABRAND00708,601,52.68,-114.94,1,6,2,2,2,120,1,30,20,120,1,lognorm,0.062287158377333125,[1.462],"['kilogram', 'hour']",<scipy.stats._distn_infrastructure.rv_frozen object at 0x000002073C01D1C8>,0,5,60,2001.1467407407965,[],"[{'leak_ID': 'ABRAND00708_0000000000', 'facility_ID': 'ABRAND00708', 'equipment_group': 1, 'rate': 0.0010522521727461375, 'lat': 52.68, 'lon': -114.94, 'status': 'repaired', 'days_active': 120, 'days_active_prog_start': 0, 'tagged': True, 'component': 'unknown', 'date_began': datetime.datetime(2017, 4, 3, 0, 0), 'date_tagged': datetime.datetime(2017, 8, 1, 0, 0), 'tagged_by_company': 'natural', 'tagged_by_crew': 1, 'init_detect_by': 'natural', 'init_detect_date': datetime.datetime(2017, 8, 1, 0, 0), 'requires_shutdown': False, 'date_repaired': datetime.datetime(2017, 8, 1, 16, 0), 'repair_delay': 0, 'OGI_sp_covered': 1}, {'leak_ID': 'ABRAND00708_0000000001', 'facility_ID': 'ABRAND00708', 'equipment_group': 1, 'rate': 0.377733468908529, 'lat': 52.68, 'lon': -114.94, 'status': 'repaired', 'days_active': 57, 'days_active_prog_start': 0, 'tagged': True, 'component': 'unknown', 'date_began': datetime.datetime(2018, 2, 1, 0, 0), 'date_tagged': datetime.datetime(2018, 3, 14, 10, 30), 'tagged_by_company': 'OGI', 'tagged_by_crew': 2, 'init_detect_by': 'OGI', 'init_detect_date': datetime.datetime(2018, 3, 14, 10, 30), 'requires_shutdown': False, 'date_repaired': datetime.datetime(2018, 3, 30, 16, 0), 'repair_delay': 16, 'OGI_sp_covered': 1}, {'leak_ID': 'ABRAND00708_0000000002', 'facility_ID': 'ABRAND00708', 'equipment_group': 1, 'rate': 0.036470775012918136, 'lat': 52.68, 'lon': -114.94, 'status': 'repaired', 'days_active': 18, 'days_active_prog_start': 0, 'tagged': True, 'component': 'unknown', 'date_began': datetime.datetime(2020, 1, 11, 0, 0), 'date_tagged': datetime.datetime(2020, 1, 13, 10, 30), 'tagged_by_company': 'OGI', 'tagged_by_crew': 2, 'init_detect_by': 'OGI', 'init_detect_date': datetime.datetime(2020, 1, 13, 10, 30), 'requires_shutdown': False, 'date_repaired': datetime.datetime(2020, 1, 29, 16, 0), 'repair_delay': 16, 'OGI_sp_covered': 1}, {'leak_ID': 'ABRAND00708_0000000003', 'facility_ID': 'ABRAND00708', 'equipment_group': 1, 'rate': 0.0028187554051229947, 'lat': 52.68, 'lon': -114.94, 'status': 'repaired', 'days_active': 120, 'days_active_prog_start': 0, 'tagged': True, 'component': 'unknown', 'date_began': datetime.datetime(2020, 5, 13, 0, 0), 'date_tagged': datetime.datetime(2020, 9, 10, 0, 0), 'tagged_by_company': 'natural', 'tagged_by_crew': 1, 'init_detect_by': 'natural', 'init_detect_date': datetime.datetime(2020, 9, 10, 0, 0), 'requires_shutdown': False, 'date_repaired': datetime.datetime(2020, 9, 10, 16, 0), 'repair_delay': 0, 'OGI_sp_covered': 1}, {'leak_ID': 'ABRAND00708_0000000004', 'facility_ID': 'ABRAND00708', 'equipment_group': 1, 'rate': 0.00424681685885756, 'lat': 52.68, 'lon': -114.94, 'status': 'repaired', 'days_active': 120, 'days_active_prog_start': 0, 'tagged': True, 'component': 'unknown', 'date_began': datetime.datetime(2021, 4, 3, 0, 0), 'date_tagged': datetime.datetime(2021, 8, 1, 0, 0), 'tagged_by_company': 'natural', 'tagged_by_crew': 1, 'init_detect_by': 'natural', 'init_detect_date': datetime.datetime(2021, 8, 1, 0, 0), 'requires_shutdown': False, 'date_repaired': datetime.datetime(2021, 8, 1, 16, 0), 'repair_delay': 0, 'OGI_sp_covered': 1}]",[],0,False,,,,3,4,52,30,False,6,4,0,5,0.0,2001.1467407407965,0.22444889779559118,0.535536496968254,1.0965187620497516
ABRAND00373,621,53.25,-116.07,5,6,2,2,2,120,1,30,20,120,1,lognorm,0.062287158377333125,[1.462],"['kilogram', 'hour']",<scipy.stats._distn_infrastructure.rv_frozen object at 0x000002073C01D1C8>,0,4,60,375.29765760024503,[],"[{'leak_ID': 'ABRAND00373_0000000000', 'facility_ID': 'ABRAND00373', 'equipment_group': 4, 'rate': 0.013666594158782092, 'lat': 53.25, 'lon': -116.07, 'status': 'repaired', 'days_active': 120, 'days_active_prog_start': 0, 'tagged': True, 'component': 'unknown', 'date_began': datetime.datetime(2017, 3, 22, 0, 0), 'date_tagged': datetime.datetime(2017, 7, 20, 0, 0), 'tagged_by_company': 'natural', 'tagged_by_crew': 1, 'init_detect_by': 'natural', 'init_detect_date': datetime.datetime(2017, 7, 20, 0, 0), 'requires_shutdown': False, 'date_repaired': datetime.datetime(2017, 7, 20, 16, 0), 'repair_delay': 0, 'OGI_sp_covered': 1}, {'leak_ID': 'ABRAND00373_0000000001', 'facility_ID': 'ABRAND00373', 'equipment_group': 1, 'rate': 0.007654269279222699, 'lat': 53.25, 'lon': -116.07, 'status': 'repaired', 'days_active': 120, 'days_active_prog_start': 0, 'tagged': True, 'component': 'unknown', 'date_began': datetime.datetime(2017, 3, 26, 0, 0), 'date_tagged': datetime.datetime(2017, 7, 24, 0, 0), 'tagged_by_company': 'natural', 'tagged_by_crew': 1, 'init_detect_by': 'natural', 'init_detect_date': datetime.datetime(2017, 7, 24, 0, 0), 'requires_shutdown': False, 'date_repaired': datetime.datetime(2017, 7, 24, 16, 0), 'repair_delay': 0, 'OGI_sp_covered': 1}, {'leak_ID': 'ABRAND00373_0000000002', 'facility_ID': 'ABRAND00373', 'equipment_group': 1, 'rate': 0.004704103140702825, 'lat': 53.25, 'lon': -116.07, 'status': 'repaired', 'days_active': 120, 'days_active_prog_start': 0, 'tagged': True, 'component': 'unknown', 'date_began': datetime.datetime(2018, 8, 15, 0, 0), 'date_tagged': datetime.datetime(2018, 12, 13, 0, 0), 'tagged_by_company': 'natural', 'tagged_by_crew': 1, 'init_detect_by': 'natural', 'init_detect_date': datetime.datetime(2018, 12, 13, 0, 0), 'requires_shutdown': False, 'date_repaired': datetime.datetime(2018, 12, 13, 16, 0), 'repair_delay': 0, 'OGI_sp_covered': 1}, {'leak_ID': 'ABRAND00373_0000000003', 'facility_ID': 'ABRAND00373', 'equipment_group': 4, 'rate': 0.010172724162056758, 'lat': 53.25, 'lon': -116.07, 'status': 'repaired', 'days_active': 120, 'days_active_prog_start': 0, 'tagged': True, 'component': 'unknown', 'date_began': datetime.datetime(2019, 7, 24, 0, 0), 'date_tagged': datetime.datetime(2019, 11, 21, 0, 0), 'tagged_by_company': 'natural', 'tagged_by_crew': 1, 'init_detect_by': 'natural', 'init_detect_date': datetime.datetime(2019, 11, 21, 0, 0), 'requires_shutdown': False, 'date_repaired': datetime.datetime(2019, 11, 21, 16, 0), 'repair_delay': 0, 'OGI_sp_covered': 1}]",[],0,False,,,,2,4,52,30,False,6,7,0,4,0.0,375.29765760024503,0.22645290581162325,0.5380047317781318,0.2056425521097233
ABRAND00967,361,52.75,-114.09,4,6,2,2,2,120,1,30,20,120,1,lognorm,0.062287158377333125,[1.462],"['kilogram', 'hour']",<scipy.stats._distn_infrastructure.rv_frozen object at 0x000002073C01D1C8>,0,10,60,1942.6052821021967,"[{'leak_ID': 'ABRAND00967_0000000009', 'facility_ID': 'ABRAND00967', 'equipment_group': 1, 'rate': 0.019605971092673834, 'lat': 52.75, 'lon': -114.09, 'status': 'active', 'days_active': 28, 'days_active_prog_start': 0, 'tagged': False, 'component': 'unknown', 'date_began': datetime.datetime(2021, 12, 2, 0, 0), 'date_tagged': None, 'tagged_by_company': None, 'tagged_by_crew': None, 'init_detect_by': None, 'init_detect_date': None, 'requires_shutdown': False, 'date_repaired': None, 'repair_delay': None}]","[{'leak_ID': 'ABRAND00967_0000000000', 'facility_ID': 'ABRAND00967', 'equipment_group': 2, 'rate': 0.0034732081540552397, 'lat': 52.75, 'lon': -114.09, 'status': 'repaired', 'days_active': 120, 'days_active_prog_start': 0, 'tagged': True, 'component': 'unknown', 'date_began': datetime.datetime(2017, 3, 15, 0, 0), 'date_tagged': datetime.datetime(2017, 7, 13, 0, 0), 'tagged_by_company': 'natural', 'tagged_by_crew': 1, 'init_detect_by': 'natural', 'init_detect_date': datetime.datetime(2017, 7, 13, 0, 0), 'requires_shutdown': False, 'date_repaired': datetime.datetime(2017, 7, 13, 16, 0), 'repair_delay': 0, 'OGI_sp_covered': 1}, {'leak_ID': 'ABRAND00967_0000000001', 'facility_ID': 'ABRAND00967', 'equipment_group': 4, 'rate': 0.009962861352945378, 'lat': 52.75, 'lon': -114.09, 'status': 'repaired', 'days_active': 120, 'days_active_prog_start': 0, 'tagged': True, 'component': 'unknown', 'date_began': datetime.datetime(2017, 4, 25, 0, 0), 'date_tagged': datetime.datetime(2017, 8, 23, 0, 0), 'tagged_by_company': 'natural', 'tagged_by_crew': 1, 'init_detect_by': 'natural', 'init_detect_date': datetime.datetime(2017, 8, 23, 0, 0), 'requires_shutdown': False, 'date_repaired': datetime.datetime(2017, 8, 23, 16, 0), 'repair_delay': 0, 'OGI_sp_covered': 1}, {'leak_ID': 'ABRAND00967_0000000002', 'facility_ID': 'ABRAND00967', 'equipment_group': 4, 'rate': 0.010932354978179995, 'lat': 52.75, 'lon': -114.09, 'status': 'repaired', 'days_active': 120, 'days_active_prog_start': 0, 'tagged': True, 'component': 'unknown', 'date_began': datetime.datetime(2017, 4, 30, 0, 0), 'date_tagged': datetime.datetime(2017, 8, 28, 0, 0), 'tagged_by_company': 'natural', 'tagged_by_crew': 1, 'init_detect_by': 'natural', 'init_detect_date': datetime.datetime(2017, 8, 28, 0, 0), 'requires_shutdown': False, 'date_repaired': datetime.datetime(2017, 8, 28, 0, 0), 'repair_delay': 0, 'OGI_sp_covered': 1}, {'leak_ID': 'ABRAND00967_0000000003', 'facility_ID': 'ABRAND00967', 'equipment_group': 4, 'rate': 0.003756848691059756, 'lat': 52.75, 'lon': -114.09, 'status': 'repaired', 'days_active': 120, 'days_active_prog_start': 0, 'tagged': True, 'component': 'unknown', 'date_began': datetime.datetime(2017, 5, 29, 0, 0), 'date_tagged': datetime.datetime(2017, 9, 26, 0, 0), 'tagged_by_company': 'natural', 'tagged_by_crew': 1, 'init_detect_by': 'natural', 'init_detect_date': datetime.datetime(2017, 9, 26, 0, 0), 'requires_shutdown': False, 'date_repaired': datetime.datetime(2017, 9, 26, 16, 0), 'repair_delay': 0, 'OGI_sp_covered': 1}, {'leak_ID': 'ABRAND00967_0000000004', 'facility_ID': 'ABRAND00967', 'equipment_group': 1, 'rate': 0.007479040277885444, 'lat': 52.75, 'lon': -114.09, 'status': 'repaired', 'days_active': 120, 'days_active_prog_start': 0, 'tagged': True, 'component': 'unknown', 'date_began': datetime.datetime(2017, 8, 1, 0, 0), 'date_tagged': datetime.datetime(2017, 11, 29, 0, 0), 'tagged_by_company': 'natural', 'tagged_by_crew': 1, 'init_detect_by': 'natural', 'init_detect_date': datetime.datetime(2017, 11, 29, 0, 0), 'requires_shutdown': False, 'date_repaired': datetime.datetime(2017, 11, 29, 16, 0), 'repair_delay': 0, 'OGI_sp_covered': 1}, {'leak_ID': 'ABRAND00967_0000000005', 'facility_ID': 'ABRAND00967', 'equipment_group': 3, 'rate': 0.04856460413025283, 'lat': 52.75, 'lon': -114.09, 'status': 'repaired', 'days_active': 120, 'days_active_prog_start': 0, 'tagged': True, 'component': 'unknown', 'date_began': datetime.datetime(2017, 9, 30, 0, 0), 'date_tagged': datetime.datetime(2018, 1, 28, 0, 0), 'tagged_by_company': 'natural', 'tagged_by_crew': 1, 'init_detect_by': 'OGI', 'init_detect_date': datetime.datetime(2018, 1, 13, 13, 0), 'requires_shutdown': False, 'date_repaired': datetime.datetime(2018, 1, 28, 16, 0), 'repair_delay': 0, 'OGI_sp_covered': 1}, {'leak_ID': 'ABRAND00967_0000000006', 'facility_ID': 'ABRAND00967', 'equipment_group': 1, 'rate': 0.0020316325360554954, 'lat': 52.75, 'lon': -114.09, 'status': 'repaired', 'days_active': 120, 'days_active_prog_start': 0, 'tagged': True, 'component': 'unknown', 'date_began': datetime.datetime(2020, 6, 5, 0, 0), 'date_tagged': datetime.datetime(2020, 10, 3, 0, 0), 'tagged_by_company': 'natural', 'tagged_by_crew': 1, 'init_detect_by': 'natural', 'init_detect_date': datetime.datetime(2020, 10, 3, 0, 0), 'requires_shutdown': False, 'date_repaired': datetime.datetime(2020, 10, 3, 16, 0), 'repair_delay': 0, 'OGI_sp_covered': 1}, {'leak_ID': 'ABRAND00967_0000000007', 'facility_ID': 'ABRAND00967', 'equipment_group': 1, 'rate': 0.034942671954516176, 'lat': 52.75, 'lon': -114.09, 'status': 'repaired', 'days_active': 120, 'days_active_prog_start': 0, 'tagged': True, 'component': 'unknown', 'date_began': datetime.datetime(2020, 7, 27, 0, 0), 'date_tagged': datetime.datetime(2020, 11, 24, 0, 0), 'tagged_by_company': 'natural', 'tagged_by_crew': 1, 'init_detect_by': 'natural', 'init_detect_date': datetime.datetime(2020, 11, 24, 0, 0), 'requires_shutdown': False, 'date_repaired': datetime.datetime(2020, 11, 24, 16, 0), 'repair_delay': 0, 'OGI_sp_covered': 1}, {'leak_ID': 'ABRAND00967_0000000008', 'facility_ID': 'ABRAND00967', 'equipment_group': 3, 'rate': 0.10419300834013354, 'lat': 52.75, 'lon': -114.09, 'status': 'repaired', 'days_active': 71, 'days_active_prog_start': 0, 'tagged': True, 'component': 'unknown', 'date_began': datetime.datetime(2021, 3, 19, 0, 0), 'date_tagged': datetime.datetime(2021, 5, 13, 13, 0), 'tagged_by_company': 'OGI', 'tagged_by_crew': 1, 'init_detect_by': 'OGI', 'init_detect_date': datetime.datetime(2021, 5, 13, 13, 0), 'requires_shutdown': False, 'date_repaired': datetime.datetime(2021, 5, 29, 16, 0), 'repair_delay': 16, 'OGI_sp_covered': 1}]",[],0,False,,,,2,4,52,30,False,6,13,1,9,47.43076526739654,1895.1745168348002,0.22845691382765532,0.5404689162115992,1.0644412504669571
ABRAND00974,503,52.57,-114.06,1,6,2,2,2,120,1,30,20,120,1,lognorm,0.062287158377333125,[1.462],"['kilogram', 'hour']",<scipy.stats._distn_infrastructure.rv_frozen object at 0x000002073C01D1C8>,0,6,60,1633.8185712136428,"[{'leak_ID': 'ABRAND00974_0000000005', 'facility_ID': 'ABRAND00974', 'equipment_group': 1, 'rate': 0.01677482690747379, 'lat': 52.57, 'lon': -114.06, 'status': 'active', 'days_active': 73, 'days_active_prog_start': 0, 'tagged': False, 'component': 'unknown', 'date_began': datetime.datetime(2021, 10, 18, 0, 0), 'date_tagged': None, 'tagged_by_company': None, 'tagged_by_crew': None, 'init_detect_by': None, 'init_detect_date': None, 'requires_shutdown': False, 'date_repaired': None, 'repair_delay': None, 'OGI_sp_covered': 1}]","[{'leak_ID': 'ABRAND00974_0000000000', 'facility_ID': 'ABRAND00974', 'equipment_group': 1, 'rate': 0.0015034735243653467, 'lat': 52.57, 'lon': -114.06, 'status': 'repaired', 'days_active': 120, 'days_active_prog_start': 0, 'tagged': True, 'component': 'unknown', 'date_began': datetime.datetime(2017, 5, 11, 0, 0), 'date_tagged': datetime.datetime(2017, 9, 8, 0, 0), 'tagged_by_company': 'natural', 'tagged_by_crew': 1, 'init_detect_by': 'natural', 'init_detect_date': datetime.datetime(2017, 9, 8, 0, 0), 'requires_shutdown': False, 'date_repaired': datetime.datetime(2017, 9, 8, 16, 0), 'repair_delay': 0, 'OGI_sp_covered': 1}, {'leak_ID': 'ABRAND00974_0000000001', 'facility_ID': 'ABRAND00974', 'equipment_group': 1, 'rate': 0.011468831085995513, 'lat': 52.57, 'lon': -114.06, 'status': 'repaired', 'days_active': 120, 'days_active_prog_start': 0, 'tagged': True, 'component': 'unknown', 'date_began': datetime.datetime(2019, 8, 4, 0, 0), 'date_tagged': datetime.datetime(2019, 12, 2, 0, 0), 'tagged_by_company': 'natural', 'tagged_by_crew': 1, 'init_detect_by': 'natural', 'init_detect_date': datetime.datetime(2019, 12, 2, 0, 0), 'requires_shutdown': False, 'date_repaired': datetime.datetime(2019, 12, 2, 16, 0), 'repair_delay': 0, 'OGI_sp_covered': 1}, {'leak_ID': 'ABRAND00974_0000000002', 'facility_ID': 'ABRAND00974', 'equipment_group': 1, 'rate': 0.10162752278949179, 'lat': 52.57, 'lon': -114.06, 'status': 'repaired', 'days_active': 116, 'days_active_prog_start': 0, 'tagged': True, 'component': 'unknown', 'date_began': datetime.datetime(2020, 4, 2, 0, 0), 'date_tagged': datetime.datetime(2020, 7, 11, 13, 0), 'tagged_by_company': 'OGI', 'tagged_by_crew': 2, 'init_detect_by': 'OGI', 'init_detect_date': datetime.datetime(2020, 7, 11, 13, 0), 'requires_shutdown': False, 'date_repaired': datetime.datetime(2020, 7, 27, 16, 0), 'repair_delay': 16, 'OGI_sp_covered': 1}, {'leak_ID': 'ABRAND00974_0000000003', 'facility_ID': 'ABRAND00974', 'equipment_group': 1, 'rate': 0.019365013068008984, 'lat': 52.57, 'lon': -114.06, 'status': 'repaired', 'days_active': 120, 'days_active_prog_start': 0, 'tagged': True, 'component': 'unknown', 'date_began': datetime.datetime(2020, 9, 28, 0, 0), 'date_tagged': datetime.datetime(2021, 1, 26, 0, 0), 'tagged_by_company': 'natural', 'tagged_by_crew': 1, 'init_detect_by': 'natural', 'init_detect_date': datetime.datetime(2021, 1, 26, 0, 0), 'requires_shutdown': False, 'date_repaired': datetime.datetime(2021, 1, 26, 16, 0), 'repair_delay': 0, 'OGI_sp_covered': 1}, {'leak_ID': 'ABRAND00974_0000000004', 'facility_ID': 'ABRAND00974', 'equipment_group': 1, 'rate': 0.016800866979946292, 'lat': 52.57, 'lon': -114.06, 'status': 'repaired', 'days_active': 120, 'days_active_prog_start': 0, 'tagged': True, 'component': 'unknown', 'date_began': datetime.datetime(2021, 4, 7, 0, 0), 'date_tagged': datetime.datetime(2021, 8, 5, 0, 0), 'tagged_by_company': 'natural', 'tagged_by_crew': 1, 'init_detect_by': 'natural', 'init_detect_date': datetime.datetime(2021, 8, 5, 0, 0), 'requires_shutdown': False, 'date_repaired': datetime.datetime(2021, 8, 5, 16, 0), 'repair_delay': 0, 'OGI_sp_covered': 1}]",[],0,False,,,,3,4,52,30,False,6,9,1,5,105.8021882708187,1528.016382942824,0.23046092184368738,0.5429240264683743,0.8952430527198043
ABRAND00363,311,52.92,-116.09,1,6,2,2,2,120,1,30,20,120,1,lognorm,0.062287158377333125,[1.462],"['kilogram', 'hour']",<scipy.stats._distn_infrastructure.rv_frozen object at 0x000002073C01D1C8>,1,7,60,853.7191008108404,[],"[{'leak_ID': 'ABRAND00363_0000000001', 'facility_ID': 'ABRAND00363', 'equipment_group': 1, 'rate': 0.0057999384096120415, 'lat': 52.92, 'lon': -116.09, 'status': 'repaired', 'days_active': 120, 'days_active_prog_start': 10, 'tagged': True, 'component': 'unknown', 'date_began': datetime.datetime(2016, 12, 22, 0, 0), 'date_tagged': datetime.datetime(2017, 4, 20, 0, 0), 'tagged_by_company': 'natural', 'tagged_by_crew': 1, 'init_detect_by': 'natural', 'init_detect_date': datetime.datetime(2017, 4, 20, 0, 0), 'requires_shutdown': False, 'date_repaired': datetime.datetime(2017, 4, 20, 16, 0), 'repair_delay': 0, 'OGI_sp_covered': 1}, {'leak_ID': 'ABRAND00363_0000000001', 'facility_ID': 'ABRAND00363', 'equipment_group': 1, 'rate': 0.006717155375390045, 'lat': 52.92, 'lon': -116.09, 'status': 'repaired', 'days_active': 120, 'days_active_prog_start': 0, 'tagged': True, 'component': 'unknown', 'date_began': datetime.datetime(2018, 2, 16, 0, 0), 'date_tagged': datetime.datetime(2018, 6, 16, 0, 0), 'tagged_by_company': 'natural', 'tagged_by_crew': 1, 'init_detect_by': 'natural', 'init_detect_date': datetime.datetime(2018, 6, 16, 0, 0), 'requires_shutdown': False, 'date_repaired': datetime.datetime(2018, 6, 16, 16, 0), 'repair_delay': 0, 'OGI_sp_covered': 1}, {'leak_ID': 'ABRAND00363_0000000002', 'facility_ID': 'ABRAND00363', 'equipment_group': 1, 'rate': 0.014665736826572478, 'lat': 52.92, 'lon': -116.09, 'status': 'repaired', 'days_active': 120, 'days_active_prog_start': 0, 'tagged': True, 'component': 'unknown', 'date_began': datetime.datetime(2019, 6, 8, 0, 0), 'date_tagged': datetime.datetime(2019, 10, 6, 0, 0), 'tagged_by_company': 'natural', 'tagged_by_crew': 1, 'init_detect_by': 'natural', 'init_detect_date': datetime.datetime(2019, 10, 6, 0, 0), 'requires_shutdown': False, 'date_repaired': datetime.datetime(2019, 10, 6, 16, 0), 'repair_delay': 0, 'OGI_sp_covered': 1}, {'leak_ID': 'ABRAND00363_0000000003', 'facility_ID': 'ABRAND00363', 'equipment_group': 1, 'rate': 0.013844504705725635, 'lat': 52.92, 'lon': -116.09, 'status': 'repaired', 'days_active': 120, 'days_active_prog_start': 0, 'tagged': True, 'component': 'unknown', 'date_began': datetime.datetime(2020, 1, 5, 0, 0), 'date_tagged': datetime.datetime(2020, 5, 4, 0, 0), 'tagged_by_company': 'natural', 'tagged_by_crew': 1, 'init_detect_by': 'natural', 'init_detect_date': datetime.datetime(2020, 5, 4, 0, 0), 'requires_shutdown': False, 'date_repaired': datetime.datetime(2020, 5, 4, 16, 0), 'repair_delay': 0, 'OGI_sp_covered': 1}, {'leak_ID': 'ABRAND00363_0000000004', 'facility_ID': 'ABRAND00363', 'equipment_group': 1, 'rate': 0.021693846435197242, 'lat': 52.92, 'lon': -116.09, 'status': 'repaired', 'days_active': 120, 'days_active_prog_start': 0, 'tagged': True, 'component': 'unknown', 'date_began': datetime.datetime(2020, 4, 22, 0, 0), 'date_tagged': datetime.datetime(2020, 8, 20, 0, 0), 'tagged_by_company': 'natural', 'tagged_by_crew': 1, 'init_detect_by': 'natural', 'init_detect_date': datetime.datetime(2020, 8, 20, 0, 0), 'requires_shutdown': False, 'date_repaired': datetime.datetime(2020, 8, 20, 16, 0), 'repair_delay': 0, 'OGI_sp_covered': 1}, {'leak_ID': 'ABRAND00363_0000000005', 'facility_ID': 'ABRAND00363', 'equipment_group': 1, 'rate': 0.005851992170960265, 'lat': 52.92, 'lon': -116.09, 'status': 'repaired', 'days_active': 120, 'days_active_prog_start': 0, 'tagged': True, 'component': 'unknown', 'date_began': datetime.datetime(2021, 1, 15, 0, 0), 'date_tagged': datetime.datetime(2021, 5, 15, 0, 0), 'tagged_by_company': 'natural', 'tagged_by_crew': 1, 'init_detect_by': 'natural', 'init_detect_date': datetime.datetime(2021, 5, 15, 0, 0), 'requires_shutdown': False, 'date_repaired': datetime.datetime(2021, 5, 15, 16, 0), 'repair_delay': 0, 'OGI_sp_covered': 1}, {'leak_ID': 'ABRAND00363_0000000006', 'facility_ID': 'ABRAND00363', 'equipment_group': 1, 'rate': 0.05700755415059245, 'lat': 52.92, 'lon': -116.09, 'status': 'repaired', 'days_active': 30, 'days_active_prog_start': 0, 'tagged': True, 'component': 'unknown', 'date_began': datetime.datetime(2021, 10, 26, 0, 0), 'date_tagged': datetime.datetime(2021, 11, 9, 13, 0), 'tagged_by_company': 'OGI', 'tagged_by_crew': 3, 'init_detect_by': 'OGI', 'init_detect_date': datetime.datetime(2021, 11, 9, 13, 0), 'requires_shutdown': False, 'date_repaired': datetime.datetime(2021, 11, 25, 16, 0), 'repair_delay': 16, 'OGI_sp_covered': 1}]",[],1,False,,,,2,4,52,30,False,6,6,0,7,0.0,853.7191008108404,0.23246492985971945,0.5453576653063411,0.46779128811552895
ABRAND00762,351,52.19,-114.64,4,6,2,2,2,120,1,30,20,120,1,lognorm,0.062287158377333125,[1.462],"['kilogram', 'hour']",<scipy.stats._distn_infrastructure.rv_frozen object at 0x000002073C01D1C8>,0,7,60,4857.83574394369,"[{'leak_ID': 'ABRAND00762_0000000006', 'facility_ID': 'ABRAND00762', 'equipment_group': 4, 'rate': 0.0029372135450466182, 'lat': 52.19, 'lon': -114.64, 'status': 'active', 'days_active': 44, 'days_active_prog_start': 0, 'tagged': False, 'component': 'unknown', 'date_began': datetime.datetime(2021, 11, 16, 0, 0), 'date_tagged': None, 'tagged_by_company': None, 'tagged_by_crew': None, 'init_detect_by': None, 'init_detect_date': None, 'requires_shutdown': False, 'date_repaired': None, 'repair_delay': None}]","[{'leak_ID': 'ABRAND00762_0000000000', 'facility_ID': 'ABRAND00762', 'equipment_group': 2, 'rate': 0.0776625502796073, 'lat': 52.19, 'lon': -114.64, 'status': 'repaired', 'days_active': 94, 'days_active_prog_start': 0, 'tagged': True, 'component': 'unknown', 'date_began': datetime.datetime(2017, 2, 25, 0, 0), 'date_tagged': datetime.datetime(2017, 5, 14, 8, 0), 'tagged_by_company': 'OGI', 'tagged_by_crew': 1, 'init_detect_by': 'OGI', 'init_detect_date': datetime.datetime(2017, 5, 14, 8, 0), 'requires_shutdown': False, 'date_repaired': datetime.datetime(2017, 5, 30, 16, 0), 'repair_delay': 16, 'OGI_sp_covered': 1}, {'leak_ID': 'ABRAND00762_0000000001', 'facility_ID': 'ABRAND00762', 'equipment_group': 1, 'rate': 0.06322359543681473, 'lat': 52.19, 'lon': -114.64, 'status': 'repaired', 'days_active': 47, 'days_active_prog_start': 0, 'tagged': True, 'component': 'unknown', 'date_began': datetime.datetime(2017, 6, 12, 0, 0), 'date_tagged': datetime.datetime(2017, 7, 13, 8, 0), 'tagged_by_company': 'OGI', 'tagged_by_crew': 1, 'init_detect_by': 'OGI', 'init_detect_date': datetime.datetime(2017, 7, 13, 8, 0), 'requires_shutdown': False, 'date_repaired': datetime.datetime(2017, 7, 29, 16, 0), 'repair_delay': 16, 'OGI_sp_covered': 1}, {'leak_ID': 'ABRAND00762_0000000002', 'facility_ID': 'ABRAND00762', 'equipment_group': 3, 'rate': 0.015253195379284733, 'lat': 52.19, 'lon': -114.64, 'status': 'repaired', 'days_active': 120, 'days_active_prog_start': 0, 'tagged': True, 'component': 'unknown', 'date_began': datetime.datetime(2017, 7, 27, 0, 0), 'date_tagged': datetime.datetime(2017, 11, 24, 0, 0), 'tagged_by_company': 'natural', 'tagged_by_crew': 1, 'init_detect_by': 'natural', 'init_detect_date': datetime.datetime(2017, 11, 24, 0, 0), 'requires_shutdown': False, 'date_repaired': datetime.datetime(2017, 11, 24, 16, 0), 'repair_delay': 0, 'OGI_sp_covered': 1}, {'leak_ID': 'ABRAND00762_0000000004', 'facility_ID': 'ABRAND00762', 'equipment_group': 1, 'rate': 0.5229240560259664, 'lat': 52.19, 'lon': -114.64, 'status': 'repaired', 'days_active': 76, 'days_active_prog_start': 0, 'tagged': True, 'component': 'unknown', 'date_began': datetime.datetime(2019, 11, 15, 0, 0), 'date_tagged': datetime.datetime(2020, 1, 14, 8, 0), 'tagged_by_company': 'OGI', 'tagged_by_crew': 1, 'init_detect_by': 'OGI', 'init_detect_date': datetime.datetime(2020, 1, 14, 8, 0), 'requires_shutdown': False, 'date_repaired': datetime.datetime(2020, 1, 30, 16, 0), 'repair_delay': 16, 'OGI_sp_covered': 1}, {'leak_ID': 'ABRAND00762_0000000003', 'facility_ID': 'ABRAND00762', 'equipment_group': 4, 'rate': 0.023669838735444693, 'lat': 52.19, 'lon': -114.64, 'status': 'repaired', 'days_active': 120, 'days_active_prog_start': 0, 'tagged': True, 'component': 'unknown', 'date_began': datetime.datetime(2019, 10, 17, 0, 0), 'date_tagged': datetime.datetime(2020, 2, 14, 0, 0), 'tagged_by_company': 'natural', 'tagged_by_crew': 1, 'init_detect_by': 'natural', 'init_detect_date': datetime.datetime(2020, 2, 14, 0, 0), 'requires_shutdown': False, 'date_repaired': datetime.datetime(2020, 2, 14, 16, 0), 'repair_delay': 0, 'OGI_sp_covered': 1}, {'leak_ID': 'ABRAND00762_0000000005', 'facility_ID': 'ABRAND00762', 'equipment_group': 4, 'rate': 0.0829960165030939, 'lat': 52.19, 'lon': -114.64, 'status': 'repaired', 'days_active': 17, 'days_active_prog_start': 0, 'tagged': True, 'component': 'unknown', 'date_began': datetime.datetime(2021, 1, 13, 0, 0), 'date_tagged': datetime.datetime(2021, 1, 14, 8, 0), 'tagged_by_company': 'OGI', 'tagged_by_crew': 1, 'init_detect_by': 'OGI', 'init_detect_date': datetime.datetime(2021, 1, 14, 8, 0), 'requires_shutdown': False, 'date_repaired': datetime.datetime(2021, 1, 30, 16, 0), 'repair_delay': 16, 'OGI_sp_covered': 1}]",[],0,False,,,,3,4,51,30,False,6,4,1,6,11.166111012849225,4846.6696329308415,0.23446893787575152,0.5477851852345299,2.661827804900652
ABRAND00069,601,55.01,-119.6,5,6,2,2,2,120,1,30,20,120,1,lognorm,0.062287158377333125,[1.462],"['kilogram', 'hour']",<scipy.stats._distn_infrastructure.rv_frozen object at 0x000002073C01D1C8>,0,6,60,1251.8475427674553,[],"[{'leak_ID': 'ABRAND00069_0000000000', 'facility_ID': 'ABRAND00069', 'equipment_group': 5, 'rate': 0.000856157925411005, 'lat': 55.01, 'lon': -119.6, 'status': 'repaired', 'days_active': 120, 'days_active_prog_start': 0, 'tagged': True, 'component': 'unknown', 'date_began': datetime.datetime(2017, 3, 19, 0, 0), 'date_tagged': datetime.datetime(2017, 7, 17, 0, 0), 'tagged_by_company': 'natural', 'tagged_by_crew': 1, 'init_detect_by': 'natural', 'init_detect_date': datetime.datetime(2017, 7, 17, 0, 0), 'requires_shutdown': False, 'date_repaired': datetime.datetime(2017, 7, 17, 16, 0), 'repair_delay': 0, 'OGI_sp_covered': 0}, {'leak_ID': 'ABRAND00069_0000000001', 'facility_ID': 'ABRAND00069', 'equipment_group': 4, 'rate': 0.06992145058323616, 'lat': 55.01, 'lon': -119.6, 'status': 'repaired', 'days_active': 20, 'days_active_prog_start': 0, 'tagged': True, 'component': 'unknown', 'date_began': datetime.datetime(2018, 9, 7, 0, 0), 'date_tagged': datetime.datetime(2018, 9, 11, 8, 0), 'tagged_by_company': 'OGI', 'tagged_by_crew': 2, 'init_detect_by': 'OGI', 'init_detect_date': datetime.datetime(2018, 9, 11, 8, 0), 'requires_shutdown': False, 'date_repaired': datetime.datetime(2018, 9, 27, 16, 0), 'repair_delay': 16, 'OGI_sp_covered': 1}, {'leak_ID': 'ABRAND00069_0000000002', 'facility_ID': 'ABRAND00069', 'equipment_group': 4, 'rate': 0.01434594304002524, 'lat': 55.01, 'lon': -119.6, 'status': 'repaired', 'days_active': 120, 'days_active_prog_start': 0, 'tagged': True, 'component': 'unknown', 'date_began': datetime.datetime(2018, 10, 12, 0, 0), 'date_tagged': datetime.datetime(2019, 2, 9, 0, 0), 'tagged_by_company': 'natural', 'tagged_by_crew': 1, 'init_detect_by': 'natural', 'init_detect_date': datetime.datetime(2019, 2, 9, 0, 0), 'requires_shutdown': False, 'date_repaired': datetime.datetime(2019, 2, 9, 16, 0), 'repair_delay': 0, 'OGI_sp_covered': 1}, {'leak_ID': 'ABRAND00069_0000000003', 'facility_ID': 'ABRAND00069', 'equipment_group': 3, 'rate': 0.2141207889176953, 'lat': 55.01, 'lon': -119.6, 'status': 'repaired', 'days_active': 18, 'days_active_prog_start': 0, 'tagged': True, 'component': 'unknown', 'date_began': datetime.datetime(2019, 7, 11, 0, 0), 'date_tagged': datetime.datetime(2019, 7, 13, 8, 0), 'tagged_by_company': 'OGI', 'tagged_by_crew': 2, 'init_detect_by': 'OGI', 'init_detect_date': datetime.datetime(2019, 7, 13, 8, 0), 'requires_shutdown': False, 'date_repaired': datetime.datetime(2019, 7, 29, 16, 0), 'repair_delay': 16, 'OGI_sp_covered': 1}, {'leak_ID': 'ABRAND00069_0000000004', 'facility_ID': 'ABRAND00069', 'equipment_group': 2, 'rate': 0.06618131185180784, 'lat': 55.01, 'lon': -119.6, 'status': 'repaired', 'days_active': 49, 'days_active_prog_start': 0, 'tagged': True, 'component': 'unknown', 'date_began': datetime.datetime(2020, 2, 10, 0, 0), 'date_tagged': datetime.datetime(2020, 3, 14, 8, 0), 'tagged_by_company': 'OGI', 'tagged_by_crew': 2, 'init_detect_by': 'OGI', 'init_detect_date': datetime.datetime(2020, 3, 14, 8, 0), 'requires_shutdown': False, 'date_repaired': datetime.datetime(2020, 3, 30, 16, 0), 'repair_delay': 16, 'OGI_sp_covered': 1}, {'leak_ID': 'ABRAND00069_0000000005', 'facility_ID': 'ABRAND00069', 'equipment_group': 2, 'rate': 0.03474363817219973, 'lat': 55.01, 'lon': -119.6, 'status': 'repaired', 'days_active': 120, 'days_active_prog_start': 0, 'tagged': True, 'component': 'unknown', 'date_began': datetime.datetime(2021, 8, 15, 0, 0), 'date_tagged': datetime.datetime(2021, 12, 13, 0, 0), 'tagged_by_company': 'natural', 'tagged_by_crew': 1, 'init_detect_by': 'natural', 'init_detect_date': datetime.datetime(2021, 12, 13, 0, 0), 'requires_shutdown': False, 'date_repaired': datetime.datetime(2021, 12, 13, 16, 0), 'repair_delay': 0, 'OGI_sp_covered': 1}]",[],0,False,,,,2,4,51,30,False,6,5,0,6,0.0,1251.8475427674553,0.23647294589178355,0.5502108765728068,0.6859438590506605
ABRAND00806,311,52.36,-114.49,5,6,2,2,2,120,1,30,20,120,1,lognorm,0.062287158377333125,[1.462],"['kilogram', 'hour']",<scipy.stats._distn_infrastructure.rv_frozen object at 0x000002073C01D1C8>,1,7,60,1402.367949128115,[],"[{'leak_ID': 'ABRAND00806_0000000001', 'facility_ID': 'ABRAND00806', 'equipment_group': 4, 'rate': 0.031062819093219413, 'lat': 52.36, 'lon': -114.49, 'status': 'repaired', 'days_active': 120, 'days_active_prog_start': 78, 'tagged': True, 'component': 'unknown', 'date_began': datetime.datetime(2016, 10, 15, 0, 0), 'date_tagged': datetime.datetime(2017, 2, 11, 0, 0), 'tagged_by_company': 'natural', 'tagged_by_crew': 1, 'init_detect_by': 'natural', 'init_detect_date': datetime.datetime(2017, 2, 11, 0, 0), 'requires_shutdown': False, 'date_repaired': datetime.datetime(2017, 2, 11, 16, 0), 'repair_delay': 0, 'OGI_sp_covered': 1}, {'leak_ID': 'ABRAND00806_0000000001', 'facility_ID': 'ABRAND00806', 'equipment_group': 2, 'rate': 0.01536167960462244, 'lat': 52.36, 'lon': -114.49, 'status': 'repaired', 'days_active': 120, 'days_active_prog_start': 0, 'tagged': True, 'component': 'unknown', 'date_began': datetime.datetime(2017, 2, 26, 0, 0), 'date_tagged': datetime.datetime(2017, 6, 26, 0, 0), 'tagged_by_company': 'natural', 'tagged_by_crew': 1, 'init_detect_by': 'natural', 'init_detect_date': datetime.datetime(2017, 6, 26, 0, 0), 'requires_shutdown': False, 'date_repaired': datetime.datetime(2017, 6, 26, 0, 0), 'repair_delay': 0, 'OGI_sp_covered': 1}, {'leak_ID': 'ABRAND00806_0000000002', 'facility_ID': 'ABRAND00806', 'equipment_group': 1, 'rate': 0.017758893422461647, 'lat': 52.36, 'lon': -114.49, 'status': 'repaired', 'days_active': 120, 'days_active_prog_start': 0, 'tagged': True, 'component': 'unknown', 'date_began': datetime.datetime(2017, 6, 22, 0, 0), 'date_tagged': datetime.datetime(2017, 10, 20, 0, 0), 'tagged_by_company': 'natural', 'tagged_by_crew': 1, 'init_detect_by': 'natural', 'init_detect_date': datetime.datetime(2017, 10, 20, 0, 0), 'requires_shutdown': False, 'date_repaired': datetime.datetime(2017, 10, 20, 16, 0), 'repair_delay': 0, 'OGI_sp_covered': 1}, {'leak_ID': 'ABRAND00806_0000000003', 'facility_ID': 'ABRAND00806', 'equipment_group': 3, 'rate': 0.04572578026489511, 'lat': 52.36, 'lon': -114.49, 'status': 'repaired', 'days_active': 104, 'days_active_prog_start': 0, 'tagged': True, 'component': 'unknown', 'date_began': datetime.datetime(2018, 4, 16, 0, 0), 'date_tagged': datetime.datetime(2018, 7, 13, 8, 0), 'tagged_by_company': 'OGI', 'tagged_by_crew': 3, 'init_detect_by': 'OGI', 'init_detect_date': datetime.datetime(2018, 7, 13, 8, 0), 'requires_shutdown': False, 'date_repaired': datetime.datetime(2018, 7, 29, 16, 0), 'repair_delay': 16, 'OGI_sp_covered': 1}, {'leak_ID': 'ABRAND00806_0000000004', 'facility_ID': 'ABRAND00806', 'equipment_group': 5, 'rate': 0.019337863784718568, 'lat': 52.36, 'lon': -114.49, 'status': 'repaired', 'days_active': 120, 'days_active_prog_start': 0, 'tagged': True, 'component': 'unknown', 'date_began': datetime.datetime(2018, 7, 10, 0, 0), 'date_tagged': datetime.datetime(2018, 11, 7, 0, 0), 'tagged_by_company': 'natural', 'tagged_by_crew': 1, 'init_detect_by': 'natural', 'init_detect_date': datetime.datetime(2018, 11, 7, 0, 0), 'requires_shutdown': False, 'date_repaired': datetime.datetime(2018, 11, 7, 16, 0), 'repair_delay': 0, 'OGI_sp_covered': 1}, {'leak_ID': 'ABRAND00806_0000000005', 'facility_ID': 'ABRAND00806', 'equipment_group': 1, 'rate': 0.014985252599772337, 'lat': 52.36, 'lon': -114.49, 'status': 'repaired', 'days_active': 120, 'days_active_prog_start': 0, 'tagged': True, 'component': 'unknown', 'date_began': datetime.datetime(2019, 6, 22, 0, 0), 'date_tagged': datetime.datetime(2019, 10, 20, 0, 0), 'tagged_by_company': 'natural', 'tagged_by_crew': 1, 'init_detect_by': 'natural', 'init_detect_date': datetime.datetime(2019, 10, 20, 0, 0), 'requires_shutdown': False, 'date_repaired': datetime.datetime(2019, 10, 20, 16, 0), 'repair_delay': 0, 'OGI_sp_covered': 1}, {'leak_ID': 'ABRAND00806_0000000006', 'facility_ID': 'ABRAND00806', 'equipment_group': 2, 'rate': 0.017314568695523648, 'lat': 52.36, 'lon': -114.49, 'status': 'repaired', 'days_active': 120, 'days_active_prog_start': 0, 'tagged': True, 'component': 'unknown', 'date_began': datetime.datetime(2020, 3, 9, 0, 0), 'date_tagged': datetime.datetime(2020, 7, 7, 0, 0), 'tagged_by_company': 'natural', 'tagged_by_crew': 1, 'init_detect_by': 'natural', 'init_detect_date': datetime.datetime(2020, 7, 7, 0, 0), 'requires_shutdown': False, 'date_repaired': datetime.datetime(2020, 7, 7, 16, 0), 'repair_delay': 0, 'OGI_sp_covered': 1}]",[],1,False,,,,3,4,51,30,False,6,9,0,7,0.0,1402.367949128115,0.23847695390781562,0.5526164409243668,0.7684207940428027
ABRAND01008,361,52.77,-113.88,4,6,2,2,2,120,1,30,20,120,1,lognorm,0.062287158377333125,[1.462],"['kilogram', 'hour']",<scipy.stats._distn_infrastructure.rv_frozen object at 0x000002073C01D1C8>,0,6,60,978.1891480977079,"[{'leak_ID': 'ABRAND01008_0000000004', 'facility_ID': 'ABRAND01008', 'equipment_group': 3, 'rate': 0.011362351209153836, 'lat': 52.77, 'lon': -113.88, 'status': 'active', 'days_active': 83, 'days_active_prog_start': 0, 'tagged': False, 'component': 'unknown', 'date_began': datetime.datetime(2021, 10, 8, 0, 0), 'date_tagged': None, 'tagged_by_company': None, 'tagged_by_crew': None, 'init_detect_by': None, 'init_detect_date': None, 'requires_shutdown': False, 'date_repaired': None, 'repair_delay': None, 'OGI_sp_covered': 1}, {'leak_ID': 'ABRAND01008_0000000005', 'facility_ID': 'ABRAND01008', 'equipment_group': 4, 'rate': 0.013672735915224023, 'lat': 52.77, 'lon': -113.88, 'status': 'active', 'days_active': 53, 'days_active_prog_start': 0, 'tagged': False, 'component': 'unknown', 'date_began': datetime.datetime(2021, 11, 7, 0, 0), 'date_tagged': None, 'tagged_by_company': None, 'tagged_by_crew': None, 'init_detect_by': None, 'init_detect_date': None, 'requires_shutdown': False, 'date_repaired': None, 'repair_delay': None, 'OGI_sp_covered': 1}]","[{'leak_ID': 'ABRAND01008_0000000000', 'facility_ID': 'ABRAND01008', 'equipment_group': 2, 'rate': 0.005265440431459456, 'lat': 52.77, 'lon': -113.88, 'status': 'repaired', 'days_active': 120, 'days_active_prog_start': 0, 'tagged': True, 'component': 'unknown', 'date_began': datetime.datetime(2017, 3, 19, 0, 0), 'date_tagged': datetime.datetime(2017, 7, 17, 0, 0), 'tagged_by_company': 'natural', 'tagged_by_crew': 1, 'init_detect_by': 'natural', 'init_detect_date': datetime.datetime(2017, 7, 17, 0, 0), 'requires_shutdown': False, 'date_repaired': datetime.datetime(2017, 7, 17, 16, 0), 'repair_delay': 0, 'OGI_sp_covered': 1}, {'leak_ID': 'ABRAND01008_0000000001', 'facility_ID': 'ABRAND01008', 'equipment_group': 4, 'rate': 0.021731380468551605, 'lat': 52.77, 'lon': -113.88, 'status': 'repaired', 'days_active': 120, 'days_active_prog_start': 0, 'tagged': True, 'component': 'unknown', 'date_began': datetime.datetime(2017, 5, 7, 0, 0), 'date_tagged': datetime.datetime(2017, 9, 4, 0, 0), 'tagged_by_company': 'natural', 'tagged_by_crew': 1, 'init_detect_by': 'natural', 'init_detect_date': datetime.datetime(2017, 9, 4, 0, 0), 'requires_shutdown': False, 'date_repaired': datetime.datetime(2017, 9, 4, 16, 0), 'repair_delay': 0, 'OGI_sp_covered': 1}, {'leak_ID': 'ABRAND01008_0000000002', 'facility_ID': 'ABRAND01008', 'equipment_group': 3, 'rate': 0.03222790899445606, 'lat': 52.77, 'lon': -113.88, 'status': 'repaired', 'days_active': 120, 'days_active_prog_start': 0, 'tagged': True, 'component': 'unknown', 'date_began': datetime.datetime(2017, 5, 9, 0, 0), 'date_tagged': datetime.datetime(2017, 9, 6, 0, 0), 'tagged_by_company': 'natural', 'tagged_by_crew': 1, 'init_detect_by': 'natural', 'init_detect_date': datetime.datetime(2017, 9, 6, 0, 0), 'requires_shutdown': False, 'date_repaired': datetime.datetime(2017, 9, 6, 16, 0), 'repair_delay': 0, 'OGI_sp_covered': 0}, {'leak_ID': 'ABRAND01008_0000000003', 'facility_ID': 'ABRAND01008', 'equipment_group': 2, 'rate': 0.02122446597779657, 'lat': 52.77, 'lon': -113.88, 'status': 'repaired', 'days_active': 120, 'days_active_prog_start': 0, 'tagged': True, 'component': 'unknown', 'date_began': datetime.datetime(2018, 6, 10, 0, 0), 'date_tagged': datetime.datetime(2018, 10, 8, 0, 0), 'tagged_by_company': 'natural', 'tagged_by_crew': 1, 'init_detect_by': 'natural', 'init_detect_date': datetime.datetime(2018, 10, 8, 0, 0), 'requires_shutdown': False, 'date_repaired': datetime.datetime(2018, 10, 8, 16, 0), 'repair_delay': 0, 'OGI_sp_covered': 1}]",[],0,False,,,,2,4,51,30,False,6,8,2,4,144.09188529407785,834.09726280363,0.24048096192384769,0.55502155018075,0.5359940537521687
ABRAND01141,601,55.11,-110.65,4,6,2,2,2,120,1,30,20,120,1,lognorm,0.062287158377333125,[1.462],"['kilogram', 'hour']",<scipy.stats._distn_infrastructure.rv_frozen object at 0x000002073C01D1C8>,1,8,60,903.1736042722357,[],"[{'leak_ID': 'ABRAND01141_0000000001', 'facility_ID': 'ABRAND01141', 'equipment_group': 3, 'rate': 0.11072900280024855, 'lat': 55.11, 'lon': -110.65, 'status': 'repaired', 'days_active': 71, 'days_active_prog_start': 41, 'tagged': True, 'component': 'unknown', 'date_began': datetime.datetime(2016, 11, 21, 0, 0), 'date_tagged': datetime.datetime(2017, 1, 14, 10, 30), 'tagged_by_company': 'OGI', 'tagged_by_crew': 2, 'init_detect_by': 'OGI', 'init_detect_date': datetime.datetime(2017, 1, 14, 10, 30), 'requires_shutdown': False, 'date_repaired': datetime.datetime(2017, 1, 30, 16, 0), 'repair_delay': 16, 'OGI_sp_covered': 1}, {'leak_ID': 'ABRAND01141_0000000001', 'facility_ID': 'ABRAND01141', 'equipment_group': 2, 'rate': 0.011076064475877478, 'lat': 55.11, 'lon': -110.65, 'status': 'repaired', 'days_active': 120, 'days_active_prog_start': 0, 'tagged': True, 'component': 'unknown', 'date_began': datetime.datetime(2017, 12, 13, 0, 0), 'date_tagged': datetime.datetime(2018, 4, 12, 0, 0), 'tagged_by_company': 'natural', 'tagged_by_crew': 1, 'init_detect_by': 'natural', 'init_detect_date': datetime.datetime(2018, 4, 12, 0, 0), 'requires_shutdown': False, 'date_repaired': datetime.datetime(2018, 4, 12, 16, 0), 'repair_delay': 0, 'OGI_sp_covered': 1}, {'leak_ID': 'ABRAND01141_0000000004', 'facility_ID': 'ABRAND01141', 'equipment_group': 2, 'rate': 0.04658259948716408, 'lat': 55.11, 'lon': -110.65, 'status': 'repaired', 'days_active': 17, 'days_active_prog_start': 0, 'tagged': True, 'component': 'unknown', 'date_began': datetime.datetime(2018, 5, 13, 0, 0), 'date_tagged': datetime.datetime(2018, 5, 14, 10, 30), 'tagged_by_company': 'OGI', 'tagged_by_crew': 2, 'init_detect_by': 'OGI', 'init_detect_date': datetime.datetime(2018, 5, 14, 10, 30), 'requires_shutdown': False, 'date_repaired': datetime.datetime(2018, 5, 30, 16, 0), 'repair_delay': 16, 'OGI_sp_covered': 1}, {'leak_ID': 'ABRAND01141_0000000002', 'facility_ID': 'ABRAND01141', 'equipment_group': 3, 'rate': 0.012359511349227885, 'lat': 55.11, 'lon': -110.65, 'status': 'repaired', 'days_active': 120, 'days_active_prog_start': 0, 'tagged': True, 'component': 'unknown', 'date_began': datetime.datetime(2018, 3, 3, 0, 0), 'date_tagged': datetime.datetime(2018, 7, 1, 0, 0), 'tagged_by_company': 'natural', 'tagged_by_crew': 1, 'init_detect_by': 'natural', 'init_detect_date': datetime.datetime(2018, 7, 1, 0, 0), 'requires_shutdown': False, 'date_repaired': datetime.datetime(2018, 7, 1, 16, 0), 'repair_delay': 0, 'OGI_sp_covered': 1}, {'leak_ID': 'ABRAND01141_0000000003', 'facility_ID': 'ABRAND01141', 'equipment_group': 3, 'rate': 0.003722700998536334, 'lat': 55.11, 'lon': -110.65, 'status': 'repaired', 'days_active': 120, 'days_active_prog_start': 0, 'tagged': True, 'component': 'unknown', 'date_began': datetime.datetime(2018, 3, 23, 0, 0), 'date_tagged': datetime.datetime(2018, 7, 21, 0, 0), 'tagged_by_company': 'natural', 'tagged_by_crew': 1, 'init_detect_by': 'natural', 'init_detect_date': datetime.datetime(2018, 7, 21, 0, 0), 'requires_shutdown': False, 'date_repaired': datetime.datetime(2018, 7, 21, 16, 0), 'repair_delay': 0, 'OGI_sp_covered': 1}, {'leak_ID': 'ABRAND01141_0000000005', 'facility_ID': 'ABRAND01141', 'equipment_group': 1, 'rate': 0.0036082840353373127, 'lat': 55.11, 'lon': -110.65, 'status': 'repaired', 'days_active': 120, 'days_active_prog_start': 0, 'tagged': True, 'component': 'unknown', 'date_began': datetime.datetime(2018, 7, 19, 0, 0), 'date_tagged': datetime.datetime(2018, 11, 16, 0, 0), 'tagged_by_company': 'natural', 'tagged_by_crew': 1, 'init_detect_by': 'natural', 'init_detect_date': datetime.datetime(2018, 11, 16, 0, 0), 'requires_shutdown': False, 'date_repaired': datetime.datetime(2018, 11, 16, 16, 0), 'repair_delay': 0, 'OGI_sp_covered': 0}, {'leak_ID': 'ABRAND01141_0000000006', 'facility_ID': 'ABRAND01141', 'equipment_group': 2, 'rate': 0.0013304185613981765, 'lat': 55.11, 'lon': -110.65, 'status': 'repaired', 'days_active': 120, 'days_active_prog_start': 0, 'tagged': True, 'component': 'unknown', 'date_began': datetime.datetime(2019, 1, 3, 0, 0), 'date_tagged': datetime.datetime(2019, 5, 3, 0, 0), 'tagged_by_company': 'natural', 'tagged_by_crew': 1, 'init_detect_by': 'natural', 'init_detect_date': datetime.datetime(2019, 5, 3, 0, 0), 'requires_shutdown': False, 'date_repaired': datetime.datetime(2019, 5, 3, 16, 0), 'repair_delay': 0, 'OGI_sp_covered': 1}, {'leak_ID': 'ABRAND01141_0000000007', 'facility_ID': 'ABRAND01141', 'equipment_group': 1, 'rate': 0.05923777123478124, 'lat': 55.11, 'lon': -110.65, 'status': 'repaired', 'days_active': 42, 'days_active_prog_start': 0, 'tagged': True, 'component': 'unknown', 'date_began': datetime.datetime(2021, 6, 17, 0, 0), 'date_tagged': datetime.datetime(2021, 7, 13, 10, 30), 'tagged_by_company': 'OGI', 'tagged_by_crew': 2, 'init_detect_by': 'OGI', 'init_detect_date': datetime.datetime(2021, 7, 13, 10, 30), 'requires_shutdown': False, 'date_repaired': datetime.datetime(2021, 7, 29, 16, 0), 'repair_delay': 16, 'OGI_sp_covered': 1}]",[],1,False,,,,2,4,51,30,False,6,9,0,8,0.0,903.1736042722357,0.24248496993987975,0.5574185738617607,0.4948896461765675
ABRAND01065,601,51.69,-112.69,4,6,2,2,2,120,1,30,20,120,1,lognorm,0.062287158377333125,[1.462],"['kilogram', 'hour']",<scipy.stats._distn_infrastructure.rv_frozen object at 0x000002073C01D1C8>,1,4,60,706.8550915077749,[],"[{'leak_ID': 'ABRAND01065_0000000001', 'facility_ID': 'ABRAND01065', 'equipment_group': 2, 'rate': 0.07023542629973835, 'lat': 51.69, 'lon': -112.69, 'status': 'repaired', 'days_active': 50, 'days_active_prog_start': 20, 'tagged': True, 'component': 'unknown', 'date_began': datetime.datetime(2016, 12, 12, 0, 0), 'date_tagged': datetime.datetime(2017, 1, 14, 10, 30), 'tagged_by_company': 'OGI', 'tagged_by_crew': 3, 'init_detect_by': 'OGI', 'init_detect_date': datetime.datetime(2017, 1, 14, 10, 30), 'requires_shutdown': False, 'date_repaired': datetime.datetime(2017, 1, 30, 16, 0), 'repair_delay': 16, 'OGI_sp_covered': 1}, {'leak_ID': 'ABRAND01065_0000000001', 'facility_ID': 'ABRAND01065', 'equipment_group': 4, 'rate': 0.0038600003087305413, 'lat': 51.69, 'lon': -112.69, 'status': 'repaired', 'days_active': 120, 'days_active_prog_start': 0, 'tagged': True, 'component': 'unknown', 'date_began': datetime.datetime(2017, 7, 15, 0, 0), 'date_tagged': datetime.datetime(2017, 11, 12, 0, 0), 'tagged_by_company': 'natural', 'tagged_by_crew': 1, 'init_detect_by': 'natural', 'init_detect_date': datetime.datetime(2017, 11, 12, 0, 0), 'requires_shutdown': False, 'date_repaired': datetime.datetime(2017, 11, 12, 16, 0), 'repair_delay': 0, 'OGI_sp_covered': 1}, {'leak_ID': 'ABRAND01065_0000000002', 'facility_ID': 'ABRAND01065', 'equipment_group': 2, 'rate': 0.04391164533075669, 'lat': 51.69, 'lon': -112.69, 'status': 'repaired', 'days_active': 26, 'days_active_prog_start': 0, 'tagged': True, 'component': 'unknown', 'date_began': datetime.datetime(2018, 10, 31, 0, 0), 'date_tagged': datetime.datetime(2018, 11, 10, 10, 30), 'tagged_by_company': 'OGI', 'tagged_by_crew': 3, 'init_detect_by': 'OGI', 'init_detect_date': datetime.datetime(2018, 11, 10, 10, 30), 'requires_shutdown': False, 'date_repaired': datetime.datetime(2018, 11, 26, 16, 0), 'repair_delay': 16, 'OGI_sp_covered': 1}, {'leak_ID': 'ABRAND01065_0000000003', 'facility_ID': 'ABRAND01065', 'equipment_group': 3, 'rate': 0.06670488931504336, 'lat': 51.69, 'lon': -112.69, 'status': 'repaired', 'days_active': 67, 'days_active_prog_start': 0, 'tagged': True, 'component': 'unknown', 'date_began': datetime.datetime(2019, 5, 23, 0, 0), 'date_tagged': datetime.datetime(2019, 7, 13, 10, 30), 'tagged_by_company': 'OGI', 'tagged_by_crew': 3, 'init_detect_by': 'OGI', 'init_detect_date': datetime.datetime(2019, 7, 13, 10, 30), 'requires_shutdown': False, 'date_repaired': datetime.datetime(2019, 7, 29, 16, 0), 'repair_delay': 16, 'OGI_sp_covered': 1}]",[],1,False,,,,3,4,51,30,False,6,2,0,4,0.0,706.8550915077749,0.24448897795591182,0.5597842596005217,0.3873178583604246
ABRAND00621,322,52.9,-115.26,5,6,2,2,2,120,1,30,20,120,1,lognorm,0.062287158377333125,[1.462],"['kilogram', 'hour']",<scipy.stats._distn_infrastructure.rv_frozen object at 0x000002073C01D1C8>,0,5,60,1007.7248208943431,[],"[{'leak_ID': 'ABRAND00621_0000000001', 'facility_ID': 'ABRAND00621', 'equipment_group': 2, 'rate': 0.05242746423360848, 'lat': 52.9, 'lon': -115.26, 'status': 'repaired', 'days_active': 17, 'days_active_prog_start': 0, 'tagged': True, 'component': 'unknown', 'date_began': datetime.datetime(2017, 11, 9, 0, 0), 'date_tagged': datetime.datetime(2017, 11, 10, 13, 0), 'tagged_by_company': 'OGI', 'tagged_by_crew': 1, 'init_detect_by': 'OGI', 'init_detect_date': datetime.datetime(2017, 11, 10, 13, 0), 'requires_shutdown': False, 'date_repaired': datetime.datetime(2017, 11, 26, 16, 0), 'repair_delay': 16, 'OGI_sp_covered': 1}, {'leak_ID': 'ABRAND00621_0000000000', 'facility_ID': 'ABRAND00621', 'equipment_group': 3, 'rate': 0.02440775080880199, 'lat': 52.9, 'lon': -115.26, 'status': 'repaired', 'days_active': 120, 'days_active_prog_start': 0, 'tagged': True, 'component': 'unknown', 'date_began': datetime.datetime(2017, 9, 5, 0, 0), 'date_tagged': datetime.datetime(2018, 1, 3, 0, 0), 'tagged_by_company': 'natural', 'tagged_by_crew': 1, 'init_detect_by': 'natural', 'init_detect_date': datetime.datetime(2018, 1, 3, 0, 0), 'requires_shutdown': False, 'date_repaired': datetime.datetime(2018, 1, 3, 16, 0), 'repair_delay': 0, 'OGI_sp_covered': 1}, {'leak_ID': 'ABRAND00621_0000000002', 'facility_ID': 'ABRAND00621', 'equipment_group': 5, 'rate': 0.005787966933502576, 'lat': 52.9, 'lon': -115.26, 'status': 'repaired', 'days_active': 120, 'days_active_prog_start': 0, 'tagged': True, 'component': 'unknown', 'date_began': datetime.datetime(2019, 4, 28, 0, 0), 'date_tagged': datetime.datetime(2019, 8, 26, 0, 0), 'tagged_by_company': 'natural', 'tagged_by_crew': 1, 'init_detect_by': 'natural', 'init_detect_date': datetime.datetime(2019, 8, 26, 0, 0), 'requires_shutdown': False, 'date_repaired': datetime.datetime(2019, 8, 26, 0, 0), 'repair_delay': 0, 'OGI_sp_covered': 1}, {'leak_ID': 'ABRAND00621_0000000003', 'facility_ID': 'ABRAND00621', 'equipment_group': 5, 'rate': 0.010683333989356726, 'lat': 52.9, 'lon': -115.26, 'status': 'repaired', 'days_active': 120, 'days_active_prog_start': 0, 'tagged': True, 'component': 'unknown', 'date_began': datetime.datetime(2020, 7, 4, 0, 0), 'date_tagged': datetime.datetime(2020, 11, 1, 0, 0), 'tagged_by_company': 'natural', 'tagged_by_crew': 1, 'init_detect_by': 'natural', 'init_detect_date': datetime.datetime(2020, 11, 1, 0, 0), 'requires_shutdown': False, 'date_repaired': datetime.datetime(2020, 11, 1, 16, 0), 'repair_delay': 0, 'OGI_sp_covered': 1}, {'leak_ID': 'ABRAND00621_0000000004', 'facility_ID': 'ABRAND00621', 'equipment_group': 1, 'rate': 0.0862754209344626, 'lat': 52.9, 'lon': -115.26, 'status': 'repaired', 'days_active': 68, 'days_active_prog_start': 0, 'tagged': True, 'component': 'unknown', 'date_began': datetime.datetime(2021, 3, 23, 0, 0), 'date_tagged': datetime.datetime(2021, 5, 14, 13, 0), 'tagged_by_company': 'OGI', 'tagged_by_crew': 1, 'init_detect_by': 'OGI', 'init_detect_date': datetime.datetime(2021, 5, 14, 13, 0), 'requires_shutdown': False, 'date_repaired': datetime.datetime(2021, 5, 30, 16, 0), 'repair_delay': 16, 'OGI_sp_covered': 1}]",[],0,False,,,,2,4,51,30,False,6,4,0,5,0.0,1007.7248208943431,0.24649298597194388,0.5621401312653049,0.5521779840516948
ABRAND00929,601,52.33,-114.19,3,6,2,2,2,120,1,30,20,120,1,lognorm,0.062287158377333125,[1.462],"['kilogram', 'hour']",<scipy.stats._distn_infrastructure.rv_frozen object at 0x000002073C01D1C8>,0,9,60,7288.936813200428,[],"[{'leak_ID': 'ABRAND00929_0000000000', 'facility_ID': 'ABRAND00929', 'equipment_group': 2, 'rate': 0.01647673444690862, 'lat': 52.33, 'lon': -114.19, 'status': 'repaired', 'days_active': 120, 'days_active_prog_start': 0, 'tagged': True, 'component': 'unknown', 'date_began': datetime.datetime(2017, 7, 12, 0, 0), 'date_tagged': datetime.datetime(2017, 11, 9, 0, 0), 'tagged_by_company': 'natural', 'tagged_by_crew': 1, 'init_detect_by': 'natural', 'init_detect_date': datetime.datetime(2017, 11, 9, 0, 0), 'requires_shutdown': False, 'date_repaired': datetime.datetime(2017, 11, 9, 16, 0), 'repair_delay': 0, 'OGI_sp_covered': 1}, {'leak_ID': 'ABRAND00929_0000000001', 'facility_ID': 'ABRAND00929', 'equipment_group': 3, 'rate': 0.8216676218517045, 'lat': 52.33, 'lon': -114.19, 'status': 'repaired', 'days_active': 88, 'days_active_prog_start': 0, 'tagged': True, 'component': 'unknown', 'date_began': datetime.datetime(2018, 7, 1, 0, 0), 'date_tagged': datetime.datetime(2018, 9, 11, 13, 0), 'tagged_by_company': 'OGI', 'tagged_by_crew': 2, 'init_detect_by': 'OGI', 'init_detect_date': datetime.datetime(2018, 9, 11, 13, 0), 'requires_shutdown': False, 'date_repaired': datetime.datetime(2018, 9, 27, 16, 0), 'repair_delay': 16, 'OGI_sp_covered': 1}, {'leak_ID': 'ABRAND00929_0000000002', 'facility_ID': 'ABRAND00929', 'equipment_group': 3, 'rate': 0.002194363309983771, 'lat': 52.33, 'lon': -114.19, 'status': 'repaired', 'days_active': 120, 'days_active_prog_start': 0, 'tagged': True, 'component': 'unknown', 'date_began': datetime.datetime(2019, 3, 4, 0, 0), 'date_tagged': datetime.datetime(2019, 7, 2, 0, 0), 'tagged_by_company': 'natural', 'tagged_by_crew': 1, 'init_detect_by': 'natural', 'init_detect_date': datetime.datetime(2019, 7, 2, 0, 0), 'requires_shutdown': False, 'date_repaired': datetime.datetime(2019, 7, 2, 16, 0), 'repair_delay': 0, 'OGI_sp_covered': 1}, {'leak_ID': 'ABRAND00929_0000000003', 'facility_ID': 'ABRAND00929', 'equipment_group': 1, 'rate': 0.008050407195708667, 'lat': 52.33, 'lon': -114.19, 'status': 'repaired', 'days_active': 120, 'days_active_prog_start': 0, 'tagged': True, 'component': 'unknown', 'date_began': datetime.datetime(2019, 3, 8, 0, 0), 'date_tagged': datetime.datetime(2019, 7, 6, 0, 0), 'tagged_by_company': 'natural', 'tagged_by_crew': 1, 'init_detect_by': 'natural', 'init_detect_date': datetime.datetime(2019, 7, 6, 0, 0), 'requires_shutdown': False, 'date_repaired': datetime.datetime(2019, 7, 6, 16, 0), 'repair_delay': 0, 'OGI_sp_covered': 1}, {'leak_ID': 'ABRAND00929_0000000004', 'facility_ID': 'ABRAND00929', 'equipment_group': 1, 'rate': 0.015463474141612903, 'lat': 52.33, 'lon': -114.19, 'status': 'repaired', 'days_active': 120, 'days_active_prog_start': 0, 'tagged': True, 'component': 'unknown', 'date_began': datetime.datetime(2019, 9, 2, 0, 0), 'date_tagged': datetime.datetime(2019, 12, 31, 0, 0), 'tagged_by_company': 'natural', 'tagged_by_crew': 1, 'init_detect_by': 'natural', 'init_detect_date': datetime.datetime(2019, 12, 31, 0, 0), 'requires_shutdown': False, 'date_repaired': datetime.datetime(2019, 12, 31, 0, 0), 'repair_delay': 0, 'OGI_sp_covered': 1}, {'leak_ID': 'ABRAND00929_0000000005', 'facility_ID': 'ABRAND00929', 'equipment_group': 1, 'rate': 0.006965390717502641, 'lat': 52.33, 'lon': -114.19, 'status': 'repaired', 'days_active': 120, 'days_active_prog_start': 0, 'tagged': True, 'component': 'unknown', 'date_began': datetime.datetime(2019, 11, 30, 0, 0), 'date_tagged': datetime.datetime(2020, 3, 29, 0, 0), 'tagged_by_company': 'natural', 'tagged_by_crew': 1, 'init_detect_by': 'natural', 'init_detect_date': datetime.datetime(2020, 3, 29, 0, 0), 'requires_shutdown': False, 'date_repaired': datetime.datetime(2020, 3, 29, 16, 0), 'repair_delay': 0, 'OGI_sp_covered': 1}, {'leak_ID': 'ABRAND00929_0000000006', 'facility_ID': 'ABRAND00929', 'equipment_group': 2, 'rate': 0.002707975783200565, 'lat': 52.33, 'lon': -114.19, 'status': 'repaired', 'days_active': 120, 'days_active_prog_start': 0, 'tagged': True, 'component': 'unknown', 'date_began': datetime.datetime(2019, 12, 29, 0, 0), 'date_tagged': datetime.datetime(2020, 4, 27, 0, 0), 'tagged_by_company': 'natural', 'tagged_by_crew': 1, 'init_detect_by': 'natural', 'init_detect_date': datetime.datetime(2020, 4, 27, 0, 0), 'requires_shutdown': False, 'date_repaired': datetime.datetime(2020, 4, 27, 0, 0), 'repair_delay': 0, 'OGI_sp_covered': 1}, {'leak_ID': 'ABRAND00929_0000000007', 'facility_ID': 'ABRAND00929', 'equipment_group': 1, 'rate': 0.03935681044063658, 'lat': 52.33, 'lon': -114.19, 'status': 'repaired', 'days_active': 107, 'days_active_prog_start': 0, 'tagged': True, 'component': 'unknown', 'date_began': datetime.datetime(2020, 4, 12, 0, 0), 'date_tagged': datetime.datetime(2020, 7, 12, 13, 0), 'tagged_by_company': 'OGI', 'tagged_by_crew': 2, 'init_detect_by': 'OGI', 'init_detect_date': datetime.datetime(2020, 7, 12, 13, 0), 'requires_shutdown': False, 'date_repaired': datetime.datetime(2020, 7, 28, 16, 0), 'repair_delay': 16, 'OGI_sp_covered': 1}, {'leak_ID': 'ABRAND00929_0000000008', 'facility_ID': 'ABRAND00929', 'equipment_group': 2, 'rate': 0.013514697381158316, 'lat': 52.33, 'lon': -114.19, 'status': 'repaired', 'days_active': 120, 'days_active_prog_start': 0, 'tagged': True, 'component': 'unknown', 'date_began': datetime.datetime(2020, 9, 13, 0, 0), 'date_tagged': datetime.datetime(2021, 1, 11, 0, 0), 'tagged_by_company': 'natural', 'tagged_by_crew': 1, 'init_detect_by': 'natural', 'init_detect_date': datetime.datetime(2021, 1, 11, 0, 0), 'requires_shutdown': False, 'date_repaired': datetime.datetime(2021, 1, 11, 16, 0), 'repair_delay': 0, 'OGI_sp_covered': 1}]",[],0,False,,,,3,4,51,30,False,6,13,0,9,0.0,7288.936813200428,0.24849699398797595,0.5644937970161081,3.993937979835851
ABRAND00898,361,52.88,-114.26,5,6,2,2,2,120,1,30,20,120,1,lognorm,0.062287158377333125,[1.462],"['kilogram', 'hour']",<scipy.stats._distn_infrastructure.rv_frozen object at 0x000002073C01D1C8>,0,6,60,1175.8797901408143,"[{'leak_ID': 'ABRAND00898_0000000005', 'facility_ID': 'ABRAND00898', 'equipment_group': 1, 'rate': 0.04179160626057925, 'lat': 52.88, 'lon': -114.26, 'status': 'active', 'days_active': 43, 'days_active_prog_start': 0, 'tagged': False, 'component': 'unknown', 'date_began': datetime.datetime(2021, 11, 17, 0, 0), 'date_tagged': None, 'tagged_by_company': None, 'tagged_by_crew': None, 'init_detect_by': None, 'init_detect_date': None, 'requires_shutdown': False, 'date_repaired': None, 'repair_delay': None}]","[{'leak_ID': 'ABRAND00898_0000000000', 'facility_ID': 'ABRAND00898', 'equipment_group': 5, 'rate': 0.008349509729466407, 'lat': 52.88, 'lon': -114.26, 'status': 'repaired', 'days_active': 120, 'days_active_prog_start': 0, 'tagged': True, 'component': 'unknown', 'date_began': datetime.datetime(2017, 6, 18, 0, 0), 'date_tagged': datetime.datetime(2017, 10, 16, 0, 0), 'tagged_by_company': 'natural', 'tagged_by_crew': 1, 'init_detect_by': 'natural', 'init_detect_date': datetime.datetime(2017, 10, 16, 0, 0), 'requires_shutdown': False, 'date_repaired': datetime.datetime(2017, 10, 16, 16, 0), 'repair_delay': 0, 'OGI_sp_covered': 1}, {'leak_ID': 'ABRAND00898_0000000001', 'facility_ID': 'ABRAND00898', 'equipment_group': 1, 'rate': 0.0784493808805893, 'lat': 52.88, 'lon': -114.26, 'status': 'repaired', 'days_active': 71, 'days_active_prog_start': 0, 'tagged': True, 'component': 'unknown', 'date_began': datetime.datetime(2017, 11, 20, 0, 0), 'date_tagged': datetime.datetime(2018, 1, 14, 13, 0), 'tagged_by_company': 'OGI', 'tagged_by_crew': 3, 'init_detect_by': 'OGI', 'init_detect_date': datetime.datetime(2018, 1, 14, 13, 0), 'requires_shutdown': False, 'date_repaired': datetime.datetime(2018, 1, 30, 16, 0), 'repair_delay': 16, 'OGI_sp_covered': 1}, {'leak_ID': 'ABRAND00898_0000000002', 'facility_ID': 'ABRAND00898', 'equipment_group': 1, 'rate': 0.006783835444699, 'lat': 52.88, 'lon': -114.26, 'status': 'repaired', 'days_active': 120, 'days_active_prog_start': 0, 'tagged': True, 'component': 'unknown', 'date_began': datetime.datetime(2018, 11, 30, 0, 0), 'date_tagged': datetime.datetime(2019, 3, 30, 0, 0), 'tagged_by_company': 'natural', 'tagged_by_crew': 1, 'init_detect_by': 'natural', 'init_detect_date': datetime.datetime(2019, 3, 30, 0, 0), 'requires_shutdown': False, 'date_repaired': datetime.datetime(2019, 3, 30, 16, 0), 'repair_delay': 0, 'OGI_sp_covered': 1}, {'leak_ID': 'ABRAND00898_0000000003', 'facility_ID': 'ABRAND00898', 'equipment_group': 4, 'rate': 0.001780599426448358, 'lat': 52.88, 'lon': -114.26, 'status': 'repaired', 'days_active': 120, 'days_active_prog_start': 0, 'tagged': True, 'component': 'unknown', 'date_began': datetime.datetime(2020, 6, 1, 0, 0), 'date_tagged': datetime.datetime(2020, 9, 29, 0, 0), 'tagged_by_company': 'natural', 'tagged_by_crew': 1, 'init_detect_by': 'natural', 'init_detect_date': datetime.datetime(2020, 9, 29, 0, 0), 'requires_shutdown': False, 'date_repaired': datetime.datetime(2020, 9, 29, 16, 0), 'repair_delay': 0, 'OGI_sp_covered': 1}, {'leak_ID': 'ABRAND00898_0000000004', 'facility_ID': 'ABRAND00898', 'equipment_group': 4, 'rate': 0.09158915933687087, 'lat': 52.88, 'lon': -114.26, 'status': 'repaired', 'days_active': 46, 'days_active_prog_start': 0, 'tagged': True, 'component': 'unknown', 'date_began': datetime.datetime(2021, 8, 12, 0, 0), 'date_tagged': datetime.datetime(2021, 9, 11, 13, 0), 'tagged_by_company': 'OGI', 'tagged_by_crew': 3, 'init_detect_by': 'OGI', 'init_detect_date': datetime.datetime(2021, 9, 11, 13, 0), 'requires_shutdown': False, 'date_repaired': datetime.datetime(2021, 9, 27, 16, 0), 'repair_delay': 16, 'OGI_sp_covered': 1}]",[],0,False,,,,2,4,51,30,False,6,5,1,5,155.26417557930404,1020.6156145615101,0.250501002004008,0.566830648300652,0.6443176932278435
ABRAND00738,322,53.1,-114.76,4,6,2,2,2,120,1,30,20,120,1,lognorm,0.062287158377333125,[1.462],"['kilogram', 'hour']",<scipy.stats._distn_infrastructure.rv_frozen object at 0x000002073C01D1C8>,0,7,60,1799.1907204022395,[],"[{'leak_ID': 'ABRAND00738_0000000000', 'facility_ID': 'ABRAND00738', 'equipment_group': 4, 'rate': 0.005168499501918934, 'lat': 53.1, 'lon': -114.76, 'status': 'repaired', 'days_active': 120, 'days_active_prog_start': 0, 'tagged': True, 'component': 'unknown', 'date_began': datetime.datetime(2017, 8, 27, 0, 0), 'date_tagged': datetime.datetime(2017, 12, 25, 0, 0), 'tagged_by_company': 'natural', 'tagged_by_crew': 1, 'init_detect_by': 'natural', 'init_detect_date': datetime.datetime(2017, 12, 25, 0, 0), 'requires_shutdown': False, 'date_repaired': datetime.datetime(2017, 12, 25, 0, 0), 'repair_delay': 0, 'OGI_sp_covered': 1}, {'leak_ID': 'ABRAND00738_0000000001', 'facility_ID': 'ABRAND00738', 'equipment_group': 2, 'rate': 0.11074965189088481, 'lat': 53.1, 'lon': -114.76, 'status': 'repaired', 'days_active': 86, 'days_active_prog_start': 0, 'tagged': True, 'component': 'unknown', 'date_began': datetime.datetime(2018, 1, 5, 0, 0), 'date_tagged': datetime.datetime(2018, 3, 16, 8, 0), 'tagged_by_company': 'OGI', 'tagged_by_crew': 1, 'init_detect_by': 'OGI', 'init_detect_date': datetime.datetime(2018, 3, 16, 8, 0), 'requires_shutdown': False, 'date_repaired': datetime.datetime(2018, 4, 1, 16, 0), 'repair_delay': 16, 'OGI_sp_covered': 1}, {'leak_ID': 'ABRAND00738_0000000002', 'facility_ID': 'ABRAND00738', 'equipment_group': 4, 'rate': 0.04401919208000901, 'lat': 53.1, 'lon': -114.76, 'status': 'repaired', 'days_active': 66, 'days_active_prog_start': 0, 'tagged': True, 'component': 'unknown', 'date_began': datetime.datetime(2019, 1, 25, 0, 0), 'date_tagged': datetime.datetime(2019, 3, 16, 8, 0), 'tagged_by_company': 'OGI', 'tagged_by_crew': 1, 'init_detect_by': 'OGI', 'init_detect_date': datetime.datetime(2019, 3, 16, 8, 0), 'requires_shutdown': False, 'date_repaired': datetime.datetime(2019, 4, 1, 16, 0), 'repair_delay': 16, 'OGI_sp_covered': 1}, {'leak_ID': 'ABRAND00738_0000000003', 'facility_ID': 'ABRAND00738', 'equipment_group': 2, 'rate': 0.006318350859109878, 'lat': 53.1, 'lon': -114.76, 'status': 'repaired', 'days_active': 120, 'days_active_prog_start': 0, 'tagged': True, 'component': 'unknown', 'date_began': datetime.datetime(2019, 3, 5, 0, 0), 'date_tagged': datetime.datetime(2019, 7, 3, 0, 0), 'tagged_by_company': 'natural', 'tagged_by_crew': 1, 'init_detect_by': 'natural', 'init_detect_date': datetime.datetime(2019, 7, 3, 0, 0), 'requires_shutdown': False, 'date_repaired': datetime.datetime(2019, 7, 3, 16, 0), 'repair_delay': 0, 'OGI_sp_covered': 1}, {'leak_ID': 'ABRAND00738_0000000004', 'facility_ID': 'ABRAND00738', 'equipment_group': 3, 'rate': 0.022171264986333164, 'lat': 53.1, 'lon': -114.76, 'status': 'repaired', 'days_active': 120, 'days_active_prog_start': 0, 'tagged': True, 'component': 'unknown', 'date_began': datetime.datetime(2020, 1, 21, 0, 0), 'date_tagged': datetime.datetime(2020, 5, 20, 0, 0), 'tagged_by_company': 'natural', 'tagged_by_crew': 1, 'init_detect_by': 'natural', 'init_detect_date': datetime.datetime(2020, 5, 20, 0, 0), 'requires_shutdown': False, 'date_repaired': datetime.datetime(2020, 5, 20, 16, 0), 'repair_delay': 0, 'OGI_sp_covered': 1}, {'leak_ID': 'ABRAND00738_0000000005', 'facility_ID': 'ABRAND00738', 'equipment_group': 3, 'rate': 0.023965912189246704, 'lat': 53.1, 'lon': -114.76, 'status': 'repaired', 'days_active': 120, 'days_active_prog_start': 0, 'tagged': True, 'component': 'unknown', 'date_began': datetime.datetime(2020, 11, 6, 0, 0), 'date_tagged': datetime.datetime(2021, 3, 6, 0, 0), 'tagged_by_company': 'natural', 'tagged_by_crew': 1, 'init_detect_by': 'natural', 'init_detect_date': datetime.datetime(2021, 3, 6, 0, 0), 'requires_shutdown': False, 'date_repaired': datetime.datetime(2021, 3, 6, 16, 0), 'repair_delay': 0, 'OGI_sp_covered': 1}, {'leak_ID': 'ABRAND00738_0000000006', 'facility_ID': 'ABRAND00738', 'equipment_group': 4, 'rate': 0.012327888558604049, 'lat': 53.1, 'lon': -114.76, 'status': 'repaired', 'days_active': 120, 'days_active_prog_start': 0, 'tagged': True, 'component': 'unknown', 'date_began': datetime.datetime(2021, 4, 11, 0, 0), 'date_tagged': datetime.datetime(2021, 8, 9, 0, 0), 'tagged_by_company': 'natural', 'tagged_by_crew': 1, 'init_detect_by': 'natural', 'init_detect_date': datetime.datetime(2021, 8, 9, 0, 0), 'requires_shutdown': False, 'date_repaired': datetime.datetime(2021, 8, 9, 16, 0), 'repair_delay': 0, 'OGI_sp_covered': 1}]",[],0,False,,,,2,4,50,30,False,6,9,0,7,0.0,1799.1907204022395,0.25250501002004005,0.5691671331886314,0.9858579289875286
ABRAND01079,601,51.07,-112.03,1,6,2,2,2,120,1,30,20,120,1,lognorm,0.062287158377333125,[1.462],"['kilogram', 'hour']",<scipy.stats._distn_infrastructure.rv_frozen object at 0x000002073C01D1C8>,0,4,60,8588.754243497166,[],"[{'leak_ID': 'ABRAND01079_0000000001', 'facility_ID': 'ABRAND01079', 'equipment_group': 1, 'rate': 0.03627764257914079, 'lat': 51.07, 'lon': -112.03, 'status': 'repaired', 'days_active': 33, 'days_active_prog_start': 0, 'tagged': True, 'component': 'unknown', 'date_began': datetime.datetime(2018, 8, 26, 0, 0), 'date_tagged': datetime.datetime(2018, 9, 12, 8, 0), 'tagged_by_company': 'OGI', 'tagged_by_crew': 2, 'init_detect_by': 'OGI', 'init_detect_date': datetime.datetime(2018, 9, 12, 8, 0), 'requires_shutdown': False, 'date_repaired': datetime.datetime(2018, 9, 28, 16, 0), 'repair_delay': 16, 'OGI_sp_covered': 1}, {'leak_ID': 'ABRAND01079_0000000000', 'facility_ID': 'ABRAND01079', 'equipment_group': 1, 'rate': 0.012233466585087095, 'lat': 51.07, 'lon': -112.03, 'status': 'repaired', 'days_active': 120, 'days_active_prog_start': 0, 'tagged': True, 'component': 'unknown', 'date_began': datetime.datetime(2018, 8, 15, 0, 0), 'date_tagged': datetime.datetime(2018, 12, 13, 0, 0), 'tagged_by_company': 'natural', 'tagged_by_crew': 1, 'init_detect_by': 'natural', 'init_detect_date': datetime.datetime(2018, 12, 13, 0, 0), 'requires_shutdown': False, 'date_repaired': datetime.datetime(2018, 12, 13, 16, 0), 'repair_delay': 0, 'OGI_sp_covered': 1}, {'leak_ID': 'ABRAND01079_0000000002', 'facility_ID': 'ABRAND01079', 'equipment_group': 1, 'rate': 4.13815585190143, 'lat': 51.07, 'lon': -112.03, 'status': 'repaired', 'days_active': 23, 'days_active_prog_start': 0, 'tagged': True, 'component': 'unknown', 'date_began': datetime.datetime(2019, 1, 8, 0, 0), 'date_tagged': datetime.datetime(2019, 1, 15, 8, 0), 'tagged_by_company': 'OGI', 'tagged_by_crew': 2, 'init_detect_by': 'OGI', 'init_detect_date': datetime.datetime(2019, 1, 15, 8, 0), 'requires_shutdown': False, 'date_repaired': datetime.datetime(2019, 1, 31, 16, 0), 'repair_delay': 16, 'OGI_sp_covered': 1}, {'leak_ID': 'ABRAND01079_0000000003', 'facility_ID': 'ABRAND01079', 'equipment_group': 1, 'rate': 0.013034291909993617, 'lat': 51.07, 'lon': -112.03, 'status': 'repaired', 'days_active': 120, 'days_active_prog_start': 0, 'tagged': True, 'component': 'unknown', 'date_began': datetime.datetime(2019, 4, 5, 0, 0), 'date_tagged': datetime.datetime(2019, 8, 3, 0, 0), 'tagged_by_company': 'natural', 'tagged_by_crew': 1, 'init_detect_by': 'natural', 'init_detect_date': datetime.datetime(2019, 8, 3, 0, 0), 'requires_shutdown': False, 'date_repaired': datetime.datetime(2019, 8, 3, 16, 0), 'repair_delay': 0, 'OGI_sp_covered': 1}]",[],0,False,,,,3,4,50,30,False,6,2,0,4,0.0,8588.754243497166,0.2545090180360721,0.5714988822474869,4.70616670876557
ABRAND00952,362,52.79,-114.14,1,6,2,2,2,120,1,30,20,120,1,lognorm,0.062287158377333125,[1.462],"['kilogram', 'hour']",<scipy.stats._distn_infrastructure.rv_frozen object at 0x000002073C01D1C8>,0,9,60,1777.8600442327167,[],"[{'leak_ID': 'ABRAND00952_0000000000', 'facility_ID': 'ABRAND00952', 'equipment_group': 1, 'rate': 0.006631838515231246, 'lat': 52.79, 'lon': -114.14, 'status': 'repaired', 'days_active': 120, 'days_active_prog_start': 0, 'tagged': True, 'component': 'unknown', 'date_began': datetime.datetime(2017, 1, 2, 0, 0), 'date_tagged': datetime.datetime(2017, 5, 2, 0, 0), 'tagged_by_company': 'natural', 'tagged_by_crew': 1, 'init_detect_by': 'natural', 'init_detect_date': datetime.datetime(2017, 5, 2, 0, 0), 'requires_shutdown': False, 'date_repaired': datetime.datetime(2017, 5, 2, 16, 0), 'repair_delay': 0, 'OGI_sp_covered': 1}, {'leak_ID': 'ABRAND00952_0000000001', 'facility_ID': 'ABRAND00952', 'equipment_group': 1, 'rate': 0.00337263864464234, 'lat': 52.79, 'lon': -114.14, 'status': 'repaired', 'days_active': 120, 'days_active_prog_start': 0, 'tagged': True, 'component': 'unknown', 'date_began': datetime.datetime(2017, 10, 19, 0, 0), 'date_tagged': datetime.datetime(2018, 2, 16, 0, 0), 'tagged_by_company': 'natural', 'tagged_by_crew': 1, 'init_detect_by': 'natural', 'init_detect_date': datetime.datetime(2018, 2, 16, 0, 0), 'requires_shutdown': False, 'date_repaired': datetime.datetime(2018, 2, 16, 16, 0), 'repair_delay': 0, 'OGI_sp_covered': 1}, {'leak_ID': 'ABRAND00952_0000000002', 'facility_ID': 'ABRAND00952', 'equipment_group': 1, 'rate': 0.044161836399965404, 'lat': 52.79, 'lon': -114.14, 'status': 'repaired', 'days_active': 33, 'days_active_prog_start': 0, 'tagged': True, 'component': 'unknown', 'date_began': datetime.datetime(2018, 4, 28, 0, 0), 'date_tagged': datetime.datetime(2018, 5, 15, 8, 0), 'tagged_by_company': 'OGI', 'tagged_by_crew': 3, 'init_detect_by': 'OGI', 'init_detect_date': datetime.datetime(2018, 5, 15, 8, 0), 'requires_shutdown': False, 'date_repaired': datetime.datetime(2018, 5, 31, 16, 0), 'repair_delay': 16, 'OGI_sp_covered': 1}, {'leak_ID': 'ABRAND00952_0000000003', 'facility_ID': 'ABRAND00952', 'equipment_group': 1, 'rate': 0.012755220787971035, 'lat': 52.79, 'lon': -114.14, 'status': 'repaired', 'days_active': 120, 'days_active_prog_start': 0, 'tagged': True, 'component': 'unknown', 'date_began': datetime.datetime(2018, 6, 28, 0, 0), 'date_tagged': datetime.datetime(2018, 10, 26, 0, 0), 'tagged_by_company': 'natural', 'tagged_by_crew': 1, 'init_detect_by': 'natural', 'init_detect_date': datetime.datetime(2018, 10, 26, 0, 0), 'requires_shutdown': False, 'date_repaired': datetime.datetime(2018, 10, 26, 0, 0), 'repair_delay': 0, 'OGI_sp_covered': 1}, {'leak_ID': 'ABRAND00952_0000000004', 'facility_ID': 'ABRAND00952', 'equipment_group': 1, 'rate': 0.039203889335706545, 'lat': 52.79, 'lon': -114.14, 'status': 'repaired', 'days_active': 73, 'days_active_prog_start': 0, 'tagged': True, 'component': 'unknown', 'date_began': datetime.datetime(2020, 1, 18, 0, 0), 'date_tagged': datetime.datetime(2020, 3, 15, 8, 0), 'tagged_by_company': 'OGI', 'tagged_by_crew': 3, 'init_detect_by': 'OGI', 'init_detect_date': datetime.datetime(2020, 3, 15, 8, 0), 'requires_shutdown': False, 'date_repaired': datetime.datetime(2020, 3, 31, 16, 0), 'repair_delay': 16, 'OGI_sp_covered': 1}, {'leak_ID': 'ABRAND00952_0000000005', 'facility_ID': 'ABRAND00952', 'equipment_group': 1, 'rate': 0.0006483209233851615, 'lat': 52.79, 'lon': -114.14, 'status': 'repaired', 'days_active': 120, 'days_active_prog_start': 0, 'tagged': True, 'component': 'unknown', 'date_began': datetime.datetime(2020, 2, 8, 0, 0), 'date_tagged': datetime.datetime(2020, 6, 7, 0, 0), 'tagged_by_company': 'natural', 'tagged_by_crew': 1, 'init_detect_by': 'natural', 'init_detect_date': datetime.datetime(2020, 6, 7, 0, 0), 'requires_shutdown': False, 'date_repaired': datetime.datetime(2020, 6, 7, 16, 0), 'repair_delay': 0, 'OGI_sp_covered': 1}, {'leak_ID': 'ABRAND00952_0000000006', 'facility_ID': 'ABRAND00952', 'equipment_group': 1, 'rate': 0.16608515297501306, 'lat': 52.79, 'lon': -114.14, 'status': 'repaired', 'days_active': 70, 'days_active_prog_start': 0, 'tagged': True, 'component': 'unknown', 'date_began': datetime.datetime(2020, 7, 19, 0, 0), 'date_tagged': datetime.datetime(2020, 9, 11, 8, 0), 'tagged_by_company': 'OGI', 'tagged_by_crew': 3, 'init_detect_by': 'OGI', 'init_detect_date': datetime.datetime(2020, 9, 11, 8, 0), 'requires_shutdown': False, 'date_repaired': datetime.datetime(2020, 9, 27, 16, 0), 'repair_delay': 16, 'OGI_sp_covered': 1}, {'leak_ID': 'ABRAND00952_0000000007', 'facility_ID': 'ABRAND00952', 'equipment_group': 1, 'rate': 0.055648738282074436, 'lat': 52.79, 'lon': -114.14, 'status': 'repaired', 'days_active': 18, 'days_active_prog_start': 0, 'tagged': True, 'component': 'unknown', 'date_began': datetime.datetime(2020, 11, 8, 0, 0), 'date_tagged': datetime.datetime(2020, 11, 10, 8, 0), 'tagged_by_company': 'OGI', 'tagged_by_crew': 3, 'init_detect_by': 'OGI', 'init_detect_date': datetime.datetime(2020, 11, 10, 8, 0), 'requires_shutdown': False, 'date_repaired': datetime.datetime(2020, 11, 26, 16, 0), 'repair_delay': 16, 'OGI_sp_covered': 1}, {'leak_ID': 'ABRAND00952_0000000008', 'facility_ID': 'ABRAND00952', 'equipment_group': 1, 'rate': 0.00684382550587341, 'lat': 52.79, 'lon': -114.14, 'status': 'repaired', 'days_active': 120, 'days_active_prog_start': 0, 'tagged': True, 'component': 'unknown', 'date_began': datetime.datetime(2021, 6, 3, 0, 0), 'date_tagged': datetime.datetime(2021, 10, 1, 0, 0), 'tagged_by_company': 'natural', 'tagged_by_crew': 1, 'init_detect_by': 'natural', 'init_detect_date': datetime.datetime(2021, 10, 1, 0, 0), 'requires_shutdown': False, 'date_repaired': datetime.datetime(2021, 10, 1, 16, 0), 'repair_delay': 0, 'OGI_sp_covered': 1}]",[],0,False,,,,2,4,50,30,False,6,7,0,9,0.0,1777.8600442327167,0.2565130260521042,0.5738274370368439,0.9741698872508037
ABRAND00104,601,54.58,-119.42,1,6,2,2,2,120,1,30,20,120,1,lognorm,0.062287158377333125,[1.462],"['kilogram', 'hour']",<scipy.stats._distn_infrastructure.rv_frozen object at 0x000002073C01D1C8>,0,4,60,569.5598111324797,[],"[{'leak_ID': 'ABRAND00104_0000000000', 'facility_ID': 'ABRAND00104', 'equipment_group': 1, 'rate': 0.005969021416759356, 'lat': 54.58, 'lon': -119.42, 'status': 'repaired', 'days_active': 120, 'days_active_prog_start': 0, 'tagged': True, 'component': 'unknown', 'date_began': datetime.datetime(2017, 3, 2, 0, 0), 'date_tagged': datetime.datetime(2017, 6, 30, 0, 0), 'tagged_by_company': 'natural', 'tagged_by_crew': 1, 'init_detect_by': 'natural', 'init_detect_date': datetime.datetime(2017, 6, 30, 0, 0), 'requires_shutdown': False, 'date_repaired': datetime.datetime(2017, 6, 30, 16, 0), 'repair_delay': 0, 'OGI_sp_covered': 1}, {'leak_ID': 'ABRAND00104_0000000001', 'facility_ID': 'ABRAND00104', 'equipment_group': 1, 'rate': 0.010389518345971401, 'lat': 54.58, 'lon': -119.42, 'status': 'repaired', 'days_active': 120, 'days_active_prog_start': 0, 'tagged': True, 'component': 'unknown', 'date_began': datetime.datetime(2018, 11, 5, 0, 0), 'date_tagged': datetime.datetime(2019, 3, 5, 0, 0), 'tagged_by_company': 'natural', 'tagged_by_crew': 1, 'init_detect_by': 'natural', 'init_detect_date': datetime.datetime(2019, 3, 5, 0, 0), 'requires_shutdown': False, 'date_repaired': datetime.datetime(2019, 3, 5, 16, 0), 'repair_delay': 0, 'OGI_sp_covered': 1}, {'leak_ID': 'ABRAND00104_0000000002', 'facility_ID': 'ABRAND00104', 'equipment_group': 1, 'rate': 0.024001481208264463, 'lat': 54.58, 'lon': -119.42, 'status': 'repaired', 'days_active': 120, 'days_active_prog_start': 0, 'tagged': True, 'component': 'unknown', 'date_began': datetime.datetime(2019, 9, 26, 0, 0), 'date_tagged': datetime.datetime(2020, 1, 24, 0, 0), 'tagged_by_company': 'natural', 'tagged_by_crew': 1, 'init_detect_by': 'natural', 'init_detect_date': datetime.datetime(2020, 1, 24, 0, 0), 'requires_shutdown': False, 'date_repaired': datetime.datetime(2020, 1, 24, 16, 0), 'repair_delay': 0, 'OGI_sp_covered': 1}, {'leak_ID': 'ABRAND00104_0000000003', 'facility_ID': 'ABRAND00104', 'equipment_group': 1, 'rate': 0.014574374392862771, 'lat': 54.58, 'lon': -119.42, 'status': 'repaired', 'days_active': 120, 'days_active_prog_start': 0, 'tagged': True, 'component': 'unknown', 'date_began': datetime.datetime(2021, 8, 30, 0, 0), 'date_tagged': datetime.datetime(2021, 12, 28, 0, 0), 'tagged_by_company': 'natural', 'tagged_by_crew': 1, 'init_detect_by': 'natural', 'init_detect_date': datetime.datetime(2021, 12, 28, 0, 0), 'requires_shutdown': False, 'date_repaired': datetime.datetime(2021, 12, 28, 0, 0), 'repair_delay': 0, 'OGI_sp_covered': 1}]",[],0,False,,,,2,4,50,30,False,6,7,0,4,0.0,569.5598111324797,0.25851703406813625,0.5761460328366399,0.3120875677438245
ABRAND00297,601,53.99,-117.09,1,6,2,2,2,120,1,30,20,120,1,lognorm,0.062287158377333125,[1.462],"['kilogram', 'hour']",<scipy.stats._distn_infrastructure.rv_frozen object at 0x000002073C01D1C8>,0,2,60,3056.7540600125744,[],"[{'leak_ID': 'ABRAND00297_0000000000', 'facility_ID': 'ABRAND00297', 'equipment_group': 1, 'rate': 0.014986092598325562, 'lat': 53.99, 'lon': -117.09, 'status': 'repaired', 'days_active': 120, 'days_active_prog_start': 0, 'tagged': True, 'component': 'unknown', 'date_began': datetime.datetime(2019, 12, 4, 0, 0), 'date_tagged': datetime.datetime(2020, 4, 2, 0, 0), 'tagged_by_company': 'natural', 'tagged_by_crew': 1, 'init_detect_by': 'natural', 'init_detect_date': datetime.datetime(2020, 4, 2, 0, 0), 'requires_shutdown': False, 'date_repaired': datetime.datetime(2020, 4, 2, 16, 0), 'repair_delay': 0, 'OGI_sp_covered': 1}, {'leak_ID': 'ABRAND00297_0000000001', 'facility_ID': 'ABRAND00297', 'equipment_group': 1, 'rate': 0.658446407941434, 'lat': 53.99, 'lon': -117.09, 'status': 'repaired', 'days_active': 51, 'days_active_prog_start': 0, 'tagged': True, 'component': 'unknown', 'date_began': datetime.datetime(2021, 6, 9, 0, 0), 'date_tagged': datetime.datetime(2021, 7, 14, 10, 30), 'tagged_by_company': 'OGI', 'tagged_by_crew': 2, 'init_detect_by': 'OGI', 'init_detect_date': datetime.datetime(2021, 7, 14, 10, 30), 'requires_shutdown': False, 'date_repaired': datetime.datetime(2021, 7, 30, 16, 0), 'repair_delay': 16, 'OGI_sp_covered': 1}]",[],0,False,,,,2,4,50,30,False,6,2,0,2,0.0,3056.7540600125744,0.2605210420841683,0.5784467306793324,1.6749337315137394
ABRAND00981,601,52.69,-114.04,1,6,2,2,2,120,1,30,20,120,1,lognorm,0.062287158377333125,[1.462],"['kilogram', 'hour']",<scipy.stats._distn_infrastructure.rv_frozen object at 0x000002073C01D1C8>,0,7,60,1289.1863190248746,[],"[{'leak_ID': 'ABRAND00981_0000000000', 'facility_ID': 'ABRAND00981', 'equipment_group': 1, 'rate': 0.049069950866743005, 'lat': 52.69, 'lon': -114.04, 'status': 'repaired', 'days_active': 41, 'days_active_prog_start': 0, 'tagged': True, 'component': 'unknown', 'date_began': datetime.datetime(2018, 8, 18, 0, 0), 'date_tagged': datetime.datetime(2018, 9, 12, 10, 30), 'tagged_by_company': 'OGI', 'tagged_by_crew': 3, 'init_detect_by': 'OGI', 'init_detect_date': datetime.datetime(2018, 9, 12, 10, 30), 'requires_shutdown': False, 'date_repaired': datetime.datetime(2018, 9, 28, 16, 0), 'repair_delay': 16, 'OGI_sp_covered': 1}, {'leak_ID': 'ABRAND00981_0000000001', 'facility_ID': 'ABRAND00981', 'equipment_group': 1, 'rate': 0.042192209812000385, 'lat': 52.69, 'lon': -114.04, 'status': 'repaired', 'days_active': 18, 'days_active_prog_start': 0, 'tagged': True, 'component': 'unknown', 'date_began': datetime.datetime(2019, 7, 12, 0, 0), 'date_tagged': datetime.datetime(2019, 7, 14, 10, 30), 'tagged_by_company': 'OGI', 'tagged_by_crew': 3, 'init_detect_by': 'OGI', 'init_detect_date': datetime.datetime(2019, 7, 14, 10, 30), 'requires_shutdown': False, 'date_repaired': datetime.datetime(2019, 7, 30, 16, 0), 'repair_delay': 16, 'OGI_sp_covered': 1}, {'leak_ID': 'ABRAND00981_0000000002', 'facility_ID': 'ABRAND00981', 'equipment_group': 1, 'rate': 0.07716456351222468, 'lat': 52.69, 'lon': -114.04, 'status': 'repaired', 'days_active': 47, 'days_active_prog_start': 0, 'tagged': True, 'component': 'unknown', 'date_began': datetime.datetime(2019, 10, 11, 0, 0), 'date_tagged': datetime.datetime(2019, 11, 11, 10, 30), 'tagged_by_company': 'OGI', 'tagged_by_crew': 3, 'init_detect_by': 'OGI', 'init_detect_date': datetime.datetime(2019, 11, 11, 10, 30), 'requires_shutdown': False, 'date_repaired': datetime.datetime(2019, 11, 27, 16, 0), 'repair_delay': 16, 'OGI_sp_covered': 1}, {'leak_ID': 'ABRAND00981_0000000003', 'facility_ID': 'ABRAND00981', 'equipment_group': 1, 'rate': 0.013368427778570589, 'lat': 52.69, 'lon': -114.04, 'status': 'repaired', 'days_active': 120, 'days_active_prog_start': 0, 'tagged': True, 'component': 'unknown', 'date_began': datetime.datetime(2020, 1, 19, 0, 0), 'date_tagged': datetime.datetime(2020, 5, 18, 0, 0), 'tagged_by_company': 'natural', 'tagged_by_crew': 1, 'init_detect_by': 'natural', 'init_detect_date': datetime.datetime(2020, 5, 18, 0, 0), 'requires_shutdown': False, 'date_repaired': datetime.datetime(2020, 5, 18, 16, 0), 'repair_delay': 0, 'OGI_sp_covered': 1}, {'leak_ID': 'ABRAND00981_0000000004', 'facility_ID': 'ABRAND00981', 'equipment_group': 1, 'rate': 0.0013031130139095019, 'lat': 52.69, 'lon': -114.04, 'status': 'repaired', 'days_active': 120, 'days_active_prog_start': 0, 'tagged': True, 'component': 'unknown', 'date_began': datetime.datetime(2020, 7, 5, 0, 0), 'date_tagged': datetime.datetime(2020, 11, 2, 0, 0), 'tagged_by_company': 'natural', 'tagged_by_crew': 1, 'init_detect_by': 'natural', 'init_detect_date': datetime.datetime(2020, 11, 2, 0, 0), 'requires_shutdown': False, 'date_repaired': datetime.datetime(2020, 11, 2, 16, 0), 'repair_delay': 0, 'OGI_sp_covered': 1}, {'leak_ID': 'ABRAND00981_0000000005', 'facility_ID': 'ABRAND00981', 'equipment_group': 1, 'rate': 0.005558488877865342, 'lat': 52.69, 'lon': -114.04, 'status': 'repaired', 'days_active': 120, 'days_active_prog_start': 0, 'tagged': True, 'component': 'unknown', 'date_began': datetime.datetime(2021, 1, 3, 0, 0), 'date_tagged': datetime.datetime(2021, 5, 3, 0, 0), 'tagged_by_company': 'natural', 'tagged_by_crew': 1, 'init_detect_by': 'natural', 'init_detect_date': datetime.datetime(2021, 5, 3, 0, 0), 'requires_shutdown': False, 'date_repaired': datetime.datetime(2021, 5, 3, 16, 0), 'repair_delay': 0, 'OGI_sp_covered': 1}, {'leak_ID': 'ABRAND00981_0000000006', 'facility_ID': 'ABRAND00981', 'equipment_group': 1, 'rate': 0.07916197589621177, 'lat': 52.69, 'lon': -114.04, 'status': 'repaired', 'days_active': 77, 'days_active_prog_start': 0, 'tagged': True, 'component': 'unknown', 'date_began': datetime.datetime(2021, 3, 15, 0, 0), 'date_tagged': datetime.datetime(2021, 5, 15, 10, 30), 'tagged_by_company': 'OGI', 'tagged_by_crew': 3, 'init_detect_by': 'OGI', 'init_detect_date': datetime.datetime(2021, 5, 15, 10, 30), 'requires_shutdown': False, 'date_repaired': datetime.datetime(2021, 5, 31, 16, 0), 'repair_delay': 16, 'OGI_sp_covered': 1}]",[],0,False,,,,3,4,50,30,False,6,5,0,7,0.0,1289.1863190248746,0.2625250501002004,0.580729866386651,0.7064034624793833
ABRAND00498,601,53.05,-115.72,1,6,2,2,2,120,1,30,20,120,1,lognorm,0.062287158377333125,[1.462],"['kilogram', 'hour']",<scipy.stats._distn_infrastructure.rv_frozen object at 0x000002073C01D1C8>,0,3,60,692.3104751638106,[],"[{'leak_ID': 'ABRAND00498_0000000000', 'facility_ID': 'ABRAND00498', 'equipment_group': 1, 'rate': 0.010111052838113425, 'lat': 53.05, 'lon': -115.72, 'status': 'repaired', 'days_active': 120, 'days_active_prog_start': 0, 'tagged': True, 'component': 'unknown', 'date_began': datetime.datetime(2018, 5, 28, 0, 0), 'date_tagged': datetime.datetime(2018, 9, 25, 0, 0), 'tagged_by_company': 'natural', 'tagged_by_crew': 1, 'init_detect_by': 'natural', 'init_detect_date': datetime.datetime(2018, 9, 25, 0, 0), 'requires_shutdown': False, 'date_repaired': datetime.datetime(2018, 9, 25, 16, 0), 'repair_delay': 0, 'OGI_sp_covered': 1}, {'leak_ID': 'ABRAND00498_0000000001', 'facility_ID': 'ABRAND00498', 'equipment_group': 1, 'rate': 0.07214212810402161, 'lat': 53.05, 'lon': -115.72, 'status': 'repaired', 'days_active': 69, 'days_active_prog_start': 0, 'tagged': True, 'component': 'unknown', 'date_began': datetime.datetime(2018, 9, 19, 0, 0), 'date_tagged': datetime.datetime(2018, 11, 11, 13, 0), 'tagged_by_company': 'OGI', 'tagged_by_crew': 1, 'init_detect_by': 'OGI', 'init_detect_date': datetime.datetime(2018, 11, 11, 13, 0), 'requires_shutdown': False, 'date_repaired': datetime.datetime(2018, 11, 27, 16, 0), 'repair_delay': 16, 'OGI_sp_covered': 1}, {'leak_ID': 'ABRAND00498_0000000002', 'facility_ID': 'ABRAND00498', 'equipment_group': 1, 'rate': 0.09108597710261301, 'lat': 53.05, 'lon': -115.72, 'status': 'repaired', 'days_active': 20, 'days_active_prog_start': 0, 'tagged': True, 'component': 'unknown', 'date_began': datetime.datetime(2019, 5, 11, 0, 0), 'date_tagged': datetime.datetime(2019, 5, 15, 13, 0), 'tagged_by_company': 'OGI', 'tagged_by_crew': 1, 'init_detect_by': 'OGI', 'init_detect_date': datetime.datetime(2019, 5, 15, 13, 0), 'requires_shutdown': False, 'date_repaired': datetime.datetime(2019, 5, 31, 16, 0), 'repair_delay': 16, 'OGI_sp_covered': 1}]",[],0,False,,,,2,4,50,30,False,6,1,0,3,0.0,692.3104751638106,0.26452905811623245,0.5830068698972839,0.3793482055692113
ABRAND00626,361,53.28,-115.24,4,6,2,2,2,120,1,30,20,120,1,lognorm,0.062287158377333125,[1.462],"['kilogram', 'hour']",<scipy.stats._distn_infrastructure.rv_frozen object at 0x000002073C01D1C8>,0,6,60,1192.252683137005,[],"[{'leak_ID': 'ABRAND00626_0000000000', 'facility_ID': 'ABRAND00626', 'equipment_group': 1, 'rate': 0.002923550379217348, 'lat': 53.28, 'lon': -115.24, 'status': 'repaired', 'days_active': 120, 'days_active_prog_start': 0, 'tagged': True, 'component': 'unknown', 'date_began': datetime.datetime(2018, 4, 3, 0, 0), 'date_tagged': datetime.datetime(2018, 8, 1, 0, 0), 'tagged_by_company': 'natural', 'tagged_by_crew': 1, 'init_detect_by': 'natural', 'init_detect_date': datetime.datetime(2018, 8, 1, 0, 0), 'requires_shutdown': False, 'date_repaired': datetime.datetime(2018, 8, 1, 16, 0), 'repair_delay': 0, 'OGI_sp_covered': 1}, {'leak_ID': 'ABRAND00626_0000000002', 'facility_ID': 'ABRAND00626', 'equipment_group': 4, 'rate': 0.05457692573623355, 'lat': 53.28, 'lon': -115.24, 'status': 'repaired', 'days_active': 95, 'days_active_prog_start': 0, 'tagged': True, 'component': 'unknown', 'date_began': datetime.datetime(2018, 10, 28, 0, 0), 'date_tagged': datetime.datetime(2019, 1, 15, 13, 0), 'tagged_by_company': 'OGI', 'tagged_by_crew': 2, 'init_detect_by': 'OGI', 'init_detect_date': datetime.datetime(2019, 1, 15, 13, 0), 'requires_shutdown': False, 'date_repaired': datetime.datetime(2019, 1, 31, 16, 0), 'repair_delay': 16, 'OGI_sp_covered': 1}, {'leak_ID': 'ABRAND00626_0000000001', 'facility_ID': 'ABRAND00626', 'equipment_group': 1, 'rate': 0.008273047162816976, 'lat': 53.28, 'lon': -115.24, 'status': 'repaired', 'days_active': 120, 'days_active_prog_start': 0, 'tagged': True, 'component': 'unknown', 'date_began': datetime.datetime(2018, 10, 18, 0, 0), 'date_tagged': datetime.datetime(2019, 2, 15, 0, 0), 'tagged_by_company': 'natural', 'tagged_by_crew': 1, 'init_detect_by': 'natural', 'init_detect_date': datetime.datetime(2019, 2, 15, 0, 0), 'requires_shutdown': False, 'date_repaired': datetime.datetime(2019, 2, 15, 16, 0), 'repair_delay': 0, 'OGI_sp_covered': 1}, {'leak_ID': 'ABRAND00626_0000000003', 'facility_ID': 'ABRAND00626', 'equipment_group': 2, 'rate': 0.002653870761876262, 'lat': 53.28, 'lon': -115.24, 'status': 'repaired', 'days_active': 120, 'days_active_prog_start': 0, 'tagged': True, 'component': 'unknown', 'date_began': datetime.datetime(2020, 2, 2, 0, 0), 'date_tagged': datetime.datetime(2020, 6, 1, 0, 0), 'tagged_by_company': 'natural', 'tagged_by_crew': 1, 'init_detect_by': 'natural', 'init_detect_date': datetime.datetime(2020, 6, 1, 0, 0), 'requires_shutdown': False, 'date_repaired': datetime.datetime(2020, 6, 1, 16, 0), 'repair_delay': 0, 'OGI_sp_covered': 1}, {'leak_ID': 'ABRAND00626_0000000004', 'facility_ID': 'ABRAND00626', 'equipment_group': 2, 'rate': 0.08340217513297314, 'lat': 53.28, 'lon': -115.24, 'status': 'repaired', 'days_active': 58, 'days_active_prog_start': 0, 'tagged': True, 'component': 'unknown', 'date_began': datetime.datetime(2020, 6, 1, 0, 0), 'date_tagged': datetime.datetime(2020, 7, 13, 13, 0), 'tagged_by_company': 'OGI', 'tagged_by_crew': 2, 'init_detect_by': 'OGI', 'init_detect_date': datetime.datetime(2020, 7, 13, 13, 0), 'requires_shutdown': False, 'date_repaired': datetime.datetime(2020, 7, 29, 16, 0), 'repair_delay': 16, 'OGI_sp_covered': 1}, {'leak_ID': 'ABRAND00626_0000000005', 'facility_ID': 'ABRAND00626', 'equipment_group': 2, 'rate': 0.017625254754311332, 'lat': 53.28, 'lon': -115.24, 'status': 'repaired', 'days_active': 120, 'days_active_prog_start': 0, 'tagged': True, 'component': 'unknown', 'date_began': datetime.datetime(2020, 11, 19, 0, 0), 'date_tagged': datetime.datetime(2021, 3, 19, 0, 0), 'tagged_by_company': 'natural', 'tagged_by_crew': 1, 'init_detect_by': 'natural', 'init_detect_date': datetime.datetime(2021, 3, 19, 0, 0), 'requires_shutdown': False, 'date_repaired': datetime.datetime(2021, 3, 19, 16, 0), 'repair_delay': 0, 'OGI_sp_covered': 1}]",[],0,False,,,,2,4,50,30,False,6,8,0,6,0.0,1192.252683137005,0.2665330661322645,0.5852804414520175,0.6532891414449343
ABRAND00258,351,54.02,-117.7,5,6,2,2,2,120,1,30,20,120,1,lognorm,0.062287158377333125,[1.462],"['kilogram', 'hour']",<scipy.stats._distn_infrastructure.rv_frozen object at 0x000002073C01D1C8>,1,5,60,630.4983797362092,[],"[{'leak_ID': 'ABRAND00258_0000000001', 'facility_ID': 'ABRAND00258', 'equipment_group': 3, 'rate': 0.016796969272964354, 'lat': 54.02, 'lon': -117.7, 'status': 'repaired', 'days_active': 120, 'days_active_prog_start': 26, 'tagged': True, 'component': 'unknown', 'date_began': datetime.datetime(2016, 12, 6, 0, 0), 'date_tagged': datetime.datetime(2017, 4, 4, 0, 0), 'tagged_by_company': 'natural', 'tagged_by_crew': 1, 'init_detect_by': 'natural', 'init_detect_date': datetime.datetime(2017, 4, 4, 0, 0), 'requires_shutdown': False, 'date_repaired': datetime.datetime(2017, 4, 4, 16, 0), 'repair_delay': 0, 'OGI_sp_covered': 1}, {'leak_ID': 'ABRAND00258_0000000001', 'facility_ID': 'ABRAND00258', 'equipment_group': 4, 'rate': 0.00116532534430376, 'lat': 54.02, 'lon': -117.7, 'status': 'repaired', 'days_active': 120, 'days_active_prog_start': 0, 'tagged': True, 'component': 'unknown', 'date_began': datetime.datetime(2018, 1, 14, 0, 0), 'date_tagged': datetime.datetime(2018, 5, 14, 0, 0), 'tagged_by_company': 'natural', 'tagged_by_crew': 1, 'init_detect_by': 'natural', 'init_detect_date': datetime.datetime(2018, 5, 14, 0, 0), 'requires_shutdown': False, 'date_repaired': datetime.datetime(2018, 5, 14, 16, 0), 'repair_delay': 0, 'OGI_sp_covered': 1}, {'leak_ID': 'ABRAND00258_0000000002', 'facility_ID': 'ABRAND00258', 'equipment_group': 3, 'rate': 0.02169244571285273, 'lat': 54.02, 'lon': -117.7, 'status': 'repaired', 'days_active': 120, 'days_active_prog_start': 0, 'tagged': True, 'component': 'unknown', 'date_began': datetime.datetime(2018, 5, 29, 0, 0), 'date_tagged': datetime.datetime(2018, 9, 26, 0, 0), 'tagged_by_company': 'natural', 'tagged_by_crew': 1, 'init_detect_by': 'natural', 'init_detect_date': datetime.datetime(2018, 9, 26, 0, 0), 'requires_shutdown': False, 'date_repaired': datetime.datetime(2018, 9, 26, 16, 0), 'repair_delay': 0, 'OGI_sp_covered': 0}, {'leak_ID': 'ABRAND00258_0000000003', 'facility_ID': 'ABRAND00258', 'equipment_group': 1, 'rate': 0.04356800417048099, 'lat': 54.02, 'lon': -117.7, 'status': 'repaired', 'days_active': 49, 'days_active_prog_start': 0, 'tagged': True, 'component': 'unknown', 'date_began': datetime.datetime(2019, 8, 10, 0, 0), 'date_tagged': datetime.datetime(2019, 9, 12, 13, 0), 'tagged_by_company': 'OGI', 'tagged_by_crew': 3, 'init_detect_by': 'OGI', 'init_detect_date': datetime.datetime(2019, 9, 12, 13, 0), 'requires_shutdown': False, 'date_repaired': datetime.datetime(2019, 9, 28, 16, 0), 'repair_delay': 16, 'OGI_sp_covered': 1}, {'leak_ID': 'ABRAND00258_0000000004', 'facility_ID': 'ABRAND00258', 'equipment_group': 2, 'rate': 0.00700629256482978, 'lat': 54.02, 'lon': -117.7, 'status': 'repaired', 'days_active': 120, 'days_active_prog_start': 0, 'tagged': True, 'component': 'unknown', 'date_began': datetime.datetime(2020, 7, 31, 0, 0), 'date_tagged': datetime.datetime(2020, 11, 28, 0, 0), 'tagged_by_company': 'natural', 'tagged_by_crew': 1, 'init_detect_by': 'natural', 'init_detect_date': datetime.datetime(2020, 11, 28, 0, 0), 'requires_shutdown': False, 'date_repaired': datetime.datetime(2020, 11, 28, 16, 0), 'repair_delay': 0, 'OGI_sp_covered': 1}]",[],1,False,,,,2,4,50,30,False,6,6,0,5,0.0,630.4983797362092,0.2685370741482966,0.5875449786991168,0.34547856423901874
ABRAND00232,351,54.26,-118.56,5,6,2,2,2,120,1,30,20,120,1,lognorm,0.062287158377333125,[1.462],"['kilogram', 'hour']",<scipy.stats._distn_infrastructure.rv_frozen object at 0x000002073C01D1C8>,0,5,60,1178.6314716922714,[],"[{'leak_ID': 'ABRAND00232_0000000000', 'facility_ID': 'ABRAND00232', 'equipment_group': 2, 'rate': 0.0012221884041853802, 'lat': 54.26, 'lon': -118.56, 'status': 'repaired', 'days_active': 120, 'days_active_prog_start': 0, 'tagged': True, 'component': 'unknown', 'date_began': datetime.datetime(2019, 12, 29, 0, 0), 'date_tagged': datetime.datetime(2020, 4, 27, 0, 0), 'tagged_by_company': 'natural', 'tagged_by_crew': 1, 'init_detect_by': 'natural', 'init_detect_date': datetime.datetime(2020, 4, 27, 0, 0), 'requires_shutdown': False, 'date_repaired': datetime.datetime(2020, 4, 27, 0, 0), 'repair_delay': 0, 'OGI_sp_covered': 1}, {'leak_ID': 'ABRAND00232_0000000001', 'facility_ID': 'ABRAND00232', 'equipment_group': 4, 'rate': 0.009713786050754611, 'lat': 54.26, 'lon': -118.56, 'status': 'repaired', 'days_active': 120, 'days_active_prog_start': 0, 'tagged': True, 'component': 'unknown', 'date_began': datetime.datetime(2020, 3, 3, 0, 0), 'date_tagged': datetime.datetime(2020, 7, 1, 0, 0), 'tagged_by_company': 'natural', 'tagged_by_crew': 1, 'init_detect_by': 'natural', 'init_detect_date': datetime.datetime(2020, 7, 1, 0, 0), 'requires_shutdown': False, 'date_repaired': datetime.datetime(2020, 7, 1, 16, 0), 'repair_delay': 0, 'OGI_sp_covered': 0}, {'leak_ID': 'ABRAND00232_0000000002', 'facility_ID': 'ABRAND00232', 'equipment_group': 4, 'rate': 0.13127917816030035, 'lat': 54.26, 'lon': -118.56, 'status': 'repaired', 'days_active': 50, 'days_active_prog_start': 0, 'tagged': True, 'component': 'unknown', 'date_began': datetime.datetime(2020, 8, 9, 0, 0), 'date_tagged': datetime.datetime(2020, 9, 12, 8, 0), 'tagged_by_company': 'OGI', 'tagged_by_crew': 1, 'init_detect_by': 'OGI', 'init_detect_date': datetime.datetime(2020, 9, 12, 8, 0), 'requires_shutdown': False, 'date_repaired': datetime.datetime(2020, 9, 28, 16, 0), 'repair_delay': 16, 'OGI_sp_covered': 1}, {'leak_ID': 'ABRAND00232_0000000003', 'facility_ID': 'ABRAND00232', 'equipment_group': 4, 'rate': 0.03437763917415027, 'lat': 54.26, 'lon': -118.56, 'status': 'repaired', 'days_active': 120, 'days_active_prog_start': 0, 'tagged': True, 'component': 'unknown', 'date_began': datetime.datetime(2021, 1, 9, 0, 0), 'date_tagged': datetime.datetime(2021, 5, 9, 0, 0), 'tagged_by_company': 'natural', 'tagged_by_crew': 1, 'init_detect_by': 'natural', 'init_detect_date': datetime.datetime(2021, 5, 9, 0, 0), 'requires_shutdown': False, 'date_repaired': datetime.datetime(2021, 5, 9, 16, 0), 'repair_delay': 0, 'OGI_sp_covered': 1}, {'leak_ID': 'ABRAND00232_0000000004', 'facility_ID': 'ABRAND00232', 'equipment_group': 5, 'rate': 0.03813896316035903, 'lat': 54.26, 'lon': -118.56, 'status': 'repaired', 'days_active': 43, 'days_active_prog_start': 0, 'tagged': True, 'component': 'unknown', 'date_began': datetime.datetime(2021, 8, 17, 0, 0), 'date_tagged': datetime.datetime(2021, 9, 13, 8, 0), 'tagged_by_company': 'OGI', 'tagged_by_crew': 1, 'init_detect_by': 'OGI', 'init_detect_date': datetime.datetime(2021, 9, 13, 8, 0), 'requires_shutdown': False, 'date_repaired': datetime.datetime(2021, 9, 29, 16, 0), 'repair_delay': 16, 'OGI_sp_covered': 1}]",[],0,False,,,,2,4,49,30,False,6,4,0,5,0.0,1178.6314716922714,0.27054108216432865,0.5898019337056783,0.6458254639409706
ABRAND00071,601,54.55,-119.58,3,6,2,2,2,120,1,30,20,120,1,lognorm,0.062287158377333125,[1.462],"['kilogram', 'hour']",<scipy.stats._distn_infrastructure.rv_frozen object at 0x000002073C01D1C8>,1,7,60,2126.3334001606504,[],"[{'leak_ID': 'ABRAND00071_0000000001', 'facility_ID': 'ABRAND00071', 'equipment_group': 1, 'rate': 0.30503659478733025, 'lat': 54.55, 'lon': -119.58, 'status': 'repaired', 'days_active': 35, 'days_active_prog_start': 3, 'tagged': True, 'component': 'unknown', 'date_began': datetime.datetime(2016, 12, 29, 0, 0), 'date_tagged': datetime.datetime(2017, 1, 16, 8, 0), 'tagged_by_company': 'OGI', 'tagged_by_crew': 2, 'init_detect_by': 'OGI', 'init_detect_date': datetime.datetime(2017, 1, 16, 8, 0), 'requires_shutdown': False, 'date_repaired': datetime.datetime(2017, 2, 1, 16, 0), 'repair_delay': 16, 'OGI_sp_covered': 1}, {'leak_ID': 'ABRAND00071_0000000001', 'facility_ID': 'ABRAND00071', 'equipment_group': 2, 'rate': 0.07453064495160126, 'lat': 54.55, 'lon': -119.58, 'status': 'repaired', 'days_active': 105, 'days_active_prog_start': 0, 'tagged': True, 'component': 'unknown', 'date_began': datetime.datetime(2018, 8, 15, 0, 0), 'date_tagged': datetime.datetime(2018, 11, 12, 8, 0), 'tagged_by_company': 'OGI', 'tagged_by_crew': 2, 'init_detect_by': 'OGI', 'init_detect_date': datetime.datetime(2018, 11, 12, 8, 0), 'requires_shutdown': False, 'date_repaired': datetime.datetime(2018, 11, 28, 16, 0), 'repair_delay': 16, 'OGI_sp_covered': 1}, {'leak_ID': 'ABRAND00071_0000000002', 'facility_ID': 'ABRAND00071', 'equipment_group': 1, 'rate': 0.0032947548631494863, 'lat': 54.55, 'lon': -119.58, 'status': 'repaired', 'days_active': 120, 'days_active_prog_start': 0, 'tagged': True, 'component': 'unknown', 'date_began': datetime.datetime(2018, 12, 27, 0, 0), 'date_tagged': datetime.datetime(2019, 4, 26, 0, 0), 'tagged_by_company': 'natural', 'tagged_by_crew': 1, 'init_detect_by': 'natural', 'init_detect_date': datetime.datetime(2019, 4, 26, 0, 0), 'requires_shutdown': False, 'date_repaired': datetime.datetime(2019, 4, 26, 16, 0), 'repair_delay': 0, 'OGI_sp_covered': 1}, {'leak_ID': 'ABRAND00071_0000000003', 'facility_ID': 'ABRAND00071', 'equipment_group': 2, 'rate': 0.061291817488968024, 'lat': 54.55, 'lon': -119.58, 'status': 'repaired', 'days_active': 43, 'days_active_prog_start': 0, 'tagged': True, 'component': 'unknown', 'date_began': datetime.datetime(2019, 12, 20, 0, 0), 'date_tagged': datetime.datetime(2020, 1, 16, 8, 0), 'tagged_by_company': 'OGI', 'tagged_by_crew': 2, 'init_detect_by': 'OGI', 'init_detect_date': datetime.datetime(2020, 1, 16, 8, 0), 'requires_shutdown': False, 'date_repaired': datetime.datetime(2020, 2, 1, 16, 0), 'repair_delay': 16, 'OGI_sp_covered': 1}, {'leak_ID': 'ABRAND00071_0000000004', 'facility_ID': 'ABRAND00071', 'equipment_group': 3, 'rate': 0.004204978820979136, 'lat': 54.55, 'lon': -119.58, 'status': 'repaired', 'days_active': 120, 'days_active_prog_start': 0, 'tagged': True, 'component': 'unknown', 'date_began': datetime.datetime(2020, 7, 6, 0, 0), 'date_tagged': datetime.datetime(2020, 11, 3, 0, 0), 'tagged_by_company': 'natural', 'tagged_by_crew': 1, 'init_detect_by': 'natural', 'init_detect_date': datetime.datetime(2020, 11, 3, 0, 0), 'requires_shutdown': False, 'date_repaired': datetime.datetime(2020, 11, 3, 16, 0), 'repair_delay': 0, 'OGI_sp_covered': 1}, {'leak_ID': 'ABRAND00071_0000000005', 'facility_ID': 'ABRAND00071', 'equipment_group': 2, 'rate': 0.005180659513957843, 'lat': 54.55, 'lon': -119.58, 'status': 'repaired', 'days_active': 120, 'days_active_prog_start': 0, 'tagged': True, 'component': 'unknown', 'date_began': datetime.datetime(2020, 12, 19, 0, 0), 'date_tagged': datetime.datetime(2021, 4, 18, 0, 0), 'tagged_by_company': 'natural', 'tagged_by_crew': 1, 'init_detect_by': 'natural', 'init_detect_date': datetime.datetime(2021, 4, 18, 0, 0), 'requires_shutdown': False, 'date_repaired': datetime.datetime(2021, 4, 18, 16, 0), 'repair_delay': 0, 'OGI_sp_covered': 1}, {'leak_ID': 'ABRAND00071_0000000006', 'facility_ID': 'ABRAND00071', 'equipment_group': 3, 'rate': 0.09883642036994675, 'lat': 54.55, 'lon': -119.58, 'status': 'repaired', 'days_active': 29, 'days_active_prog_start': 0, 'tagged': True, 'component': 'unknown', 'date_began': datetime.datetime(2021, 8, 31, 0, 0), 'date_tagged': datetime.datetime(2021, 9, 13, 8, 0), 'tagged_by_company': 'OGI', 'tagged_by_crew': 2, 'init_detect_by': 'OGI', 'init_detect_date': datetime.datetime(2021, 9, 13, 8, 0), 'requires_shutdown': False, 'date_repaired': datetime.datetime(2021, 9, 29, 16, 0), 'repair_delay': 16, 'OGI_sp_covered': 1}]",[],1,False,,,,2,4,49,30,False,6,4,0,7,0.0,2126.3334001606504,0.2725450901803607,0.5920480515298554,1.1651141918688495
ABRAND00552,601,52.69,-115.54,5,6,2,2,2,120,1,30,20,120,1,lognorm,0.062287158377333125,[1.462],"['kilogram', 'hour']",<scipy.stats._distn_infrastructure.rv_frozen object at 0x000002073C01D1C8>,0,4,60,422.1406929113009,"[{'leak_ID': 'ABRAND00552_0000000003', 'facility_ID': 'ABRAND00552', 'equipment_group': 5, 'rate': 0.005914365868503369, 'lat': 52.69, 'lon': -115.54, 'status': 'active', 'days_active': 40, 'days_active_prog_start': 0, 'tagged': False, 'component': 'unknown', 'date_began': datetime.datetime(2021, 11, 20, 0, 0), 'date_tagged': None, 'tagged_by_company': None, 'tagged_by_crew': None, 'init_detect_by': None, 'init_detect_date': None, 'requires_shutdown': False, 'date_repaired': None, 'repair_delay': None}]","[{'leak_ID': 'ABRAND00552_0000000000', 'facility_ID': 'ABRAND00552', 'equipment_group': 2, 'rate': 0.008361696471788626, 'lat': 52.69, 'lon': -115.54, 'status': 'repaired', 'days_active': 120, 'days_active_prog_start': 0, 'tagged': True, 'component': 'unknown', 'date_began': datetime.datetime(2017, 7, 16, 0, 0), 'date_tagged': datetime.datetime(2017, 11, 13, 0, 0), 'tagged_by_company': 'natural', 'tagged_by_crew': 1, 'init_detect_by': 'natural', 'init_detect_date': datetime.datetime(2017, 11, 13, 0, 0), 'requires_shutdown': False, 'date_repaired': datetime.datetime(2017, 11, 13, 16, 0), 'repair_delay': 0, 'OGI_sp_covered': 1}, {'leak_ID': 'ABRAND00552_0000000001', 'facility_ID': 'ABRAND00552', 'equipment_group': 3, 'rate': 0.0414625622430841, 'lat': 52.69, 'lon': -115.54, 'status': 'repaired', 'days_active': 39, 'days_active_prog_start': 0, 'tagged': True, 'component': 'unknown', 'date_began': datetime.datetime(2019, 8, 21, 0, 0), 'date_tagged': datetime.datetime(2019, 9, 13, 8, 0), 'tagged_by_company': 'OGI', 'tagged_by_crew': 3, 'init_detect_by': 'OGI', 'init_detect_date': datetime.datetime(2019, 9, 13, 8, 0), 'requires_shutdown': False, 'date_repaired': datetime.datetime(2019, 9, 29, 16, 0), 'repair_delay': 16, 'OGI_sp_covered': 1}, {'leak_ID': 'ABRAND00552_0000000002', 'facility_ID': 'ABRAND00552', 'equipment_group': 2, 'rate': 0.016907245921677527, 'lat': 52.69, 'lon': -115.54, 'status': 'repaired', 'days_active': 120, 'days_active_prog_start': 0, 'tagged': True, 'component': 'unknown', 'date_began': datetime.datetime(2020, 5, 9, 0, 0), 'date_tagged': datetime.datetime(2020, 9, 6, 0, 0), 'tagged_by_company': 'natural', 'tagged_by_crew': 1, 'init_detect_by': 'natural', 'init_detect_date': datetime.datetime(2020, 9, 6, 0, 0), 'requires_shutdown': False, 'date_repaired': datetime.datetime(2020, 9, 6, 16, 0), 'repair_delay': 0, 'OGI_sp_covered': 1}]",[],0,False,,,,3,4,49,30,False,6,2,1,3,20.440048441547642,401.7006444697533,0.2745490981963928,0.5942933395960182,0.23130996871852105
ABRAND00285,601,54.0,-117.38,2,6,2,2,2,120,1,30,20,120,1,lognorm,0.062287158377333125,[1.462],"['kilogram', 'hour']",<scipy.stats._distn_infrastructure.rv_frozen object at 0x000002073C01D1C8>,1,4,60,767.3997043515285,"[{'leak_ID': 'ABRAND00285_0000000003', 'facility_ID': 'ABRAND00285', 'equipment_group': 1, 'rate': 0.03165960574252752, 'lat': 54.0, 'lon': -117.38, 'status': 'active', 'days_active': 100, 'days_active_prog_start': 0, 'tagged': False, 'component': 'unknown', 'date_began': datetime.datetime(2021, 9, 21, 0, 0), 'date_tagged': None, 'tagged_by_company': None, 'tagged_by_crew': None, 'init_detect_by': None, 'init_detect_date': None, 'requires_shutdown': False, 'date_repaired': None, 'repair_delay': None, 'OGI_sp_covered': 1}]","[{'leak_ID': 'ABRAND00285_0000000001', 'facility_ID': 'ABRAND00285', 'equipment_group': 2, 'rate': 0.025351604522460828, 'lat': 54.0, 'lon': -117.38, 'status': 'repaired', 'days_active': 120, 'days_active_prog_start': 95, 'tagged': True, 'component': 'unknown', 'date_began': datetime.datetime(2016, 9, 28, 0, 0), 'date_tagged': datetime.datetime(2017, 1, 25, 0, 0), 'tagged_by_company': 'natural', 'tagged_by_crew': 1, 'init_detect_by': 'natural', 'init_detect_date': datetime.datetime(2017, 1, 25, 0, 0), 'requires_shutdown': False, 'date_repaired': datetime.datetime(2017, 1, 25, 16, 0), 'repair_delay': 0, 'OGI_sp_covered': 1}, {'leak_ID': 'ABRAND00285_0000000001', 'facility_ID': 'ABRAND00285', 'equipment_group': 1, 'rate': 0.04879386250420686, 'lat': 54.0, 'lon': -117.38, 'status': 'repaired', 'days_active': 57, 'days_active_prog_start': 0, 'tagged': True, 'component': 'unknown', 'date_began': datetime.datetime(2020, 4, 4, 0, 0), 'date_tagged': datetime.datetime(2020, 5, 15, 10, 30), 'tagged_by_company': 'OGI', 'tagged_by_crew': 1, 'init_detect_by': 'OGI', 'init_detect_date': datetime.datetime(2020, 5, 15, 10, 30), 'requires_shutdown': False, 'date_repaired': datetime.datetime(2020, 5, 31, 16, 0), 'repair_delay': 16, 'OGI_sp_covered': 1}, {'leak_ID': 'ABRAND00285_0000000002', 'facility_ID': 'ABRAND00285', 'equipment_group': 1, 'rate': 0.01917450143777559, 'lat': 54.0, 'lon': -117.38, 'status': 'repaired', 'days_active': 120, 'days_active_prog_start': 0, 'tagged': True, 'component': 'unknown', 'date_began': datetime.datetime(2020, 9, 10, 0, 0), 'date_tagged': datetime.datetime(2021, 1, 8, 0, 0), 'tagged_by_company': 'natural', 'tagged_by_crew': 1, 'init_detect_by': 'natural', 'init_detect_date': datetime.datetime(2021, 1, 8, 0, 0), 'requires_shutdown': False, 'date_repaired': datetime.datetime(2021, 1, 8, 16, 0), 'repair_delay': 0, 'OGI_sp_covered': 1}]",[],1,False,,,,2,4,49,30,False,6,3,1,3,273.5389936154378,493.86071073609065,0.27655310621242485,0.5965321876276026,0.42049298868576906
ABRAND00629,621,52.99,-115.22,3,6,2,2,2,120,1,30,20,120,1,lognorm,0.062287158377333125,[1.462],"['kilogram', 'hour']",<scipy.stats._distn_infrastructure.rv_frozen object at 0x000002073C01D1C8>,0,5,60,1280.8644182997282,[],"[{'leak_ID': 'ABRAND00629_0000000000', 'facility_ID': 'ABRAND00629', 'equipment_group': 3, 'rate': 0.1038827485280289, 'lat': 52.99, 'lon': -115.22, 'status': 'repaired', 'days_active': 26, 'days_active_prog_start': 0, 'tagged': True, 'component': 'unknown', 'date_began': datetime.datetime(2018, 3, 7, 0, 0), 'date_tagged': datetime.datetime(2018, 3, 17, 10, 30), 'tagged_by_company': 'OGI', 'tagged_by_crew': 2, 'init_detect_by': 'OGI', 'init_detect_date': datetime.datetime(2018, 3, 17, 10, 30), 'requires_shutdown': False, 'date_repaired': datetime.datetime(2018, 4, 2, 16, 0), 'repair_delay': 16, 'OGI_sp_covered': 1}, {'leak_ID': 'ABRAND00629_0000000001', 'facility_ID': 'ABRAND00629', 'equipment_group': 2, 'rate': 0.007625671794015342, 'lat': 52.99, 'lon': -115.22, 'status': 'repaired', 'days_active': 120, 'days_active_prog_start': 0, 'tagged': True, 'component': 'unknown', 'date_began': datetime.datetime(2018, 7, 5, 0, 0), 'date_tagged': datetime.datetime(2018, 11, 2, 0, 0), 'tagged_by_company': 'natural', 'tagged_by_crew': 1, 'init_detect_by': 'natural', 'init_detect_date': datetime.datetime(2018, 11, 2, 0, 0), 'requires_shutdown': False, 'date_repaired': datetime.datetime(2018, 11, 2, 16, 0), 'repair_delay': 0, 'OGI_sp_covered': 1}, {'leak_ID': 'ABRAND00629_0000000002', 'facility_ID': 'ABRAND00629', 'equipment_group': 2, 'rate': 0.0559048522728179, 'lat': 52.99, 'lon': -115.22, 'status': 'repaired', 'days_active': 64, 'days_active_prog_start': 0, 'tagged': True, 'component': 'unknown', 'date_began': datetime.datetime(2020, 1, 28, 0, 0), 'date_tagged': datetime.datetime(2020, 3, 16, 10, 30), 'tagged_by_company': 'OGI', 'tagged_by_crew': 2, 'init_detect_by': 'OGI', 'init_detect_date': datetime.datetime(2020, 3, 16, 10, 30), 'requires_shutdown': False, 'date_repaired': datetime.datetime(2020, 4, 1, 16, 0), 'repair_delay': 16, 'OGI_sp_covered': 1}, {'leak_ID': 'ABRAND00629_0000000003', 'facility_ID': 'ABRAND00629', 'equipment_group': 2, 'rate': 0.03593937206643602, 'lat': 52.99, 'lon': -115.22, 'status': 'repaired', 'days_active': 120, 'days_active_prog_start': 0, 'tagged': True, 'component': 'unknown', 'date_began': datetime.datetime(2020, 4, 28, 0, 0), 'date_tagged': datetime.datetime(2020, 8, 26, 0, 0), 'tagged_by_company': 'natural', 'tagged_by_crew': 1, 'init_detect_by': 'natural', 'init_detect_date': datetime.datetime(2020, 8, 26, 0, 0), 'requires_shutdown': False, 'date_repaired': datetime.datetime(2020, 8, 26, 0, 0), 'repair_delay': 0, 'OGI_sp_covered': 1}, {'leak_ID': 'ABRAND00629_0000000004', 'facility_ID': 'ABRAND00629', 'equipment_group': 1, 'rate': 0.0276512698816966, 'lat': 52.99, 'lon': -115.22, 'status': 'repaired', 'days_active': 120, 'days_active_prog_start': 0, 'tagged': True, 'component': 'unknown', 'date_began': datetime.datetime(2021, 6, 17, 0, 0), 'date_tagged': datetime.datetime(2021, 10, 15, 0, 0), 'tagged_by_company': 'natural', 'tagged_by_crew': 1, 'init_detect_by': 'natural', 'init_detect_date': datetime.datetime(2021, 10, 15, 0, 0), 'requires_shutdown': False, 'date_repaired': datetime.datetime(2021, 10, 15, 16, 0), 'repair_delay': 0, 'OGI_sp_covered': 1}]",[],0,False,,,,2,4,49,30,False,6,6,0,5,0.0,1280.8644182997282,0.2785571142284569,0.5987596528113035,0.7018435168765634
ABRAND00447,311,53.0,-115.87,1,6,2,2,2,120,1,30,20,120,1,lognorm,0.062287158377333125,[1.462],"['kilogram', 'hour']",<scipy.stats._distn_infrastructure.rv_frozen object at 0x000002073C01D1C8>,0,5,60,1735.2384792566666,"[{'leak_ID': 'ABRAND00447_0000000004', 'facility_ID': 'ABRAND00447', 'equipment_group': 1, 'rate': 0.010208318227517976, 'lat': 53.0, 'lon': -115.87, 'status': 'active', 'days_active': 81, 'days_active_prog_start': 0, 'tagged': False, 'component': 'unknown', 'date_began': datetime.datetime(2021, 10, 10, 0, 0), 'date_tagged': None, 'tagged_by_company': None, 'tagged_by_crew': None, 'init_detect_by': None, 'init_detect_date': None, 'requires_shutdown': False, 'date_repaired': None, 'repair_delay': None, 'OGI_sp_covered': 1}]","[{'leak_ID': 'ABRAND00447_0000000000', 'facility_ID': 'ABRAND00447', 'equipment_group': 1, 'rate': 0.01859358075475112, 'lat': 53.0, 'lon': -115.87, 'status': 'repaired', 'days_active': 120, 'days_active_prog_start': 0, 'tagged': True, 'component': 'unknown', 'date_began': datetime.datetime(2017, 11, 13, 0, 0), 'date_tagged': datetime.datetime(2018, 3, 13, 0, 0), 'tagged_by_company': 'natural', 'tagged_by_crew': 1, 'init_detect_by': 'natural', 'init_detect_date': datetime.datetime(2018, 3, 13, 0, 0), 'requires_shutdown': False, 'date_repaired': datetime.datetime(2018, 3, 13, 16, 0), 'repair_delay': 0, 'OGI_sp_covered': 1}, {'leak_ID': 'ABRAND00447_0000000001', 'facility_ID': 'ABRAND00447', 'equipment_group': 1, 'rate': 0.002979235630367312, 'lat': 53.0, 'lon': -115.87, 'status': 'repaired', 'days_active': 120, 'days_active_prog_start': 0, 'tagged': True, 'component': 'unknown', 'date_began': datetime.datetime(2018, 4, 14, 0, 0), 'date_tagged': datetime.datetime(2018, 8, 12, 0, 0), 'tagged_by_company': 'natural', 'tagged_by_crew': 1, 'init_detect_by': 'natural', 'init_detect_date': datetime.datetime(2018, 8, 12, 0, 0), 'requires_shutdown': False, 'date_repaired': datetime.datetime(2018, 8, 12, 16, 0), 'repair_delay': 0, 'OGI_sp_covered': 1}, {'leak_ID': 'ABRAND00447_0000000002', 'facility_ID': 'ABRAND00447', 'equipment_group': 1, 'rate': 0.10512087373388088, 'lat': 53.0, 'lon': -115.87, 'status': 'repaired', 'days_active': 119, 'days_active_prog_start': 0, 'tagged': True, 'component': 'unknown', 'date_began': datetime.datetime(2018, 6, 2, 0, 0), 'date_tagged': datetime.datetime(2018, 9, 13, 10, 30), 'tagged_by_company': 'OGI', 'tagged_by_crew': 3, 'init_detect_by': 'OGI', 'init_detect_date': datetime.datetime(2018, 9, 13, 10, 30), 'requires_shutdown': False, 'date_repaired': datetime.datetime(2018, 9, 29, 16, 0), 'repair_delay': 16, 'OGI_sp_covered': 1}, {'leak_ID': 'ABRAND00447_0000000003', 'facility_ID': 'ABRAND00447', 'equipment_group': 1, 'rate': 0.07701449959491324, 'lat': 53.0, 'lon': -115.87, 'status': 'repaired', 'days_active': 54, 'days_active_prog_start': 0, 'tagged': True, 'component': 'unknown', 'date_began': datetime.datetime(2020, 8, 5, 0, 0), 'date_tagged': datetime.datetime(2020, 9, 12, 10, 30), 'tagged_by_company': 'OGI', 'tagged_by_crew': 3, 'init_detect_by': 'OGI', 'init_detect_date': datetime.datetime(2020, 9, 12, 10, 30), 'requires_shutdown': False, 'date_repaired': datetime.datetime(2020, 9, 28, 16, 0), 'repair_delay': 16, 'OGI_sp_covered': 1}]",[],0,False,,,,2,4,49,30,False,6,4,1,4,71.4418942834618,1663.7965849732047,0.280561122244489,0.6009807781956982,0.950815605072146
ABRAND00448,351,53.27,-115.87,4,6,2,2,2,120,1,30,20,120,1,lognorm,0.062287158377333125,[1.462],"['kilogram', 'hour']",<scipy.stats._distn_infrastructure.rv_frozen object at 0x000002073C01D1C8>,1,5,60,1133.731255392857,[],"[{'leak_ID': 'ABRAND00448_0000000001', 'facility_ID': 'ABRAND00448', 'equipment_group': 3, 'rate': 0.09025389124937533, 'lat': 53.27, 'lon': -115.87, 'status': 'repaired', 'days_active': 120, 'days_active_prog_start': 103, 'tagged': True, 'component': 'unknown', 'date_began': datetime.datetime(2016, 9, 20, 0, 0), 'date_tagged': datetime.datetime(2017, 1, 17, 0, 0), 'tagged_by_company': 'natural', 'tagged_by_crew': 1, 'init_detect_by': 'OGI', 'init_detect_date': datetime.datetime(2017, 1, 16, 13, 0), 'requires_shutdown': False, 'date_repaired': datetime.datetime(2017, 1, 17, 16, 0), 'repair_delay': 0, 'OGI_sp_covered': 1}, {'leak_ID': 'ABRAND00448_0000000002', 'facility_ID': 'ABRAND00448', 'equipment_group': 1, 'rate': 0.08551102043131081, 'lat': 53.27, 'lon': -115.87, 'status': 'repaired', 'days_active': 65, 'days_active_prog_start': 0, 'tagged': True, 'component': 'unknown', 'date_began': datetime.datetime(2018, 3, 28, 0, 0), 'date_tagged': datetime.datetime(2018, 5, 16, 13, 0), 'tagged_by_company': 'OGI', 'tagged_by_crew': 1, 'init_detect_by': 'OGI', 'init_detect_date': datetime.datetime(2018, 5, 16, 13, 0), 'requires_shutdown': False, 'date_repaired': datetime.datetime(2018, 6, 1, 16, 0), 'repair_delay': 16, 'OGI_sp_covered': 1}, {'leak_ID': 'ABRAND00448_0000000001', 'facility_ID': 'ABRAND00448', 'equipment_group': 4, 'rate': 0.03412584174586463, 'lat': 53.27, 'lon': -115.87, 'status': 'repaired', 'days_active': 120, 'days_active_prog_start': 0, 'tagged': True, 'component': 'unknown', 'date_began': datetime.datetime(2018, 2, 13, 0, 0), 'date_tagged': datetime.datetime(2018, 6, 13, 0, 0), 'tagged_by_company': 'natural', 'tagged_by_crew': 1, 'init_detect_by': 'natural', 'init_detect_date': datetime.datetime(2018, 6, 13, 0, 0), 'requires_shutdown': False, 'date_repaired': datetime.datetime(2018, 6, 13, 16, 0), 'repair_delay': 0, 'OGI_sp_covered': 1}, {'leak_ID': 'ABRAND00448_0000000003', 'facility_ID': 'ABRAND00448', 'equipment_group': 4, 'rate': 0.002052016437225183, 'lat': 53.27, 'lon': -115.87, 'status': 'repaired', 'days_active': 120, 'days_active_prog_start': 0, 'tagged': True, 'component': 'unknown', 'date_began': datetime.datetime(2019, 10, 20, 0, 0), 'date_tagged': datetime.datetime(2020, 2, 17, 0, 0), 'tagged_by_company': 'natural', 'tagged_by_crew': 1, 'init_detect_by': 'natural', 'init_detect_date': datetime.datetime(2020, 2, 17, 0, 0), 'requires_shutdown': False, 'date_repaired': datetime.datetime(2020, 2, 17, 16, 0), 'repair_delay': 0, 'OGI_sp_covered': 1}, {'leak_ID': 'ABRAND00448_0000000004', 'facility_ID': 'ABRAND00448', 'equipment_group': 3, 'rate': 0.014066783906371302, 'lat': 53.27, 'lon': -115.87, 'status': 'repaired', 'days_active': 120, 'days_active_prog_start': 0, 'tagged': True, 'component': 'unknown', 'date_began': datetime.datetime(2020, 12, 30, 0, 0), 'date_tagged': datetime.datetime(2021, 4, 29, 0, 0), 'tagged_by_company': 'natural', 'tagged_by_crew': 1, 'init_detect_by': 'natural', 'init_detect_date': datetime.datetime(2021, 4, 29, 0, 0), 'requires_shutdown': False, 'date_repaired': datetime.datetime(2021, 4, 29, 0, 0), 'repair_delay': 0, 'OGI_sp_covered': 1}]",[],1,False,,,,2,4,49,30,False,6,5,0,5,0.0,1133.731255392857,0.28256513026052105,0.6031916946048441,0.6212226056947162
ABRAND00207,351,54.46,-118.74,3,6,2,2,2,120,1,30,20,120,1,lognorm,0.062287158377333125,[1.462],"['kilogram', 'hour']",<scipy.stats._distn_infrastructure.rv_frozen object at 0x000002073C01D1C8>,1,6,60,938.7804402390811,[],"[{'leak_ID': 'ABRAND00207_0000000001', 'facility_ID': 'ABRAND00207', 'equipment_group': 2, 'rate': 0.055826544097738934, 'lat': 54.46, 'lon': -118.74, 'status': 'repaired', 'days_active': 120, 'days_active_prog_start': 105, 'tagged': True, 'component': 'unknown', 'date_began': datetime.datetime(2016, 9, 18, 0, 0), 'date_tagged': datetime.datetime(2017, 1, 15, 0, 0), 'tagged_by_company': 'natural', 'tagged_by_crew': 1, 'init_detect_by': 'natural', 'init_detect_date': datetime.datetime(2017, 1, 15, 0, 0), 'requires_shutdown': False, 'date_repaired': datetime.datetime(2017, 1, 15, 16, 0), 'repair_delay': 0}, {'leak_ID': 'ABRAND00207_0000000001', 'facility_ID': 'ABRAND00207', 'equipment_group': 1, 'rate': 0.07169956899939789, 'lat': 54.46, 'lon': -118.74, 'status': 'repaired', 'days_active': 74, 'days_active_prog_start': 0, 'tagged': True, 'component': 'unknown', 'date_began': datetime.datetime(2018, 5, 18, 0, 0), 'date_tagged': datetime.datetime(2018, 7, 15, 13, 0), 'tagged_by_company': 'OGI', 'tagged_by_crew': 2, 'init_detect_by': 'OGI', 'init_detect_date': datetime.datetime(2018, 7, 15, 13, 0), 'requires_shutdown': False, 'date_repaired': datetime.datetime(2018, 7, 31, 16, 0), 'repair_delay': 16, 'OGI_sp_covered': 1}, {'leak_ID': 'ABRAND00207_0000000002', 'facility_ID': 'ABRAND00207', 'equipment_group': 1, 'rate': 0.0020484439945232342, 'lat': 54.46, 'lon': -118.74, 'status': 'repaired', 'days_active': 120, 'days_active_prog_start': 0, 'tagged': True, 'component': 'unknown', 'date_began': datetime.datetime(2018, 8, 13, 0, 0), 'date_tagged': datetime.datetime(2018, 12, 11, 0, 0), 'tagged_by_company': 'natural', 'tagged_by_crew': 1, 'init_detect_by': 'natural', 'init_detect_date': datetime.datetime(2018, 12, 11, 0, 0), 'requires_shutdown': False, 'date_repaired': datetime.datetime(2018, 12, 11, 16, 0), 'repair_delay': 0, 'OGI_sp_covered': 0}, {'leak_ID': 'ABRAND00207_0000000003', 'facility_ID': 'ABRAND00207', 'equipment_group': 2, 'rate': 0.012083674100313963, 'lat': 54.46, 'lon': -118.74, 'status': 'repaired', 'days_active': 120, 'days_active_prog_start': 0, 'tagged': True, 'component': 'unknown', 'date_began': datetime.datetime(2019, 3, 3, 0, 0), 'date_tagged': datetime.datetime(2019, 7, 1, 0, 0), 'tagged_by_company': 'natural', 'tagged_by_crew': 1, 'init_detect_by': 'natural', 'init_detect_date': datetime.datetime(2019, 7, 1, 0, 0), 'requires_shutdown': False, 'date_repaired': datetime.datetime(2019, 7, 1, 16, 0), 'repair_delay': 0, 'OGI_sp_covered': 1}, {'leak_ID': 'ABRAND00207_0000000004', 'facility_ID': 'ABRAND00207', 'equipment_group': 1, 'rate': 0.000565842945921561, 'lat': 54.46, 'lon': -118.74, 'status': 'repaired', 'days_active': 120, 'days_active_prog_start': 0, 'tagged': True, 'component': 'unknown', 'date_began': datetime.datetime(2020, 6, 26, 0, 0), 'date_tagged': datetime.datetime(2020, 10, 24, 0, 0), 'tagged_by_company': 'natural', 'tagged_by_crew': 1, 'init_detect_by': 'natural', 'init_detect_date': datetime.datetime(2020, 10, 24, 0, 0), 'requires_shutdown': False, 'date_repaired': datetime.datetime(2020, 10, 24, 0, 0), 'repair_delay': 0, 'OGI_sp_covered': 0}, {'leak_ID': 'ABRAND00207_0000000005', 'facility_ID': 'ABRAND00207', 'equipment_group': 1, 'rate': 0.03698240952883019, 'lat': 54.46, 'lon': -118.74, 'status': 'repaired', 'days_active': 80, 'days_active_prog_start': 0, 'tagged': True, 'component': 'unknown', 'date_began': datetime.datetime(2021, 9, 9, 0, 0), 'date_tagged': datetime.datetime(2021, 11, 12, 13, 0), 'tagged_by_company': 'OGI', 'tagged_by_crew': 2, 'init_detect_by': 'OGI', 'init_detect_date': datetime.datetime(2021, 11, 12, 13, 0), 'requires_shutdown': False, 'date_repaired': datetime.datetime(2021, 11, 28, 16, 0), 'repair_delay': 16, 'OGI_sp_covered': 1}]",[],1,False,,,,2,4,49,30,False,6,3,0,6,0.0,938.7804402390811,0.2845691382765531,0.6053925135924012,0.5144002412268938
ABRAND00032,601,55.04,-119.83,5,6,2,2,2,120,1,30,20,120,1,lognorm,0.062287158377333125,[1.462],"['kilogram', 'hour']",<scipy.stats._distn_infrastructure.rv_frozen object at 0x000002073C01D1C8>,0,8,60,997.7673228767376,[],"[{'leak_ID': 'ABRAND00032_0000000000', 'facility_ID': 'ABRAND00032', 'equipment_group': 2, 'rate': 0.01041706145789789, 'lat': 55.04, 'lon': -119.83, 'status': 'repaired', 'days_active': 120, 'days_active_prog_start': 0, 'tagged': True, 'component': 'unknown', 'date_began': datetime.datetime(2017, 1, 14, 0, 0), 'date_tagged': datetime.datetime(2017, 5, 14, 0, 0), 'tagged_by_company': 'natural', 'tagged_by_crew': 1, 'init_detect_by': 'natural', 'init_detect_date': datetime.datetime(2017, 5, 14, 0, 0), 'requires_shutdown': False, 'date_repaired': datetime.datetime(2017, 5, 14, 16, 0), 'repair_delay': 0, 'OGI_sp_covered': 1}, {'leak_ID': 'ABRAND00032_0000000001', 'facility_ID': 'ABRAND00032', 'equipment_group': 5, 'rate': 0.004391518655291416, 'lat': 55.04, 'lon': -119.83, 'status': 'repaired', 'days_active': 120, 'days_active_prog_start': 0, 'tagged': True, 'component': 'unknown', 'date_began': datetime.datetime(2018, 8, 5, 0, 0), 'date_tagged': datetime.datetime(2018, 12, 3, 0, 0), 'tagged_by_company': 'natural', 'tagged_by_crew': 1, 'init_detect_by': 'natural', 'init_detect_date': datetime.datetime(2018, 12, 3, 0, 0), 'requires_shutdown': False, 'date_repaired': datetime.datetime(2018, 12, 3, 16, 0), 'repair_delay': 0, 'OGI_sp_covered': 1}, {'leak_ID': 'ABRAND00032_0000000002', 'facility_ID': 'ABRAND00032', 'equipment_group': 3, 'rate': 0.013204330047166037, 'lat': 55.04, 'lon': -119.83, 'status': 'repaired', 'days_active': 120, 'days_active_prog_start': 0, 'tagged': True, 'component': 'unknown', 'date_began': datetime.datetime(2019, 2, 12, 0, 0), 'date_tagged': datetime.datetime(2019, 6, 12, 0, 0), 'tagged_by_company': 'natural', 'tagged_by_crew': 1, 'init_detect_by': 'natural', 'init_detect_date': datetime.datetime(2019, 6, 12, 0, 0), 'requires_shutdown': False, 'date_repaired': datetime.datetime(2019, 6, 12, 16, 0), 'repair_delay': 0, 'OGI_sp_covered': 1}, {'leak_ID': 'ABRAND00032_0000000003', 'facility_ID': 'ABRAND00032', 'equipment_group': 1, 'rate': 0.02960879893660809, 'lat': 55.04, 'lon': -119.83, 'status': 'repaired', 'days_active': 120, 'days_active_prog_start': 0, 'tagged': True, 'component': 'unknown', 'date_began': datetime.datetime(2019, 5, 25, 0, 0), 'date_tagged': datetime.datetime(2019, 9, 22, 0, 0), 'tagged_by_company': 'natural', 'tagged_by_crew': 1, 'init_detect_by': 'natural', 'init_detect_date': datetime.datetime(2019, 9, 22, 0, 0), 'requires_shutdown': False, 'date_repaired': datetime.datetime(2019, 9, 22, 16, 0), 'repair_delay': 0, 'OGI_sp_covered': 1}, {'leak_ID': 'ABRAND00032_0000000004', 'facility_ID': 'ABRAND00032', 'equipment_group': 1, 'rate': 0.004113914106925554, 'lat': 55.04, 'lon': -119.83, 'status': 'repaired', 'days_active': 120, 'days_active_prog_start': 0, 'tagged': True, 'component': 'unknown', 'date_began': datetime.datetime(2020, 6, 9, 0, 0), 'date_tagged': datetime.datetime(2020, 10, 7, 0, 0), 'tagged_by_company': 'natural', 'tagged_by_crew': 1, 'init_detect_by': 'natural', 'init_detect_date': datetime.datetime(2020, 10, 7, 0, 0), 'requires_shutdown': False, 'date_repaired': datetime.datetime(2020, 10, 7, 16, 0), 'repair_delay': 0, 'OGI_sp_covered': 1}, {'leak_ID': 'ABRAND00032_0000000005', 'facility_ID': 'ABRAND00032', 'equipment_group': 1, 'rate': 0.008911987089674136, 'lat': 55.04, 'lon': -119.83, 'status': 'repaired', 'days_active': 120, 'days_active_prog_start': 0, 'tagged': True, 'component': 'unknown', 'date_began': datetime.datetime(2020, 12, 2, 0, 0), 'date_tagged': datetime.datetime(2021, 4, 1, 0, 0), 'tagged_by_company': 'natural', 'tagged_by_crew': 1, 'init_detect_by': 'natural', 'init_detect_date': datetime.datetime(2021, 4, 1, 0, 0), 'requires_shutdown': False, 'date_repaired': datetime.datetime(2021, 4, 1, 16, 0), 'repair_delay': 0, 'OGI_sp_covered': 1}, {'leak_ID': 'ABRAND00032_0000000006', 'facility_ID': 'ABRAND00032', 'equipment_group': 5, 'rate': 0.016429083468864947, 'lat': 55.04, 'lon': -119.83, 'status': 'repaired', 'days_active': 120, 'days_active_prog_start': 0, 'tagged': True, 'component': 'unknown', 'date_began': datetime.datetime(2021, 7, 19, 0, 0), 'date_tagged': datetime.datetime(2021, 11, 16, 0, 0), 'tagged_by_company': 'natural', 'tagged_by_crew': 1, 'init_detect_by': 'natural', 'init_detect_date': datetime.datetime(2021, 11, 16, 0, 0), 'requires_shutdown': False, 'date_repaired': datetime.datetime(2021, 11, 16, 16, 0), 'repair_delay': 0, 'OGI_sp_covered': 1}, {'leak_ID': 'ABRAND00032_0000000007', 'facility_ID': 'ABRAND00032', 'equipment_group': 5, 'rate': 0.00915858043478812, 'lat': 55.04, 'lon': -119.83, 'status': 'repaired', 'days_active': 120, 'days_active_prog_start': 0, 'tagged': True, 'component': 'unknown', 'date_began': datetime.datetime(2021, 8, 8, 0, 0), 'date_tagged': datetime.datetime(2021, 12, 6, 0, 0), 'tagged_by_company': 'natural', 'tagged_by_crew': 1, 'init_detect_by': 'natural', 'init_detect_date': datetime.datetime(2021, 12, 6, 0, 0), 'requires_shutdown': False, 'date_repaired': datetime.datetime(2021, 12, 6, 16, 0), 'repair_delay': 0, 'OGI_sp_covered': 1}]",[],0,False,,,,2,4,49,30,False,6,11,0,8,0.0,997.7673228767376,0.2865731462925852,0.6075834217054468,0.5467218207543768
ABRAND00057,601,56.03,-119.68,3,6,2,2,2,120,1,30,20,120,1,lognorm,0.062287158377333125,[1.462],"['kilogram', 'hour']",<scipy.stats._distn_infrastructure.rv_frozen object at 0x000002073C01D1C8>,1,7,60,832.1943575908733,[],"[{'leak_ID': 'ABRAND00057_0000000001', 'facility_ID': 'ABRAND00057', 'equipment_group': 2, 'rate': 0.0010950647451853067, 'lat': 56.03, 'lon': -119.68, 'status': 'repaired', 'days_active': 120, 'days_active_prog_start': 15, 'tagged': True, 'component': 'unknown', 'date_began': datetime.datetime(2016, 12, 17, 0, 0), 'date_tagged': datetime.datetime(2017, 4, 15, 0, 0), 'tagged_by_company': 'natural', 'tagged_by_crew': 1, 'init_detect_by': 'natural', 'init_detect_date': datetime.datetime(2017, 4, 15, 0, 0), 'requires_shutdown': False, 'date_repaired': datetime.datetime(2017, 4, 15, 16, 0), 'repair_delay': 0, 'OGI_sp_covered': 1}, {'leak_ID': 'ABRAND00057_0000000001', 'facility_ID': 'ABRAND00057', 'equipment_group': 3, 'rate': 0.09690742751034825, 'lat': 56.03, 'lon': -119.68, 'status': 'repaired', 'days_active': 51, 'days_active_prog_start': 0, 'tagged': True, 'component': 'unknown', 'date_began': datetime.datetime(2017, 12, 13, 0, 0), 'date_tagged': datetime.datetime(2018, 1, 17, 8, 0), 'tagged_by_company': 'OGI', 'tagged_by_crew': 1, 'init_detect_by': 'OGI', 'init_detect_date': datetime.datetime(2018, 1, 17, 8, 0), 'requires_shutdown': False, 'date_repaired': datetime.datetime(2018, 2, 2, 16, 0), 'repair_delay': 16, 'OGI_sp_covered': 1}, {'leak_ID': 'ABRAND00057_0000000002', 'facility_ID': 'ABRAND00057', 'equipment_group': 3, 'rate': 0.021256419904501295, 'lat': 56.03, 'lon': -119.68, 'status': 'repaired', 'days_active': 120, 'days_active_prog_start': 0, 'tagged': True, 'component': 'unknown', 'date_began': datetime.datetime(2019, 7, 28, 0, 0), 'date_tagged': datetime.datetime(2019, 11, 25, 0, 0), 'tagged_by_company': 'natural', 'tagged_by_crew': 1, 'init_detect_by': 'natural', 'init_detect_date': datetime.datetime(2019, 11, 25, 0, 0), 'requires_shutdown': False, 'date_repaired': datetime.datetime(2019, 11, 25, 16, 0), 'repair_delay': 0, 'OGI_sp_covered': 1}, {'leak_ID': 'ABRAND00057_0000000004', 'facility_ID': 'ABRAND00057', 'equipment_group': 3, 'rate': 0.04011635743725698, 'lat': 56.03, 'lon': -119.68, 'status': 'repaired', 'days_active': 16, 'days_active_prog_start': 0, 'tagged': True, 'component': 'unknown', 'date_began': datetime.datetime(2020, 1, 17, 0, 0), 'date_tagged': datetime.datetime(2020, 1, 17, 8, 0), 'tagged_by_company': 'OGI', 'tagged_by_crew': 1, 'init_detect_by': 'OGI', 'init_detect_date': datetime.datetime(2020, 1, 17, 8, 0), 'requires_shutdown': False, 'date_repaired': datetime.datetime(2020, 2, 2, 16, 0), 'repair_delay': 16, 'OGI_sp_covered': 1}, {'leak_ID': 'ABRAND00057_0000000003', 'facility_ID': 'ABRAND00057', 'equipment_group': 3, 'rate': 0.001953265868924247, 'lat': 56.03, 'lon': -119.68, 'status': 'repaired', 'days_active': 120, 'days_active_prog_start': 0, 'tagged': True, 'component': 'unknown', 'date_began': datetime.datetime(2019, 12, 28, 0, 0), 'date_tagged': datetime.datetime(2020, 4, 26, 0, 0), 'tagged_by_company': 'natural', 'tagged_by_crew': 1, 'init_detect_by': 'natural', 'init_detect_date': datetime.datetime(2020, 4, 26, 0, 0), 'requires_shutdown': False, 'date_repaired': datetime.datetime(2020, 4, 26, 13, 30), 'repair_delay': 0, 'OGI_sp_covered': 1}, {'leak_ID': 'ABRAND00057_0000000005', 'facility_ID': 'ABRAND00057', 'equipment_group': 1, 'rate': 0.003018668545713233, 'lat': 56.03, 'lon': -119.68, 'status': 'repaired', 'days_active': 120, 'days_active_prog_start': 0, 'tagged': True, 'component': 'unknown', 'date_began': datetime.datetime(2020, 9, 18, 0, 0), 'date_tagged': datetime.datetime(2021, 1, 16, 0, 0), 'tagged_by_company': 'natural', 'tagged_by_crew': 1, 'init_detect_by': 'natural', 'init_detect_date': datetime.datetime(2021, 1, 16, 0, 0), 'requires_shutdown': False, 'date_repaired': datetime.datetime(2021, 1, 16, 16, 0), 'repair_delay': 0, 'OGI_sp_covered': 1}, {'leak_ID': 'ABRAND00057_0000000006', 'facility_ID': 'ABRAND00057', 'equipment_group': 1, 'rate': 0.006544619168485611, 'lat': 56.03, 'lon': -119.68, 'status': 'repaired', 'days_active': 120, 'days_active_prog_start': 0, 'tagged': True, 'component': 'unknown', 'date_began': datetime.datetime(2021, 8, 30, 0, 0), 'date_tagged': datetime.datetime(2021, 12, 28, 0, 0), 'tagged_by_company': 'natural', 'tagged_by_crew': 1, 'init_detect_by': 'natural', 'init_detect_date': datetime.datetime(2021, 12, 28, 0, 0), 'requires_shutdown': False, 'date_repaired': datetime.datetime(2021, 12, 28, 0, 0), 'repair_delay': 0, 'OGI_sp_covered': 1}]",[],1,False,,,,1,4,48,30,False,6,6,0,7,0.0,832.1943575908733,0.28857715430861725,0.609762866895121,0.45599690826897166
ABRAND00736,351,53.13,-114.76,5,6,2,2,2,120,1,30,20,120,1,lognorm,0.062287158377333125,[1.462],"['kilogram', 'hour']",<scipy.stats._distn_infrastructure.rv_frozen object at 0x000002073C01D1C8>,0,5,60,1232.9052335268045,[],"[{'leak_ID': 'ABRAND00736_0000000000', 'facility_ID': 'ABRAND00736', 'equipment_group': 3, 'rate': 0.12319101904186053, 'lat': 53.13, 'lon': -114.76, 'status': 'repaired', 'days_active': 30, 'days_active_prog_start': 0, 'tagged': True, 'component': 'unknown', 'date_began': datetime.datetime(2017, 10, 30, 0, 0), 'date_tagged': datetime.datetime(2017, 11, 13, 8, 0), 'tagged_by_company': 'OGI', 'tagged_by_crew': 2, 'init_detect_by': 'OGI', 'init_detect_date': datetime.datetime(2017, 11, 13, 8, 0), 'requires_shutdown': False, 'date_repaired': datetime.datetime(2017, 11, 29, 16, 0), 'repair_delay': 16, 'OGI_sp_covered': 1}, {'leak_ID': 'ABRAND00736_0000000001', 'facility_ID': 'ABRAND00736', 'equipment_group': 1, 'rate': 0.059140794065259635, 'lat': 53.13, 'lon': -114.76, 'status': 'repaired', 'days_active': 47, 'days_active_prog_start': 0, 'tagged': True, 'component': 'unknown', 'date_began': datetime.datetime(2020, 2, 15, 0, 0), 'date_tagged': datetime.datetime(2020, 3, 17, 8, 0), 'tagged_by_company': 'OGI', 'tagged_by_crew': 2, 'init_detect_by': 'OGI', 'init_detect_date': datetime.datetime(2020, 3, 17, 8, 0), 'requires_shutdown': False, 'date_repaired': datetime.datetime(2020, 4, 2, 16, 0), 'repair_delay': 16, 'OGI_sp_covered': 1}, {'leak_ID': 'ABRAND00736_0000000002', 'facility_ID': 'ABRAND00736', 'equipment_group': 2, 'rate': 0.00750537022726297, 'lat': 53.13, 'lon': -114.76, 'status': 'repaired', 'days_active': 120, 'days_active_prog_start': 0, 'tagged': True, 'component': 'unknown', 'date_began': datetime.datetime(2020, 7, 9, 0, 0), 'date_tagged': datetime.datetime(2020, 11, 6, 0, 0), 'tagged_by_company': 'natural', 'tagged_by_crew': 1, 'init_detect_by': 'natural', 'init_detect_date': datetime.datetime(2020, 11, 6, 0, 0), 'requires_shutdown': False, 'date_repaired': datetime.datetime(2020, 11, 6, 16, 0), 'repair_delay': 0, 'OGI_sp_covered': 1}, {'leak_ID': 'ABRAND00736_0000000004', 'facility_ID': 'ABRAND00736', 'equipment_group': 4, 'rate': 0.049021553997951196, 'lat': 53.13, 'lon': -114.76, 'status': 'repaired', 'days_active': 109, 'days_active_prog_start': 0, 'tagged': True, 'component': 'unknown', 'date_began': datetime.datetime(2020, 8, 11, 0, 0), 'date_tagged': datetime.datetime(2020, 11, 12, 8, 0), 'tagged_by_company': 'OGI', 'tagged_by_crew': 2, 'init_detect_by': 'OGI', 'init_detect_date': datetime.datetime(2020, 11, 12, 8, 0), 'requires_shutdown': False, 'date_repaired': datetime.datetime(2020, 11, 28, 16, 0), 'repair_delay': 16, 'OGI_sp_covered': 1}, {'leak_ID': 'ABRAND00736_0000000003', 'facility_ID': 'ABRAND00736', 'equipment_group': 2, 'rate': 0.012919956614846462, 'lat': 53.13, 'lon': -114.76, 'status': 'repaired', 'days_active': 120, 'days_active_prog_start': 0, 'tagged': True, 'component': 'unknown', 'date_began': datetime.datetime(2020, 8, 4, 0, 0), 'date_tagged': datetime.datetime(2020, 12, 2, 0, 0), 'tagged_by_company': 'natural', 'tagged_by_crew': 1, 'init_detect_by': 'natural', 'init_detect_date': datetime.datetime(2020, 12, 2, 0, 0), 'requires_shutdown': False, 'date_repaired': datetime.datetime(2020, 12, 2, 16, 0), 'repair_delay': 0, 'OGI_sp_covered': 1}]",[],0,False,,,,2,4,48,30,False,6,4,0,5,0.0,1232.9052335268045,0.2905811623246493,0.6119226040179719,0.6755645115215367
ABRAND00338,311,53.05,-116.21,3,6,2,2,2,120,1,30,20,120,1,lognorm,0.062287158377333125,[1.462],"['kilogram', 'hour']",<scipy.stats._distn_infrastructure.rv_frozen object at 0x000002073C01D1C8>,0,3,60,3158.2902229350666,[],"[{'leak_ID': 'ABRAND00338_0000000000', 'facility_ID': 'ABRAND00338', 'equipment_group': 2, 'rate': 0.0029689988990609056, 'lat': 53.05, 'lon': -116.21, 'status': 'repaired', 'days_active': 120, 'days_active_prog_start': 0, 'tagged': True, 'component': 'unknown', 'date_began': datetime.datetime(2017, 4, 29, 0, 0), 'date_tagged': datetime.datetime(2017, 8, 27, 0, 0), 'tagged_by_company': 'natural', 'tagged_by_crew': 1, 'init_detect_by': 'natural', 'init_detect_date': datetime.datetime(2017, 8, 27, 0, 0), 'requires_shutdown': False, 'date_repaired': datetime.datetime(2017, 8, 27, 0, 0), 'repair_delay': 0, 'OGI_sp_covered': 1}, {'leak_ID': 'ABRAND00338_0000000001', 'facility_ID': 'ABRAND00338', 'equipment_group': 2, 'rate': 0.023251755695695042, 'lat': 53.05, 'lon': -116.21, 'status': 'repaired', 'days_active': 120, 'days_active_prog_start': 0, 'tagged': True, 'component': 'unknown', 'date_began': datetime.datetime(2018, 1, 9, 0, 0), 'date_tagged': datetime.datetime(2018, 5, 9, 0, 0), 'tagged_by_company': 'natural', 'tagged_by_crew': 1, 'init_detect_by': 'natural', 'init_detect_date': datetime.datetime(2018, 5, 9, 0, 0), 'requires_shutdown': False, 'date_repaired': datetime.datetime(2018, 5, 9, 16, 0), 'repair_delay': 0, 'OGI_sp_covered': 0}, {'leak_ID': 'ABRAND00338_0000000002', 'facility_ID': 'ABRAND00338', 'equipment_group': 3, 'rate': 0.49862379755677116, 'lat': 53.05, 'lon': -116.21, 'status': 'repaired', 'days_active': 67, 'days_active_prog_start': 0, 'tagged': True, 'component': 'unknown', 'date_began': datetime.datetime(2019, 7, 25, 0, 0), 'date_tagged': datetime.datetime(2019, 9, 14, 8, 0), 'tagged_by_company': 'OGI', 'tagged_by_crew': 3, 'init_detect_by': 'OGI', 'init_detect_date': datetime.datetime(2019, 9, 14, 8, 0), 'requires_shutdown': False, 'date_repaired': datetime.datetime(2019, 9, 30, 16, 0), 'repair_delay': 16, 'OGI_sp_covered': 1}]",[],0,False,,,,2,4,48,30,False,6,3,0,3,0.0,3158.2902229350666,0.2925851703406814,0.6140770235857562,1.7305699851698995
ABRAND00006,351,55.25,-119.95,5,6,2,2,2,120,1,30,20,120,1,lognorm,0.062287158377333125,[1.462],"['kilogram', 'hour']",<scipy.stats._distn_infrastructure.rv_frozen object at 0x000002073C01D1C8>,0,5,60,1112.0263916597917,[],"[{'leak_ID': 'ABRAND00006_0000000000', 'facility_ID': 'ABRAND00006', 'equipment_group': 4, 'rate': 0.003521698471661808, 'lat': 55.25, 'lon': -119.95, 'status': 'repaired', 'days_active': 120, 'days_active_prog_start': 0, 'tagged': True, 'component': 'unknown', 'date_began': datetime.datetime(2018, 1, 14, 0, 0), 'date_tagged': datetime.datetime(2018, 5, 14, 0, 0), 'tagged_by_company': 'natural', 'tagged_by_crew': 1, 'init_detect_by': 'natural', 'init_detect_date': datetime.datetime(2018, 5, 14, 0, 0), 'requires_shutdown': False, 'date_repaired': datetime.datetime(2018, 5, 14, 16, 0), 'repair_delay': 0, 'OGI_sp_covered': 0}, {'leak_ID': 'ABRAND00006_0000000001', 'facility_ID': 'ABRAND00006', 'equipment_group': 4, 'rate': 0.02262993146884995, 'lat': 55.25, 'lon': -119.95, 'status': 'repaired', 'days_active': 120, 'days_active_prog_start': 0, 'tagged': True, 'component': 'unknown', 'date_began': datetime.datetime(2018, 3, 11, 0, 0), 'date_tagged': datetime.datetime(2018, 7, 9, 0, 0), 'tagged_by_company': 'natural', 'tagged_by_crew': 1, 'init_detect_by': 'natural', 'init_detect_date': datetime.datetime(2018, 7, 9, 0, 0), 'requires_shutdown': False, 'date_repaired': datetime.datetime(2018, 7, 9, 16, 0), 'repair_delay': 0, 'OGI_sp_covered': 1}, {'leak_ID': 'ABRAND00006_0000000002', 'facility_ID': 'ABRAND00006', 'equipment_group': 5, 'rate': 0.007163615404930576, 'lat': 55.25, 'lon': -119.95, 'status': 'repaired', 'days_active': 120, 'days_active_prog_start': 0, 'tagged': True, 'component': 'unknown', 'date_began': datetime.datetime(2018, 3, 22, 0, 0), 'date_tagged': datetime.datetime(2018, 7, 20, 0, 0), 'tagged_by_company': 'natural', 'tagged_by_crew': 1, 'init_detect_by': 'natural', 'init_detect_date': datetime.datetime(2018, 7, 20, 0, 0), 'requires_shutdown': False, 'date_repaired': datetime.datetime(2018, 7, 20, 16, 0), 'repair_delay': 0, 'OGI_sp_covered': 1}, {'leak_ID': 'ABRAND00006_0000000004', 'facility_ID': 'ABRAND00006', 'equipment_group': 5, 'rate': 0.15225320285122942, 'lat': 55.25, 'lon': -119.95, 'status': 'repaired', 'days_active': 52, 'days_active_prog_start': 0, 'tagged': True, 'component': 'unknown', 'date_began': datetime.datetime(2019, 12, 12, 0, 0), 'date_tagged': datetime.datetime(2020, 1, 17, 10, 30), 'tagged_by_company': 'OGI', 'tagged_by_crew': 1, 'init_detect_by': 'OGI', 'init_detect_date': datetime.datetime(2020, 1, 17, 10, 30), 'requires_shutdown': False, 'date_repaired': datetime.datetime(2020, 2, 2, 16, 0), 'repair_delay': 16, 'OGI_sp_covered': 1}, {'leak_ID': 'ABRAND00006_0000000003', 'facility_ID': 'ABRAND00006', 'equipment_group': 5, 'rate': 0.007963998663989376, 'lat': 55.25, 'lon': -119.95, 'status': 'repaired', 'days_active': 120, 'days_active_prog_start': 0, 'tagged': True, 'component': 'unknown', 'date_began': datetime.datetime(2019, 11, 28, 0, 0), 'date_tagged': datetime.datetime(2020, 3, 27, 0, 0), 'tagged_by_company': 'natural', 'tagged_by_crew': 1, 'init_detect_by': 'natural', 'init_detect_date': datetime.datetime(2020, 3, 27, 0, 0), 'requires_shutdown': False, 'date_repaired': datetime.datetime(2020, 3, 27, 16, 0), 'repair_delay': 0, 'OGI_sp_covered': 1}]",[],0,False,,,,1,4,48,30,False,6,5,0,5,0.0,1112.0263916597917,0.29458917835671344,0.6162197171458695,0.6093295296765981
ABRAND00261,351,54.06,-117.65,2,6,2,2,2,120,1,30,20,120,1,lognorm,0.062287158377333125,[1.462],"['kilogram', 'hour']",<scipy.stats._distn_infrastructure.rv_frozen object at 0x000002073C01D1C8>,0,3,60,635.6770205520703,[],"[{'leak_ID': 'ABRAND00261_0000000000', 'facility_ID': 'ABRAND00261', 'equipment_group': 1, 'rate': 0.07708550460395175, 'lat': 54.06, 'lon': -117.65, 'status': 'repaired', 'days_active': 22, 'days_active_prog_start': 0, 'tagged': True, 'component': 'unknown', 'date_began': datetime.datetime(2019, 7, 10, 0, 0), 'date_tagged': datetime.datetime(2019, 7, 16, 10, 30), 'tagged_by_company': 'OGI', 'tagged_by_crew': 2, 'init_detect_by': 'OGI', 'init_detect_date': datetime.datetime(2019, 7, 16, 10, 30), 'requires_shutdown': False, 'date_repaired': datetime.datetime(2019, 8, 1, 16, 0), 'repair_delay': 16, 'OGI_sp_covered': 1}, {'leak_ID': 'ABRAND00261_0000000002', 'facility_ID': 'ABRAND00261', 'equipment_group': 2, 'rate': 0.13712304539795572, 'lat': 54.06, 'lon': -117.65, 'status': 'repaired', 'days_active': 26, 'days_active_prog_start': 0, 'tagged': True, 'component': 'unknown', 'date_began': datetime.datetime(2021, 5, 7, 0, 0), 'date_tagged': datetime.datetime(2021, 5, 17, 10, 30), 'tagged_by_company': 'OGI', 'tagged_by_crew': 2, 'init_detect_by': 'OGI', 'init_detect_date': datetime.datetime(2021, 5, 17, 10, 30), 'requires_shutdown': False, 'date_repaired': datetime.datetime(2021, 6, 2, 16, 0), 'repair_delay': 16, 'OGI_sp_covered': 1}, {'leak_ID': 'ABRAND00261_0000000001', 'facility_ID': 'ABRAND00261', 'equipment_group': 2, 'rate': 0.017469105345188182, 'lat': 54.06, 'lon': -117.65, 'status': 'repaired', 'days_active': 120, 'days_active_prog_start': 0, 'tagged': True, 'component': 'unknown', 'date_began': datetime.datetime(2021, 4, 9, 0, 0), 'date_tagged': datetime.datetime(2021, 8, 7, 0, 0), 'tagged_by_company': 'natural', 'tagged_by_crew': 1, 'init_detect_by': 'natural', 'init_detect_date': datetime.datetime(2021, 8, 7, 0, 0), 'requires_shutdown': False, 'date_repaired': datetime.datetime(2021, 8, 7, 16, 0), 'repair_delay': 0, 'OGI_sp_covered': 1}]",[],0,False,,,,2,4,48,30,False,6,2,0,3,0.0,635.6770205520703,0.2965931863727455,0.6183358748807682,0.34831617564497
ABRAND00401,351,53.42,-115.98,4,6,2,2,2,120,1,30,20,120,1,lognorm,0.062287158377333125,[1.462],"['kilogram', 'hour']",<scipy.stats._distn_infrastructure.rv_frozen object at 0x000002073C01D1C8>,0,8,60,4668.517043537322,[],"[{'leak_ID': 'ABRAND00401_0000000000', 'facility_ID': 'ABRAND00401', 'equipment_group': 3, 'rate': 0.11620323097206972, 'lat': 53.42, 'lon': -115.98, 'status': 'repaired', 'days_active': 88, 'days_active_prog_start': 0, 'tagged': True, 'component': 'unknown', 'date_began': datetime.datetime(2017, 7, 4, 0, 0), 'date_tagged': datetime.datetime(2017, 9, 14, 10, 30), 'tagged_by_company': 'OGI', 'tagged_by_crew': 3, 'init_detect_by': 'OGI', 'init_detect_date': datetime.datetime(2017, 9, 14, 10, 30), 'requires_shutdown': False, 'date_repaired': datetime.datetime(2017, 9, 30, 16, 0), 'repair_delay': 16, 'OGI_sp_covered': 1}, {'leak_ID': 'ABRAND00401_0000000001', 'facility_ID': 'ABRAND00401', 'equipment_group': 1, 'rate': 0.00869666928504171, 'lat': 53.42, 'lon': -115.98, 'status': 'repaired', 'days_active': 120, 'days_active_prog_start': 0, 'tagged': True, 'component': 'unknown', 'date_began': datetime.datetime(2017, 12, 30, 0, 0), 'date_tagged': datetime.datetime(2018, 4, 29, 0, 0), 'tagged_by_company': 'natural', 'tagged_by_crew': 1, 'init_detect_by': 'natural', 'init_detect_date': datetime.datetime(2018, 4, 29, 0, 0), 'requires_shutdown': False, 'date_repaired': datetime.datetime(2018, 4, 29, 0, 0), 'repair_delay': 0, 'OGI_sp_covered': 1}, {'leak_ID': 'ABRAND00401_0000000002', 'facility_ID': 'ABRAND00401', 'equipment_group': 2, 'rate': 0.07040677195920458, 'lat': 53.42, 'lon': -115.98, 'status': 'repaired', 'days_active': 43, 'days_active_prog_start': 0, 'tagged': True, 'component': 'unknown', 'date_began': datetime.datetime(2018, 4, 20, 0, 0), 'date_tagged': datetime.datetime(2018, 5, 17, 10, 30), 'tagged_by_company': 'OGI', 'tagged_by_crew': 3, 'init_detect_by': 'OGI', 'init_detect_date': datetime.datetime(2018, 5, 17, 10, 30), 'requires_shutdown': False, 'date_repaired': datetime.datetime(2018, 6, 2, 16, 0), 'repair_delay': 16, 'OGI_sp_covered': 1}, {'leak_ID': 'ABRAND00401_0000000003', 'facility_ID': 'ABRAND00401', 'equipment_group': 4, 'rate': 0.03451545142742323, 'lat': 53.42, 'lon': -115.98, 'status': 'repaired', 'days_active': 120, 'days_active_prog_start': 0, 'tagged': True, 'component': 'unknown', 'date_began': datetime.datetime(2018, 11, 23, 0, 0), 'date_tagged': datetime.datetime(2019, 3, 23, 0, 0), 'tagged_by_company': 'natural', 'tagged_by_crew': 1, 'init_detect_by': 'natural', 'init_detect_date': datetime.datetime(2019, 3, 23, 0, 0), 'requires_shutdown': False, 'date_repaired': datetime.datetime(2019, 3, 23, 16, 0), 'repair_delay': 0, 'OGI_sp_covered': 1}, {'leak_ID': 'ABRAND00401_0000000004', 'facility_ID': 'ABRAND00401', 'equipment_group': 2, 'rate': 0.015099685844305873, 'lat': 53.42, 'lon': -115.98, 'status': 'repaired', 'days_active': 120, 'days_active_prog_start': 0, 'tagged': True, 'component': 'unknown', 'date_began': datetime.datetime(2019, 5, 15, 0, 0), 'date_tagged': datetime.datetime(2019, 9, 12, 0, 0), 'tagged_by_company': 'natural', 'tagged_by_crew': 1, 'init_detect_by': 'natural', 'init_detect_date': datetime.datetime(2019, 9, 12, 0, 0), 'requires_shutdown': False, 'date_repaired': datetime.datetime(2019, 9, 12, 16, 0), 'repair_delay': 0, 'OGI_sp_covered': 1}, {'leak_ID': 'ABRAND00401_0000000005', 'facility_ID': 'ABRAND00401', 'equipment_group': 3, 'rate': 0.31579837711765457, 'lat': 53.42, 'lon': -115.98, 'status': 'repaired', 'days_active': 21, 'days_active_prog_start': 0, 'tagged': True, 'component': 'unknown', 'date_began': datetime.datetime(2019, 11, 8, 0, 0), 'date_tagged': datetime.datetime(2019, 11, 13, 10, 30), 'tagged_by_company': 'OGI', 'tagged_by_crew': 3, 'init_detect_by': 'OGI', 'init_detect_date': datetime.datetime(2019, 11, 13, 10, 30), 'requires_shutdown': False, 'date_repaired': datetime.datetime(2019, 11, 29, 16, 0), 'repair_delay': 16, 'OGI_sp_covered': 1}, {'leak_ID': 'ABRAND00401_0000000006', 'facility_ID': 'ABRAND00401', 'equipment_group': 4, 'rate': 0.013157654142840548, 'lat': 53.42, 'lon': -115.98, 'status': 'repaired', 'days_active': 120, 'days_active_prog_start': 0, 'tagged': True, 'component': 'unknown', 'date_began': datetime.datetime(2020, 12, 20, 0, 0), 'date_tagged': datetime.datetime(2021, 4, 19, 0, 0), 'tagged_by_company': 'natural', 'tagged_by_crew': 1, 'init_detect_by': 'natural', 'init_detect_date': datetime.datetime(2021, 4, 19, 0, 0), 'requires_shutdown': False, 'date_repaired': datetime.datetime(2021, 4, 19, 16, 0), 'repair_delay': 0, 'OGI_sp_covered': 1}, {'leak_ID': 'ABRAND00401_0000000007', 'facility_ID': 'ABRAND00401', 'equipment_group': 2, 'rate': 0.36531836221094593, 'lat': 53.42, 'lon': -115.98, 'status': 'repaired', 'days_active': 70, 'days_active_prog_start': 0, 'tagged': True, 'component': 'unknown', 'date_began': datetime.datetime(2021, 3, 24, 0, 0), 'date_tagged': datetime.datetime(2021, 5, 17, 10, 30), 'tagged_by_company': 'OGI', 'tagged_by_crew': 3, 'init_detect_by': 'OGI', 'init_detect_date': datetime.datetime(2021, 5, 17, 10, 30), 'requires_shutdown': False, 'date_repaired': datetime.datetime(2021, 6, 2, 16, 0), 'repair_delay': 16, 'OGI_sp_covered': 1}]",[],0,False,,,,2,4,48,30,False,6,8,0,8,0.0,4668.517043537322,0.2985971943887776,0.6204419367019314,2.558091530705382
ABRAND00593,311,53.04,-115.36,4,6,2,2,2,120,1,30,20,120,1,lognorm,0.062287158377333125,[1.462],"['kilogram', 'hour']",<scipy.stats._distn_infrastructure.rv_frozen object at 0x000002073C01D1C8>,1,6,60,1106.6685023395435,[],"[{'leak_ID': 'ABRAND00593_0000000001', 'facility_ID': 'ABRAND00593', 'equipment_group': 1, 'rate': 0.00812070194564208, 'lat': 53.04, 'lon': -115.36, 'status': 'repaired', 'days_active': 120, 'days_active_prog_start': 119, 'tagged': True, 'component': 'unknown', 'date_began': datetime.datetime(2016, 9, 4, 0, 0), 'date_tagged': datetime.datetime(2017, 1, 1, 0, 0), 'tagged_by_company': 'natural', 'tagged_by_crew': 1, 'init_detect_by': 'natural', 'init_detect_date': datetime.datetime(2017, 1, 1, 0, 0), 'requires_shutdown': False, 'date_repaired': datetime.datetime(2017, 1, 1, 16, 0), 'repair_delay': 0}, {'leak_ID': 'ABRAND00593_0000000001', 'facility_ID': 'ABRAND00593', 'equipment_group': 1, 'rate': 0.002740529348319927, 'lat': 53.04, 'lon': -115.36, 'status': 'repaired', 'days_active': 120, 'days_active_prog_start': 0, 'tagged': True, 'component': 'unknown', 'date_began': datetime.datetime(2018, 1, 25, 0, 0), 'date_tagged': datetime.datetime(2018, 5, 25, 0, 0), 'tagged_by_company': 'natural', 'tagged_by_crew': 1, 'init_detect_by': 'natural', 'init_detect_date': datetime.datetime(2018, 5, 25, 0, 0), 'requires_shutdown': False, 'date_repaired': datetime.datetime(2018, 5, 25, 16, 0), 'repair_delay': 0, 'OGI_sp_covered': 1}, {'leak_ID': 'ABRAND00593_0000000002', 'facility_ID': 'ABRAND00593', 'equipment_group': 1, 'rate': 0.022504352546361062, 'lat': 53.04, 'lon': -115.36, 'status': 'repaired', 'days_active': 120, 'days_active_prog_start': 0, 'tagged': True, 'component': 'unknown', 'date_began': datetime.datetime(2018, 6, 8, 0, 0), 'date_tagged': datetime.datetime(2018, 10, 6, 0, 0), 'tagged_by_company': 'natural', 'tagged_by_crew': 1, 'init_detect_by': 'natural', 'init_detect_date': datetime.datetime(2018, 10, 6, 0, 0), 'requires_shutdown': False, 'date_repaired': datetime.datetime(2018, 10, 6, 16, 0), 'repair_delay': 0, 'OGI_sp_covered': 1}, {'leak_ID': 'ABRAND00593_0000000003', 'facility_ID': 'ABRAND00593', 'equipment_group': 2, 'rate': 0.1308381619186349, 'lat': 53.04, 'lon': -115.36, 'status': 'repaired', 'days_active': 47, 'days_active_prog_start': 0, 'tagged': True, 'component': 'unknown', 'date_began': datetime.datetime(2018, 12, 17, 0, 0), 'date_tagged': datetime.datetime(2019, 1, 17, 13, 0), 'tagged_by_company': 'OGI', 'tagged_by_crew': 1, 'init_detect_by': 'OGI', 'init_detect_date': datetime.datetime(2019, 1, 17, 13, 0), 'requires_shutdown': False, 'date_repaired': datetime.datetime(2019, 2, 2, 16, 0), 'repair_delay': 16, 'OGI_sp_covered': 1}, {'leak_ID': 'ABRAND00593_0000000004', 'facility_ID': 'ABRAND00593', 'equipment_group': 3, 'rate': 0.06606764734709422, 'lat': 53.04, 'lon': -115.36, 'status': 'repaired', 'days_active': 19, 'days_active_prog_start': 0, 'tagged': True, 'component': 'unknown', 'date_began': datetime.datetime(2020, 7, 12, 0, 0), 'date_tagged': datetime.datetime(2020, 7, 15, 13, 0), 'tagged_by_company': 'OGI', 'tagged_by_crew': 1, 'init_detect_by': 'OGI', 'init_detect_date': datetime.datetime(2020, 7, 15, 13, 0), 'requires_shutdown': False, 'date_repaired': datetime.datetime(2020, 7, 31, 16, 0), 'repair_delay': 16, 'OGI_sp_covered': 1}, {'leak_ID': 'ABRAND00593_0000000005', 'facility_ID': 'ABRAND00593', 'equipment_group': 4, 'rate': 0.01972064818703751, 'lat': 53.04, 'lon': -115.36, 'status': 'repaired', 'days_active': 120, 'days_active_prog_start': 0, 'tagged': True, 'component': 'unknown', 'date_began': datetime.datetime(2021, 3, 7, 0, 0), 'date_tagged': datetime.datetime(2021, 7, 5, 0, 0), 'tagged_by_company': 'natural', 'tagged_by_crew': 1, 'init_detect_by': 'natural', 'init_detect_date': datetime.datetime(2021, 7, 5, 0, 0), 'requires_shutdown': False, 'date_repaired': datetime.datetime(2021, 7, 5, 16, 0), 'repair_delay': 0, 'OGI_sp_covered': 1}]",[],1,False,,,,2,4,48,30,False,6,4,0,6,0.0,1106.6685023395435,0.30060120240480964,0.6225401035467865,0.6063936999120786
ABRAND00821,361,52.46,-114.44,3,6,2,2,2,120,1,30,20,120,1,lognorm,0.062287158377333125,[1.462],"['kilogram', 'hour']",<scipy.stats._distn_infrastructure.rv_frozen object at 0x000002073C01D1C8>,0,7,60,2392.0099719954496,[],"[{'leak_ID': 'ABRAND00821_0000000001', 'facility_ID': 'ABRAND00821', 'equipment_group': 3, 'rate': 0.06580590751296807, 'lat': 52.46, 'lon': -114.44, 'status': 'repaired', 'days_active': 58, 'days_active_prog_start': 0, 'tagged': True, 'component': 'unknown', 'date_began': datetime.datetime(2018, 2, 4, 0, 0), 'date_tagged': datetime.datetime(2018, 3, 18, 13, 0), 'tagged_by_company': 'OGI', 'tagged_by_crew': 2, 'init_detect_by': 'OGI', 'init_detect_date': datetime.datetime(2018, 3, 18, 13, 0), 'requires_shutdown': False, 'date_repaired': datetime.datetime(2018, 4, 3, 16, 0), 'repair_delay': 16, 'OGI_sp_covered': 1}, {'leak_ID': 'ABRAND00821_0000000000', 'facility_ID': 'ABRAND00821', 'equipment_group': 1, 'rate': 0.006222976619751564, 'lat': 52.46, 'lon': -114.44, 'status': 'repaired', 'days_active': 120, 'days_active_prog_start': 0, 'tagged': True, 'component': 'unknown', 'date_began': datetime.datetime(2018, 1, 1, 0, 0), 'date_tagged': datetime.datetime(2018, 5, 1, 0, 0), 'tagged_by_company': 'natural', 'tagged_by_crew': 1, 'init_detect_by': 'natural', 'init_detect_date': datetime.datetime(2018, 5, 1, 0, 0), 'requires_shutdown': False, 'date_repaired': datetime.datetime(2018, 5, 1, 0, 0), 'repair_delay': 0, 'OGI_sp_covered': 1}, {'leak_ID': 'ABRAND00821_0000000002', 'facility_ID': 'ABRAND00821', 'equipment_group': 2, 'rate': 0.04027785479983786, 'lat': 52.46, 'lon': -114.44, 'status': 'repaired', 'days_active': 73, 'days_active_prog_start': 0, 'tagged': True, 'component': 'unknown', 'date_began': datetime.datetime(2018, 3, 21, 0, 0), 'date_tagged': datetime.datetime(2018, 5, 17, 13, 0), 'tagged_by_company': 'OGI', 'tagged_by_crew': 2, 'init_detect_by': 'OGI', 'init_detect_date': datetime.datetime(2018, 5, 17, 13, 0), 'requires_shutdown': False, 'date_repaired': datetime.datetime(2018, 6, 2, 16, 0), 'repair_delay': 16, 'OGI_sp_covered': 1}, {'leak_ID': 'ABRAND00821_0000000003', 'facility_ID': 'ABRAND00821', 'equipment_group': 3, 'rate': 0.037005359682133185, 'lat': 52.46, 'lon': -114.44, 'status': 'repaired', 'days_active': 71, 'days_active_prog_start': 0, 'tagged': True, 'component': 'unknown', 'date_began': datetime.datetime(2018, 7, 21, 0, 0), 'date_tagged': datetime.datetime(2018, 9, 14, 13, 0), 'tagged_by_company': 'OGI', 'tagged_by_crew': 2, 'init_detect_by': 'OGI', 'init_detect_date': datetime.datetime(2018, 9, 14, 13, 0), 'requires_shutdown': False, 'date_repaired': datetime.datetime(2018, 9, 30, 16, 0), 'repair_delay': 16, 'OGI_sp_covered': 1}, {'leak_ID': 'ABRAND00821_0000000004', 'facility_ID': 'ABRAND00821', 'equipment_group': 3, 'rate': 0.19796985361688596, 'lat': 52.46, 'lon': -114.44, 'status': 'repaired', 'days_active': 74, 'days_active_prog_start': 0, 'tagged': True, 'component': 'unknown', 'date_began': datetime.datetime(2019, 5, 19, 0, 0), 'date_tagged': datetime.datetime(2019, 7, 16, 13, 0), 'tagged_by_company': 'OGI', 'tagged_by_crew': 2, 'init_detect_by': 'OGI', 'init_detect_date': datetime.datetime(2019, 7, 16, 13, 0), 'requires_shutdown': False, 'date_repaired': datetime.datetime(2019, 8, 1, 16, 0), 'repair_delay': 16, 'OGI_sp_covered': 1}, {'leak_ID': 'ABRAND00821_0000000005', 'facility_ID': 'ABRAND00821', 'equipment_group': 3, 'rate': 0.0007950180497398945, 'lat': 52.46, 'lon': -114.44, 'status': 'repaired', 'days_active': 120, 'days_active_prog_start': 0, 'tagged': True, 'component': 'unknown', 'date_began': datetime.datetime(2019, 8, 21, 0, 0), 'date_tagged': datetime.datetime(2019, 12, 19, 0, 0), 'tagged_by_company': 'natural', 'tagged_by_crew': 1, 'init_detect_by': 'natural', 'init_detect_date': datetime.datetime(2019, 12, 19, 0, 0), 'requires_shutdown': False, 'date_repaired': datetime.datetime(2019, 12, 19, 16, 0), 'repair_delay': 0, 'OGI_sp_covered': 1}, {'leak_ID': 'ABRAND00821_0000000006', 'facility_ID': 'ABRAND00821', 'equipment_group': 3, 'rate': 0.04012807857484118, 'lat': 52.46, 'lon': -114.44, 'status': 'repaired', 'days_active': 70, 'days_active_prog_start': 0, 'tagged': True, 'component': 'unknown', 'date_began': datetime.datetime(2020, 1, 23, 0, 0), 'date_tagged': datetime.datetime(2020, 3, 17, 13, 0), 'tagged_by_company': 'OGI', 'tagged_by_crew': 2, 'init_detect_by': 'OGI', 'init_detect_date': datetime.datetime(2020, 3, 17, 13, 0), 'requires_shutdown': False, 'date_repaired': datetime.datetime(2020, 4, 2, 16, 0), 'repair_delay': 16, 'OGI_sp_covered': 1}]",[],0,False,,,,3,4,48,30,False,6,3,0,7,0.0,2392.0099719954496,0.3026052104208417,0.6246373207142459,1.310690395613945
ABRAND00159,601,54.79,-119.06,3,6,2,2,2,120,1,30,20,120,1,lognorm,0.062287158377333125,[1.462],"['kilogram', 'hour']",<scipy.stats._distn_infrastructure.rv_frozen object at 0x000002073C01D1C8>,0,7,60,1172.375540043984,[],"[{'leak_ID': 'ABRAND00159_0000000000', 'facility_ID': 'ABRAND00159', 'equipment_group': 3, 'rate': 0.031162335053997514, 'lat': 54.79, 'lon': -119.06, 'status': 'repaired', 'days_active': 120, 'days_active_prog_start': 0, 'tagged': True, 'component': 'unknown', 'date_began': datetime.datetime(2017, 1, 2, 0, 0), 'date_tagged': datetime.datetime(2017, 5, 2, 0, 0), 'tagged_by_company': 'natural', 'tagged_by_crew': 1, 'init_detect_by': 'natural', 'init_detect_date': datetime.datetime(2017, 5, 2, 0, 0), 'requires_shutdown': False, 'date_repaired': datetime.datetime(2017, 5, 2, 16, 0), 'repair_delay': 0, 'OGI_sp_covered': 1}, {'leak_ID': 'ABRAND00159_0000000001', 'facility_ID': 'ABRAND00159', 'equipment_group': 1, 'rate': 0.019687697654491066, 'lat': 54.79, 'lon': -119.06, 'status': 'repaired', 'days_active': 120, 'days_active_prog_start': 0, 'tagged': True, 'component': 'unknown', 'date_began': datetime.datetime(2018, 4, 12, 0, 0), 'date_tagged': datetime.datetime(2018, 8, 10, 0, 0), 'tagged_by_company': 'natural', 'tagged_by_crew': 1, 'init_detect_by': 'natural', 'init_detect_date': datetime.datetime(2018, 8, 10, 0, 0), 'requires_shutdown': False, 'date_repaired': datetime.datetime(2018, 8, 10, 16, 0), 'repair_delay': 0, 'OGI_sp_covered': 1}, {'leak_ID': 'ABRAND00159_0000000002', 'facility_ID': 'ABRAND00159', 'equipment_group': 2, 'rate': 0.0034080750981093045, 'lat': 54.79, 'lon': -119.06, 'status': 'repaired', 'days_active': 120, 'days_active_prog_start': 0, 'tagged': True, 'component': 'unknown', 'date_began': datetime.datetime(2018, 12, 13, 0, 0), 'date_tagged': datetime.datetime(2019, 4, 12, 0, 0), 'tagged_by_company': 'natural', 'tagged_by_crew': 1, 'init_detect_by': 'natural', 'init_detect_date': datetime.datetime(2019, 4, 12, 0, 0), 'requires_shutdown': False, 'date_repaired': datetime.datetime(2019, 4, 12, 16, 0), 'repair_delay': 0, 'OGI_sp_covered': 1}, {'leak_ID': 'ABRAND00159_0000000003', 'facility_ID': 'ABRAND00159', 'equipment_group': 1, 'rate': 0.0023806406047411814, 'lat': 54.79, 'lon': -119.06, 'status': 'repaired', 'days_active': 120, 'days_active_prog_start': 0, 'tagged': True, 'component': 'unknown', 'date_began': datetime.datetime(2019, 5, 6, 0, 0), 'date_tagged': datetime.datetime(2019, 9, 3, 0, 0), 'tagged_by_company': 'natural', 'tagged_by_crew': 1, 'init_detect_by': 'natural', 'init_detect_date': datetime.datetime(2019, 9, 3, 0, 0), 'requires_shutdown': False, 'date_repaired': datetime.datetime(2019, 9, 3, 16, 0), 'repair_delay': 0, 'OGI_sp_covered': 1}, {'leak_ID': 'ABRAND00159_0000000004', 'facility_ID': 'ABRAND00159', 'equipment_group': 2, 'rate': 0.010914870425073135, 'lat': 54.79, 'lon': -119.06, 'status': 'repaired', 'days_active': 120, 'days_active_prog_start': 0, 'tagged': True, 'component': 'unknown', 'date_began': datetime.datetime(2019, 7, 9, 0, 0), 'date_tagged': datetime.datetime(2019, 11, 6, 0, 0), 'tagged_by_company': 'natural', 'tagged_by_crew': 1, 'init_detect_by': 'natural', 'init_detect_date': datetime.datetime(2019, 11, 6, 0, 0), 'requires_shutdown': False, 'date_repaired': datetime.datetime(2019, 11, 6, 16, 0), 'repair_delay': 0, 'OGI_sp_covered': 1}, {'leak_ID': 'ABRAND00159_0000000005', 'facility_ID': 'ABRAND00159', 'equipment_group': 1, 'rate': 0.03187401298073486, 'lat': 54.79, 'lon': -119.06, 'status': 'repaired', 'days_active': 120, 'days_active_prog_start': 0, 'tagged': True, 'component': 'unknown', 'date_began': datetime.datetime(2019, 11, 5, 0, 0), 'date_tagged': datetime.datetime(2020, 3, 4, 0, 0), 'tagged_by_company': 'natural', 'tagged_by_crew': 1, 'init_detect_by': 'natural', 'init_detect_date': datetime.datetime(2020, 3, 4, 0, 0), 'requires_shutdown': False, 'date_repaired': datetime.datetime(2020, 3, 4, 16, 0), 'repair_delay': 0, 'OGI_sp_covered': 1}, {'leak_ID': 'ABRAND00159_0000000006', 'facility_ID': 'ABRAND00159', 'equipment_group': 1, 'rate': 0.05647743189806955, 'lat': 54.79, 'lon': -119.06, 'status': 'repaired', 'days_active': 29, 'days_active_prog_start': 0, 'tagged': True, 'component': 'unknown', 'date_began': datetime.datetime(2020, 7, 2, 0, 0), 'date_tagged': datetime.datetime(2020, 7, 15, 13, 0), 'tagged_by_company': 'OGI', 'tagged_by_crew': 3, 'init_detect_by': 'OGI', 'init_detect_date': datetime.datetime(2020, 7, 15, 13, 0), 'requires_shutdown': False, 'date_repaired': datetime.datetime(2020, 7, 31, 16, 0), 'repair_delay': 16, 'OGI_sp_covered': 1}]",[],0,False,,,,2,4,48,30,False,6,11,0,7,0.0,1172.375540043984,0.3046092184368738,0.626720531557053,0.6423975561884844
ABRAND00966,351,52.33,-114.09,3,6,2,2,2,120,1,30,20,120,1,lognorm,0.062287158377333125,[1.462],"['kilogram', 'hour']",<scipy.stats._distn_infrastructure.rv_frozen object at 0x000002073C01D1C8>,1,9,60,1128.5773232492315,[],"[{'leak_ID': 'ABRAND00966_0000000001', 'facility_ID': 'ABRAND00966', 'equipment_group': 1, 'rate': 0.01954114182955094, 'lat': 52.33, 'lon': -114.09, 'status': 'repaired', 'days_active': 120, 'days_active_prog_start': 7, 'tagged': True, 'component': 'unknown', 'date_began': datetime.datetime(2016, 12, 25, 0, 0), 'date_tagged': datetime.datetime(2017, 4, 23, 0, 0), 'tagged_by_company': 'natural', 'tagged_by_crew': 1, 'init_detect_by': 'natural', 'init_detect_date': datetime.datetime(2017, 4, 23, 0, 0), 'requires_shutdown': False, 'date_repaired': datetime.datetime(2017, 4, 23, 16, 0), 'repair_delay': 0, 'OGI_sp_covered': 1}, {'leak_ID': 'ABRAND00966_0000000001', 'facility_ID': 'ABRAND00966', 'equipment_group': 2, 'rate': 0.003065551428009724, 'lat': 52.33, 'lon': -114.09, 'status': 'repaired', 'days_active': 120, 'days_active_prog_start': 0, 'tagged': True, 'component': 'unknown', 'date_began': datetime.datetime(2017, 3, 6, 0, 0), 'date_tagged': datetime.datetime(2017, 7, 4, 0, 0), 'tagged_by_company': 'natural', 'tagged_by_crew': 1, 'init_detect_by': 'natural', 'init_detect_date': datetime.datetime(2017, 7, 4, 0, 0), 'requires_shutdown': False, 'date_repaired': datetime.datetime(2017, 7, 4, 16, 0), 'repair_delay': 0, 'OGI_sp_covered': 1}, {'leak_ID': 'ABRAND00966_0000000002', 'facility_ID': 'ABRAND00966', 'equipment_group': 1, 'rate': 0.02800658700520685, 'lat': 52.33, 'lon': -114.09, 'status': 'repaired', 'days_active': 120, 'days_active_prog_start': 0, 'tagged': True, 'component': 'unknown', 'date_began': datetime.datetime(2017, 3, 11, 0, 0), 'date_tagged': datetime.datetime(2017, 7, 9, 0, 0), 'tagged_by_company': 'natural', 'tagged_by_crew': 1, 'init_detect_by': 'natural', 'init_detect_date': datetime.datetime(2017, 7, 9, 0, 0), 'requires_shutdown': False, 'date_repaired': datetime.datetime(2017, 7, 9, 16, 0), 'repair_delay': 0, 'OGI_sp_covered': 1}, {'leak_ID': 'ABRAND00966_0000000003', 'facility_ID': 'ABRAND00966', 'equipment_group': 3, 'rate': 0.002590103675971246, 'lat': 52.33, 'lon': -114.09, 'status': 'repaired', 'days_active': 120, 'days_active_prog_start': 0, 'tagged': True, 'component': 'unknown', 'date_began': datetime.datetime(2017, 3, 28, 0, 0), 'date_tagged': datetime.datetime(2017, 7, 26, 0, 0), 'tagged_by_company': 'natural', 'tagged_by_crew': 1, 'init_detect_by': 'natural', 'init_detect_date': datetime.datetime(2017, 7, 26, 0, 0), 'requires_shutdown': False, 'date_repaired': datetime.datetime(2017, 7, 26, 16, 0), 'repair_delay': 0, 'OGI_sp_covered': 1}, {'leak_ID': 'ABRAND00966_0000000004', 'facility_ID': 'ABRAND00966', 'equipment_group': 2, 'rate': 0.015033343106503802, 'lat': 52.33, 'lon': -114.09, 'status': 'repaired', 'days_active': 120, 'days_active_prog_start': 0, 'tagged': True, 'component': 'unknown', 'date_began': datetime.datetime(2017, 5, 23, 0, 0), 'date_tagged': datetime.datetime(2017, 9, 20, 0, 0), 'tagged_by_company': 'natural', 'tagged_by_crew': 1, 'init_detect_by': 'natural', 'init_detect_date': datetime.datetime(2017, 9, 20, 0, 0), 'requires_shutdown': False, 'date_repaired': datetime.datetime(2017, 9, 20, 16, 0), 'repair_delay': 0, 'OGI_sp_covered': 1}, {'leak_ID': 'ABRAND00966_0000000005', 'facility_ID': 'ABRAND00966', 'equipment_group': 1, 'rate': 0.0375689170253236, 'lat': 52.33, 'lon': -114.09, 'status': 'repaired', 'days_active': 21, 'days_active_prog_start': 0, 'tagged': True, 'component': 'unknown', 'date_began': datetime.datetime(2019, 7, 12, 0, 0), 'date_tagged': datetime.datetime(2019, 7, 17, 8, 0), 'tagged_by_company': 'OGI', 'tagged_by_crew': 1, 'init_detect_by': 'OGI', 'init_detect_date': datetime.datetime(2019, 7, 17, 8, 0), 'requires_shutdown': False, 'date_repaired': datetime.datetime(2019, 8, 2, 16, 0), 'repair_delay': 16, 'OGI_sp_covered': 1}, {'leak_ID': 'ABRAND00966_0000000006', 'facility_ID': 'ABRAND00966', 'equipment_group': 3, 'rate': 0.04477428554506238, 'lat': 52.33, 'lon': -114.09, 'status': 'repaired', 'days_active': 19, 'days_active_prog_start': 0, 'tagged': True, 'component': 'unknown', 'date_began': datetime.datetime(2020, 9, 11, 0, 0), 'date_tagged': datetime.datetime(2020, 9, 14, 8, 0), 'tagged_by_company': 'OGI', 'tagged_by_crew': 1, 'init_detect_by': 'OGI', 'init_detect_date': datetime.datetime(2020, 9, 14, 8, 0), 'requires_shutdown': False, 'date_repaired': datetime.datetime(2020, 9, 30, 16, 0), 'repair_delay': 16, 'OGI_sp_covered': 1}, {'leak_ID': 'ABRAND00966_0000000007', 'facility_ID': 'ABRAND00966', 'equipment_group': 2, 'rate': 0.012408972797967013, 'lat': 52.33, 'lon': -114.09, 'status': 'repaired', 'days_active': 120, 'days_active_prog_start': 0, 'tagged': True, 'component': 'unknown', 'date_began': datetime.datetime(2021, 1, 2, 0, 0), 'date_tagged': datetime.datetime(2021, 5, 2, 0, 0), 'tagged_by_company': 'natural', 'tagged_by_crew': 1, 'init_detect_by': 'natural', 'init_detect_date': datetime.datetime(2021, 5, 2, 0, 0), 'requires_shutdown': False, 'date_repaired': datetime.datetime(2021, 5, 2, 16, 0), 'repair_delay': 0, 'OGI_sp_covered': 0}, {'leak_ID': 'ABRAND00966_0000000008', 'facility_ID': 'ABRAND00966', 'equipment_group': 3, 'rate': 0.015682357219504763, 'lat': 52.33, 'lon': -114.09, 'status': 'repaired', 'days_active': 120, 'days_active_prog_start': 0, 'tagged': True, 'component': 'unknown', 'date_began': datetime.datetime(2021, 6, 26, 0, 0), 'date_tagged': datetime.datetime(2021, 10, 24, 0, 0), 'tagged_by_company': 'natural', 'tagged_by_crew': 1, 'init_detect_by': 'natural', 'init_detect_date': datetime.datetime(2021, 10, 24, 0, 0), 'requires_shutdown': False, 'date_repaired': datetime.datetime(2021, 10, 24, 13, 30), 'repair_delay': 0, 'OGI_sp_covered': 1}]",[],1,False,,,,3,4,47,30,False,6,12,0,9,0.0,1128.5773232492315,0.3066132264529058,0.6287947112433773,0.6183985332872501
ABRAND00088,601,54.55,-119.53,5,6,2,2,2,120,1,30,20,120,1,lognorm,0.062287158377333125,[1.462],"['kilogram', 'hour']",<scipy.stats._distn_infrastructure.rv_frozen object at 0x000002073C01D1C8>,0,5,60,8576.198001701152,[],"[{'leak_ID': 'ABRAND00088_0000000000', 'facility_ID': 'ABRAND00088', 'equipment_group': 5, 'rate': 0.008126214818824966, 'lat': 54.55, 'lon': -119.53, 'status': 'repaired', 'days_active': 120, 'days_active_prog_start': 0, 'tagged': True, 'component': 'unknown', 'date_began': datetime.datetime(2017, 11, 28, 0, 0), 'date_tagged': datetime.datetime(2018, 3, 28, 0, 0), 'tagged_by_company': 'natural', 'tagged_by_crew': 1, 'init_detect_by': 'natural', 'init_detect_date': datetime.datetime(2018, 3, 28, 0, 0), 'requires_shutdown': False, 'date_repaired': datetime.datetime(2018, 3, 28, 16, 0), 'repair_delay': 0, 'OGI_sp_covered': 1}, {'leak_ID': 'ABRAND00088_0000000001', 'facility_ID': 'ABRAND00088', 'equipment_group': 3, 'rate': 0.04174364219894086, 'lat': 54.55, 'lon': -119.53, 'status': 'repaired', 'days_active': 75, 'days_active_prog_start': 0, 'tagged': True, 'component': 'unknown', 'date_began': datetime.datetime(2018, 3, 20, 0, 0), 'date_tagged': datetime.datetime(2018, 5, 18, 8, 0), 'tagged_by_company': 'OGI', 'tagged_by_crew': 2, 'init_detect_by': 'OGI', 'init_detect_date': datetime.datetime(2018, 5, 18, 8, 0), 'requires_shutdown': False, 'date_repaired': datetime.datetime(2018, 6, 3, 16, 0), 'repair_delay': 16, 'OGI_sp_covered': 1}, {'leak_ID': 'ABRAND00088_0000000002', 'facility_ID': 'ABRAND00088', 'equipment_group': 1, 'rate': 0.025224535269136414, 'lat': 54.55, 'lon': -119.53, 'status': 'repaired', 'days_active': 120, 'days_active_prog_start': 0, 'tagged': True, 'component': 'unknown', 'date_began': datetime.datetime(2019, 4, 10, 0, 0), 'date_tagged': datetime.datetime(2019, 8, 8, 0, 0), 'tagged_by_company': 'natural', 'tagged_by_crew': 1, 'init_detect_by': 'natural', 'init_detect_date': datetime.datetime(2019, 8, 8, 0, 0), 'requires_shutdown': False, 'date_repaired': datetime.datetime(2019, 8, 8, 16, 0), 'repair_delay': 0, 'OGI_sp_covered': 0}, {'leak_ID': 'ABRAND00088_0000000003', 'facility_ID': 'ABRAND00088', 'equipment_group': 3, 'rate': 1.3228811252193642, 'lat': 54.55, 'lon': -119.53, 'status': 'repaired', 'days_active': 68, 'days_active_prog_start': 0, 'tagged': True, 'component': 'unknown', 'date_began': datetime.datetime(2020, 9, 22, 0, 0), 'date_tagged': datetime.datetime(2020, 11, 13, 8, 0), 'tagged_by_company': 'OGI', 'tagged_by_crew': 2, 'init_detect_by': 'OGI', 'init_detect_date': datetime.datetime(2020, 11, 13, 8, 0), 'requires_shutdown': False, 'date_repaired': datetime.datetime(2020, 11, 29, 16, 0), 'repair_delay': 16, 'OGI_sp_covered': 1}, {'leak_ID': 'ABRAND00088_0000000004', 'facility_ID': 'ABRAND00088', 'equipment_group': 2, 'rate': 0.038118793951271795, 'lat': 54.55, 'lon': -119.53, 'status': 'repaired', 'days_active': 57, 'days_active_prog_start': 0, 'tagged': True, 'component': 'unknown', 'date_began': datetime.datetime(2021, 6, 6, 0, 0), 'date_tagged': datetime.datetime(2021, 7, 17, 8, 0), 'tagged_by_company': 'OGI', 'tagged_by_crew': 2, 'init_detect_by': 'OGI', 'init_detect_date': datetime.datetime(2021, 7, 17, 8, 0), 'requires_shutdown': False, 'date_repaired': datetime.datetime(2021, 8, 2, 16, 0), 'repair_delay': 16, 'OGI_sp_covered': 1}]",[],0,False,,,,2,4,47,30,False,6,2,0,5,0.0,8576.198001701152,0.30861723446893785,0.6308487130815018,4.699286576274604
ABRAND00729,351,52.94,-114.81,3,6,2,2,2,120,1,30,20,120,1,lognorm,0.062287158377333125,[1.462],"['kilogram', 'hour']",<scipy.stats._distn_infrastructure.rv_frozen object at 0x000002073C01D1C8>,0,4,60,524.715054690358,[],"[{'leak_ID': 'ABRAND00729_0000000000', 'facility_ID': 'ABRAND00729', 'equipment_group': 2, 'rate': 0.002975820650831708, 'lat': 52.94, 'lon': -114.81, 'status': 'repaired', 'days_active': 120, 'days_active_prog_start': 0, 'tagged': True, 'component': 'unknown', 'date_began': datetime.datetime(2017, 12, 16, 0, 0), 'date_tagged': datetime.datetime(2018, 4, 15, 0, 0), 'tagged_by_company': 'natural', 'tagged_by_crew': 1, 'init_detect_by': 'natural', 'init_detect_date': datetime.datetime(2018, 4, 15, 0, 0), 'requires_shutdown': False, 'date_repaired': datetime.datetime(2018, 4, 15, 16, 0), 'repair_delay': 0, 'OGI_sp_covered': 1}, {'leak_ID': 'ABRAND00729_0000000001', 'facility_ID': 'ABRAND00729', 'equipment_group': 3, 'rate': 0.019372277082804125, 'lat': 52.94, 'lon': -114.81, 'status': 'repaired', 'days_active': 120, 'days_active_prog_start': 0, 'tagged': True, 'component': 'unknown', 'date_began': datetime.datetime(2019, 7, 9, 0, 0), 'date_tagged': datetime.datetime(2019, 11, 6, 0, 0), 'tagged_by_company': 'natural', 'tagged_by_crew': 1, 'init_detect_by': 'natural', 'init_detect_date': datetime.datetime(2019, 11, 6, 0, 0), 'requires_shutdown': False, 'date_repaired': datetime.datetime(2019, 11, 6, 16, 0), 'repair_delay': 0, 'OGI_sp_covered': 1}, {'leak_ID': 'ABRAND00729_0000000002', 'facility_ID': 'ABRAND00729', 'equipment_group': 1, 'rate': 0.0009998049811888816, 'lat': 52.94, 'lon': -114.81, 'status': 'repaired', 'days_active': 120, 'days_active_prog_start': 0, 'tagged': True, 'component': 'unknown', 'date_began': datetime.datetime(2020, 9, 25, 0, 0), 'date_tagged': datetime.datetime(2021, 1, 23, 0, 0), 'tagged_by_company': 'natural', 'tagged_by_crew': 1, 'init_detect_by': 'natural', 'init_detect_date': datetime.datetime(2021, 1, 23, 0, 0), 'requires_shutdown': False, 'date_repaired': datetime.datetime(2021, 1, 23, 16, 0), 'repair_delay': 0, 'OGI_sp_covered': 1}, {'leak_ID': 'ABRAND00729_0000000003', 'facility_ID': 'ABRAND00729', 'equipment_group': 2, 'rate': 0.038944554583203166, 'lat': 52.94, 'lon': -114.81, 'status': 'repaired', 'days_active': 84, 'days_active_prog_start': 0, 'tagged': True, 'component': 'unknown', 'date_began': datetime.datetime(2021, 1, 10, 0, 0), 'date_tagged': datetime.datetime(2021, 3, 19, 8, 0), 'tagged_by_company': 'OGI', 'tagged_by_crew': 3, 'init_detect_by': 'OGI', 'init_detect_date': datetime.datetime(2021, 3, 19, 8, 0), 'requires_shutdown': False, 'date_repaired': datetime.datetime(2021, 4, 4, 16, 0), 'repair_delay': 16, 'OGI_sp_covered': 1}]",[],0,False,,,,2,4,47,30,False,6,6,0,4,0.0,524.715054690358,0.3106212424849699,0.6328987799129072,0.28751509846047013
ABRAND00096,601,55.35,-119.5,4,6,2,2,2,120,1,30,20,120,1,lognorm,0.062287158377333125,[1.462],"['kilogram', 'hour']",<scipy.stats._distn_infrastructure.rv_frozen object at 0x000002073C01D1C8>,0,3,60,2846.8086092199164,[],"[{'leak_ID': 'ABRAND00096_0000000000', 'facility_ID': 'ABRAND00096', 'equipment_group': 2, 'rate': 0.02645790102752864, 'lat': 55.35, 'lon': -119.5, 'status': 'repaired', 'days_active': 120, 'days_active_prog_start': 0, 'tagged': True, 'component': 'unknown', 'date_began': datetime.datetime(2017, 7, 11, 0, 0), 'date_tagged': datetime.datetime(2017, 11, 8, 0, 0), 'tagged_by_company': 'natural', 'tagged_by_crew': 1, 'init_detect_by': 'natural', 'init_detect_date': datetime.datetime(2017, 11, 8, 0, 0), 'requires_shutdown': False, 'date_repaired': datetime.datetime(2017, 11, 8, 16, 0), 'repair_delay': 0, 'OGI_sp_covered': 1}, {'leak_ID': 'ABRAND00096_0000000001', 'facility_ID': 'ABRAND00096', 'equipment_group': 4, 'rate': 0.3645769742179266, 'lat': 55.35, 'lon': -119.5, 'status': 'repaired', 'days_active': 45, 'days_active_prog_start': 0, 'tagged': True, 'component': 'unknown', 'date_began': datetime.datetime(2018, 12, 20, 0, 0), 'date_tagged': datetime.datetime(2019, 1, 18, 10, 30), 'tagged_by_company': 'OGI', 'tagged_by_crew': 1, 'init_detect_by': 'OGI', 'init_detect_date': datetime.datetime(2019, 1, 18, 10, 30), 'requires_shutdown': False, 'date_repaired': datetime.datetime(2019, 2, 3, 16, 0), 'repair_delay': 16, 'OGI_sp_covered': 1}, {'leak_ID': 'ABRAND00096_0000000002', 'facility_ID': 'ABRAND00096', 'equipment_group': 3, 'rate': 0.2844311011641057, 'lat': 55.35, 'lon': -119.5, 'status': 'repaired', 'days_active': 47, 'days_active_prog_start': 0, 'tagged': True, 'component': 'unknown', 'date_began': datetime.datetime(2019, 8, 15, 0, 0), 'date_tagged': datetime.datetime(2019, 9, 15, 10, 30), 'tagged_by_company': 'OGI', 'tagged_by_crew': 1, 'init_detect_by': 'OGI', 'init_detect_date': datetime.datetime(2019, 9, 15, 10, 30), 'requires_shutdown': False, 'date_repaired': datetime.datetime(2019, 10, 1, 16, 0), 'repair_delay': 16, 'OGI_sp_covered': 1}]",[],0,False,,,,1,4,47,30,False,6,2,0,3,0.0,2846.8086092199164,0.312625250501002,0.6349447366392319,1.5598951283396802
ABRAND00246,601,56.99,-118.03,4,6,2,2,2,120,1,30,20,120,1,lognorm,0.062287158377333125,[1.462],"['kilogram', 'hour']",<scipy.stats._distn_infrastructure.rv_frozen object at 0x000002073C01D1C8>,0,1,60,114.76530505175357,[],"[{'leak_ID': 'ABRAND00246_0000000000', 'facility_ID': 'ABRAND00246', 'equipment_group': 1, 'rate': 0.011069184515022527, 'lat': 56.99, 'lon': -118.03, 'status': 'repaired', 'days_active': 120, 'days_active_prog_start': 0, 'tagged': True, 'component': 'unknown', 'date_began': datetime.datetime(2020, 12, 24, 0, 0), 'date_tagged': datetime.datetime(2021, 4, 23, 0, 0), 'tagged_by_company': 'natural', 'tagged_by_crew': 1, 'init_detect_by': 'natural', 'init_detect_date': datetime.datetime(2021, 4, 23, 0, 0), 'requires_shutdown': False, 'date_repaired': datetime.datetime(2021, 4, 23, 16, 0), 'repair_delay': 0, 'OGI_sp_covered': 1}]",[],0,False,,,,1,4,47,30,False,6,1,0,1,0.0,114.76530505175357,0.31462925851703405,0.6369824706371888,0.0628850986584951
ABRAND00610,361,52.43,-115.29,3,6,2,2,2,120,1,30,20,120,1,lognorm,0.062287158377333125,[1.462],"['kilogram', 'hour']",<scipy.stats._distn_infrastructure.rv_frozen object at 0x000002073C01D1C8>,0,6,60,1502.995177973562,[],"[{'leak_ID': 'ABRAND00610_0000000000', 'facility_ID': 'ABRAND00610', 'equipment_group': 3, 'rate': 0.02822441308309763, 'lat': 52.43, 'lon': -115.29, 'status': 'repaired', 'days_active': 120, 'days_active_prog_start': 0, 'tagged': True, 'component': 'unknown', 'date_began': datetime.datetime(2017, 6, 6, 0, 0), 'date_tagged': datetime.datetime(2017, 10, 4, 0, 0), 'tagged_by_company': 'natural', 'tagged_by_crew': 1, 'init_detect_by': 'natural', 'init_detect_date': datetime.datetime(2017, 10, 4, 0, 0), 'requires_shutdown': False, 'date_repaired': datetime.datetime(2017, 10, 4, 16, 0), 'repair_delay': 0, 'OGI_sp_covered': 0}, {'leak_ID': 'ABRAND00610_0000000001', 'facility_ID': 'ABRAND00610', 'equipment_group': 2, 'rate': 0.019318313282366856, 'lat': 52.43, 'lon': -115.29, 'status': 'repaired', 'days_active': 120, 'days_active_prog_start': 0, 'tagged': True, 'component': 'unknown', 'date_began': datetime.datetime(2018, 5, 31, 0, 0), 'date_tagged': datetime.datetime(2018, 9, 28, 0, 0), 'tagged_by_company': 'natural', 'tagged_by_crew': 1, 'init_detect_by': 'natural', 'init_detect_date': datetime.datetime(2018, 9, 28, 0, 0), 'requires_shutdown': False, 'date_repaired': datetime.datetime(2018, 9, 28, 16, 0), 'repair_delay': 0, 'OGI_sp_covered': 1}, {'leak_ID': 'ABRAND00610_0000000002', 'facility_ID': 'ABRAND00610', 'equipment_group': 1, 'rate': 0.0019361833662093458, 'lat': 52.43, 'lon': -115.29, 'status': 'repaired', 'days_active': 120, 'days_active_prog_start': 0, 'tagged': True, 'component': 'unknown', 'date_began': datetime.datetime(2019, 10, 29, 0, 0), 'date_tagged': datetime.datetime(2020, 2, 26, 0, 0), 'tagged_by_company': 'natural', 'tagged_by_crew': 1, 'init_detect_by': 'natural', 'init_detect_date': datetime.datetime(2020, 2, 26, 0, 0), 'requires_shutdown': False, 'date_repaired': datetime.datetime(2020, 2, 26, 13, 30), 'repair_delay': 0, 'OGI_sp_covered': 1}, {'leak_ID': 'ABRAND00610_0000000003', 'facility_ID': 'ABRAND00610', 'equipment_group': 1, 'rate': 0.06616360392627475, 'lat': 52.43, 'lon': -115.29, 'status': 'repaired', 'days_active': 60, 'days_active_prog_start': 0, 'tagged': True, 'component': 'unknown', 'date_began': datetime.datetime(2020, 9, 30, 0, 0), 'date_tagged': datetime.datetime(2020, 11, 13, 10, 30), 'tagged_by_company': 'OGI', 'tagged_by_crew': 3, 'init_detect_by': 'OGI', 'init_detect_date': datetime.datetime(2020, 11, 13, 10, 30), 'requires_shutdown': False, 'date_repaired': datetime.datetime(2020, 11, 29, 16, 0), 'repair_delay': 16, 'OGI_sp_covered': 1}, {'leak_ID': 'ABRAND00610_0000000004', 'facility_ID': 'ABRAND00610', 'equipment_group': 2, 'rate': 0.03210574936666924, 'lat': 52.43, 'lon': -115.29, 'status': 'repaired', 'days_active': 120, 'days_active_prog_start': 0, 'tagged': True, 'component': 'unknown', 'date_began': datetime.datetime(2021, 4, 29, 0, 0), 'date_tagged': datetime.datetime(2021, 8, 27, 0, 0), 'tagged_by_company': 'natural', 'tagged_by_crew': 1, 'init_detect_by': 'natural', 'init_detect_date': datetime.datetime(2021, 8, 27, 0, 0), 'requires_shutdown': False, 'date_repaired': datetime.datetime(2021, 8, 27, 0, 0), 'repair_delay': 0, 'OGI_sp_covered': 1}, {'leak_ID': 'ABRAND00610_0000000005', 'facility_ID': 'ABRAND00610', 'equipment_group': 2, 'rate': 0.0302983516288708, 'lat': 52.43, 'lon': -115.29, 'status': 'repaired', 'days_active': 120, 'days_active_prog_start': 0, 'tagged': True, 'component': 'unknown', 'date_began': datetime.datetime(2021, 8, 2, 0, 0), 'date_tagged': datetime.datetime(2021, 11, 30, 0, 0), 'tagged_by_company': 'natural', 'tagged_by_crew': 1, 'init_detect_by': 'natural', 'init_detect_date': datetime.datetime(2021, 11, 30, 0, 0), 'requires_shutdown': False, 'date_repaired': datetime.datetime(2021, 11, 30, 16, 0), 'repair_delay': 0, 'OGI_sp_covered': 1}]",[],0,False,,,,3,4,47,30,False,6,7,0,6,0.0,1502.995177973562,0.3166332665330661,0.6389897317609066,0.823559001629349
ABRAND00927,601,52.42,-114.19,5,6,2,2,2,120,1,30,20,120,1,lognorm,0.062287158377333125,[1.462],"['kilogram', 'hour']",<scipy.stats._distn_infrastructure.rv_frozen object at 0x000002073C01D1C8>,0,6,60,783.3553093696119,"[{'leak_ID': 'ABRAND00927_0000000005', 'facility_ID': 'ABRAND00927', 'equipment_group': 2, 'rate': 0.005843997203049493, 'lat': 52.42, 'lon': -114.19, 'status': 'active', 'days_active': 117, 'days_active_prog_start': 0, 'tagged': False, 'component': 'unknown', 'date_began': datetime.datetime(2021, 9, 4, 0, 0), 'date_tagged': None, 'tagged_by_company': None, 'tagged_by_crew': None, 'init_detect_by': None, 'init_detect_date': None, 'requires_shutdown': False, 'date_repaired': None, 'repair_delay': None, 'OGI_sp_covered': 1}]","[{'leak_ID': 'ABRAND00927_0000000000', 'facility_ID': 'ABRAND00927', 'equipment_group': 2, 'rate': 0.006637196971929364, 'lat': 52.42, 'lon': -114.19, 'status': 'repaired', 'days_active': 120, 'days_active_prog_start': 0, 'tagged': True, 'component': 'unknown', 'date_began': datetime.datetime(2017, 9, 19, 0, 0), 'date_tagged': datetime.datetime(2018, 1, 17, 0, 0), 'tagged_by_company': 'natural', 'tagged_by_crew': 1, 'init_detect_by': 'natural', 'init_detect_date': datetime.datetime(2018, 1, 17, 0, 0), 'requires_shutdown': False, 'date_repaired': datetime.datetime(2018, 1, 17, 16, 0), 'repair_delay': 0, 'OGI_sp_covered': 1}, {'leak_ID': 'ABRAND00927_0000000001', 'facility_ID': 'ABRAND00927', 'equipment_group': 2, 'rate': 0.02438621950304102, 'lat': 52.42, 'lon': -114.19, 'status': 'repaired', 'days_active': 120, 'days_active_prog_start': 0, 'tagged': True, 'component': 'unknown', 'date_began': datetime.datetime(2017, 11, 25, 0, 0), 'date_tagged': datetime.datetime(2018, 3, 25, 0, 0), 'tagged_by_company': 'natural', 'tagged_by_crew': 1, 'init_detect_by': 'natural', 'init_detect_date': datetime.datetime(2018, 3, 25, 0, 0), 'requires_shutdown': False, 'date_repaired': datetime.datetime(2018, 3, 25, 16, 0), 'repair_delay': 0, 'OGI_sp_covered': 1}, {'leak_ID': 'ABRAND00927_0000000002', 'facility_ID': 'ABRAND00927', 'equipment_group': 5, 'rate': 0.06404668101279483, 'lat': 52.42, 'lon': -114.19, 'status': 'repaired', 'days_active': 29, 'days_active_prog_start': 0, 'tagged': True, 'component': 'unknown', 'date_began': datetime.datetime(2019, 11, 1, 0, 0), 'date_tagged': datetime.datetime(2019, 11, 14, 13, 0), 'tagged_by_company': 'OGI', 'tagged_by_crew': 1, 'init_detect_by': 'OGI', 'init_detect_date': datetime.datetime(2019, 11, 14, 13, 0), 'requires_shutdown': False, 'date_repaired': datetime.datetime(2019, 11, 30, 16, 0), 'repair_delay': 16, 'OGI_sp_covered': 1}, {'leak_ID': 'ABRAND00927_0000000003', 'facility_ID': 'ABRAND00927', 'equipment_group': 1, 'rate': 0.009245428282177653, 'lat': 52.42, 'lon': -114.19, 'status': 'repaired', 'days_active': 120, 'days_active_prog_start': 0, 'tagged': True, 'component': 'unknown', 'date_began': datetime.datetime(2020, 3, 19, 0, 0), 'date_tagged': datetime.datetime(2020, 7, 17, 0, 0), 'tagged_by_company': 'natural', 'tagged_by_crew': 1, 'init_detect_by': 'natural', 'init_detect_date': datetime.datetime(2020, 7, 17, 0, 0), 'requires_shutdown': False, 'date_repaired': datetime.datetime(2020, 7, 17, 16, 0), 'repair_delay': 0, 'OGI_sp_covered': 1}, {'leak_ID': 'ABRAND00927_0000000004', 'facility_ID': 'ABRAND00927', 'equipment_group': 3, 'rate': 0.014110413199812457, 'lat': 52.42, 'lon': -114.19, 'status': 'repaired', 'days_active': 120, 'days_active_prog_start': 0, 'tagged': True, 'component': 'unknown', 'date_began': datetime.datetime(2020, 10, 30, 0, 0), 'date_tagged': datetime.datetime(2021, 2, 27, 0, 0), 'tagged_by_company': 'natural', 'tagged_by_crew': 1, 'init_detect_by': 'natural', 'init_detect_date': datetime.datetime(2021, 2, 27, 0, 0), 'requires_shutdown': False, 'date_repaired': datetime.datetime(2021, 2, 27, 0, 0), 'repair_delay': 0, 'OGI_sp_covered': 1}]",[],0,False,,,,3,4,47,30,False,6,9,1,5,59.07579892618672,724.2795104434251,0.3186372745490982,0.6409960692021837,0.4292357859559517
ABRAND00157,351,54.56,-119.09,5,6,2,2,2,120,1,30,20,120,1,lognorm,0.062287158377333125,[1.462],"['kilogram', 'hour']",<scipy.stats._distn_infrastructure.rv_frozen object at 0x000002073C01D1C8>,0,3,60,374.3670804936278,[],"[{'leak_ID': 'ABRAND00157_0000000000', 'facility_ID': 'ABRAND00157', 'equipment_group': 3, 'rate': 0.01257081856858523, 'lat': 54.56, 'lon': -119.09, 'status': 'repaired', 'days_active': 120, 'days_active_prog_start': 0, 'tagged': True, 'component': 'unknown', 'date_began': datetime.datetime(2017, 5, 12, 0, 0), 'date_tagged': datetime.datetime(2017, 9, 9, 0, 0), 'tagged_by_company': 'natural', 'tagged_by_crew': 1, 'init_detect_by': 'natural', 'init_detect_date': datetime.datetime(2017, 9, 9, 0, 0), 'requires_shutdown': False, 'date_repaired': datetime.datetime(2017, 9, 9, 16, 0), 'repair_delay': 0, 'OGI_sp_covered': 1}, {'leak_ID': 'ABRAND00157_0000000001', 'facility_ID': 'ABRAND00157', 'equipment_group': 3, 'rate': 0.01565800106719216, 'lat': 54.56, 'lon': -119.09, 'status': 'repaired', 'days_active': 120, 'days_active_prog_start': 0, 'tagged': True, 'component': 'unknown', 'date_began': datetime.datetime(2019, 11, 16, 0, 0), 'date_tagged': datetime.datetime(2020, 3, 15, 0, 0), 'tagged_by_company': 'natural', 'tagged_by_crew': 1, 'init_detect_by': 'natural', 'init_detect_date': datetime.datetime(2020, 3, 15, 0, 0), 'requires_shutdown': False, 'date_repaired': datetime.datetime(2020, 3, 15, 16, 0), 'repair_delay': 0, 'OGI_sp_covered': 1}, {'leak_ID': 'ABRAND00157_0000000002', 'facility_ID': 'ABRAND00157', 'equipment_group': 3, 'rate': 0.007879116368623436, 'lat': 54.56, 'lon': -119.09, 'status': 'repaired', 'days_active': 120, 'days_active_prog_start': 0, 'tagged': True, 'component': 'unknown', 'date_began': datetime.datetime(2020, 8, 7, 0, 0), 'date_tagged': datetime.datetime(2020, 12, 5, 0, 0), 'tagged_by_company': 'natural', 'tagged_by_crew': 1, 'init_detect_by': 'natural', 'init_detect_date': datetime.datetime(2020, 12, 5, 0, 0), 'requires_shutdown': False, 'date_repaired': datetime.datetime(2020, 12, 5, 16, 0), 'repair_delay': 0, 'OGI_sp_covered': 1}]",[],0,False,,,,2,4,47,30,False,6,5,0,3,0.0,374.3670804936278,0.32064128256513025,0.6429976970560041,0.20513264684582344
ABRAND00770,601,52.68,-114.61,2,6,2,2,2,120,1,30,20,120,1,lognorm,0.062287158377333125,[1.462],"['kilogram', 'hour']",<scipy.stats._distn_infrastructure.rv_frozen object at 0x000002073C01D1C8>,0,3,60,702.1235701023813,"[{'leak_ID': 'ABRAND00770_0000000002', 'facility_ID': 'ABRAND00770', 'equipment_group': 1, 'rate': 0.0199202914953567, 'lat': 52.68, 'lon': -114.61, 'status': 'active', 'days_active': 102, 'days_active_prog_start': 0, 'tagged': False, 'component': 'unknown', 'date_began': datetime.datetime(2021, 9, 19, 0, 0), 'date_tagged': None, 'tagged_by_company': None, 'tagged_by_crew': None, 'init_detect_by': None, 'init_detect_date': None, 'requires_shutdown': False, 'date_repaired': None, 'repair_delay': None, 'OGI_sp_covered': 1}]","[{'leak_ID': 'ABRAND00770_0000000000', 'facility_ID': 'ABRAND00770', 'equipment_group': 1, 'rate': 0.06670010395616174, 'lat': 52.68, 'lon': -114.61, 'status': 'repaired', 'days_active': 63, 'days_active_prog_start': 0, 'tagged': True, 'component': 'unknown', 'date_began': datetime.datetime(2019, 9, 28, 0, 0), 'date_tagged': datetime.datetime(2019, 11, 14, 13, 0), 'tagged_by_company': 'OGI', 'tagged_by_crew': 3, 'init_detect_by': 'OGI', 'init_detect_date': datetime.datetime(2019, 11, 14, 13, 0), 'requires_shutdown': False, 'date_repaired': datetime.datetime(2019, 11, 30, 16, 0), 'repair_delay': 16, 'OGI_sp_covered': 1}, {'leak_ID': 'ABRAND00770_0000000001', 'facility_ID': 'ABRAND00770', 'equipment_group': 1, 'rate': 0.01577044939794774, 'lat': 52.68, 'lon': -114.61, 'status': 'repaired', 'days_active': 120, 'days_active_prog_start': 0, 'tagged': True, 'component': 'unknown', 'date_began': datetime.datetime(2019, 12, 8, 0, 0), 'date_tagged': datetime.datetime(2020, 4, 6, 0, 0), 'tagged_by_company': 'natural', 'tagged_by_crew': 1, 'init_detect_by': 'natural', 'init_detect_date': datetime.datetime(2020, 4, 6, 0, 0), 'requires_shutdown': False, 'date_repaired': datetime.datetime(2020, 4, 6, 16, 0), 'repair_delay': 0, 'OGI_sp_covered': 1}]",[],0,False,,,,3,4,47,30,False,6,3,1,2,175.55354489027954,526.5700252121018,0.3226452905811623,0.644992815607737,0.3847252438917158
ABRAND00709,351,52.72,-114.93,1,6,2,2,2,120,1,30,20,120,1,lognorm,0.062287158377333125,[1.462],"['kilogram', 'hour']",<scipy.stats._distn_infrastructure.rv_frozen object at 0x000002073C01D1C8>,0,4,60,2150.839282697612,[],"[{'leak_ID': 'ABRAND00709_0000000000', 'facility_ID': 'ABRAND00709', 'equipment_group': 1, 'rate': 0.008881402130240027, 'lat': 52.72, 'lon': -114.93, 'status': 'repaired', 'days_active': 120, 'days_active_prog_start': 0, 'tagged': True, 'component': 'unknown', 'date_began': datetime.datetime(2017, 8, 7, 0, 0), 'date_tagged': datetime.datetime(2017, 12, 5, 0, 0), 'tagged_by_company': 'natural', 'tagged_by_crew': 1, 'init_detect_by': 'natural', 'init_detect_date': datetime.datetime(2017, 12, 5, 0, 0), 'requires_shutdown': False, 'date_repaired': datetime.datetime(2017, 12, 5, 16, 0), 'repair_delay': 0, 'OGI_sp_covered': 1}, {'leak_ID': 'ABRAND00709_0000000001', 'facility_ID': 'ABRAND00709', 'equipment_group': 1, 'rate': 0.17964957304540402, 'lat': 52.72, 'lon': -114.93, 'status': 'repaired', 'days_active': 120, 'days_active_prog_start': 0, 'tagged': True, 'component': 'unknown', 'date_began': datetime.datetime(2018, 7, 24, 0, 0), 'date_tagged': datetime.datetime(2018, 11, 21, 0, 0), 'tagged_by_company': 'natural', 'tagged_by_crew': 1, 'init_detect_by': 'OGI', 'init_detect_date': datetime.datetime(2018, 11, 15, 8, 0), 'requires_shutdown': False, 'date_repaired': datetime.datetime(2018, 11, 21, 16, 0), 'repair_delay': 0, 'OGI_sp_covered': 1}, {'leak_ID': 'ABRAND00709_0000000002', 'facility_ID': 'ABRAND00709', 'equipment_group': 1, 'rate': 0.01683383752820461, 'lat': 52.72, 'lon': -114.93, 'status': 'repaired', 'days_active': 120, 'days_active_prog_start': 0, 'tagged': True, 'component': 'unknown', 'date_began': datetime.datetime(2018, 7, 29, 0, 0), 'date_tagged': datetime.datetime(2018, 11, 26, 0, 0), 'tagged_by_company': 'natural', 'tagged_by_crew': 1, 'init_detect_by': 'natural', 'init_detect_date': datetime.datetime(2018, 11, 26, 0, 0), 'requires_shutdown': False, 'date_repaired': datetime.datetime(2018, 11, 26, 16, 0), 'repair_delay': 0, 'OGI_sp_covered': 1}, {'leak_ID': 'ABRAND00709_0000000003', 'facility_ID': 'ABRAND00709', 'equipment_group': 1, 'rate': 0.002084963790905565, 'lat': 52.72, 'lon': -114.93, 'status': 'repaired', 'days_active': 120, 'days_active_prog_start': 0, 'tagged': True, 'component': 'unknown', 'date_began': datetime.datetime(2021, 5, 26, 0, 0), 'date_tagged': datetime.datetime(2021, 9, 23, 0, 0), 'tagged_by_company': 'natural', 'tagged_by_crew': 1, 'init_detect_by': 'natural', 'init_detect_date': datetime.datetime(2021, 9, 23, 0, 0), 'requires_shutdown': False, 'date_repaired': datetime.datetime(2021, 9, 23, 16, 0), 'repair_delay': 0, 'OGI_sp_covered': 1}]",[],0,False,,,,3,4,46,30,False,6,6,0,4,0.0,2150.839282697612,0.3246492985971944,0.6469622812177972,1.1785420727110203
ABRAND00118,311,55.33,-119.33,3,6,2,2,2,120,1,30,20,120,1,lognorm,0.062287158377333125,[1.462],"['kilogram', 'hour']",<scipy.stats._distn_infrastructure.rv_frozen object at 0x000002073C01D1C8>,0,5,60,1580.6966158324924,[],"[{'leak_ID': 'ABRAND00118_0000000000', 'facility_ID': 'ABRAND00118', 'equipment_group': 2, 'rate': 0.02103216280437542, 'lat': 55.33, 'lon': -119.33, 'status': 'repaired', 'days_active': 120, 'days_active_prog_start': 0, 'tagged': True, 'component': 'unknown', 'date_began': datetime.datetime(2017, 12, 14, 0, 0), 'date_tagged': datetime.datetime(2018, 4, 13, 0, 0), 'tagged_by_company': 'natural', 'tagged_by_crew': 1, 'init_detect_by': 'natural', 'init_detect_date': datetime.datetime(2018, 4, 13, 0, 0), 'requires_shutdown': False, 'date_repaired': datetime.datetime(2018, 4, 13, 16, 0), 'repair_delay': 0, 'OGI_sp_covered': 1}, {'leak_ID': 'ABRAND00118_0000000001', 'facility_ID': 'ABRAND00118', 'equipment_group': 3, 'rate': 0.24135289541415922, 'lat': 55.33, 'lon': -119.33, 'status': 'repaired', 'days_active': 17, 'days_active_prog_start': 0, 'tagged': True, 'component': 'unknown', 'date_began': datetime.datetime(2019, 1, 18, 0, 0), 'date_tagged': datetime.datetime(2019, 1, 19, 8, 0), 'tagged_by_company': 'OGI', 'tagged_by_crew': 2, 'init_detect_by': 'OGI', 'init_detect_date': datetime.datetime(2019, 1, 19, 8, 0), 'requires_shutdown': False, 'date_repaired': datetime.datetime(2019, 2, 4, 16, 0), 'repair_delay': 16, 'OGI_sp_covered': 1}, {'leak_ID': 'ABRAND00118_0000000002', 'facility_ID': 'ABRAND00118', 'equipment_group': 2, 'rate': 0.16664973045402212, 'lat': 55.33, 'lon': -119.33, 'status': 'repaired', 'days_active': 49, 'days_active_prog_start': 0, 'tagged': True, 'component': 'unknown', 'date_began': datetime.datetime(2019, 2, 15, 0, 0), 'date_tagged': datetime.datetime(2019, 3, 20, 8, 0), 'tagged_by_company': 'OGI', 'tagged_by_crew': 2, 'init_detect_by': 'OGI', 'init_detect_date': datetime.datetime(2019, 3, 20, 8, 0), 'requires_shutdown': False, 'date_repaired': datetime.datetime(2019, 4, 5, 16, 0), 'repair_delay': 16, 'OGI_sp_covered': 1}, {'leak_ID': 'ABRAND00118_0000000003', 'facility_ID': 'ABRAND00118', 'equipment_group': 1, 'rate': 0.039988175765896354, 'lat': 55.33, 'lon': -119.33, 'status': 'repaired', 'days_active': 40, 'days_active_prog_start': 0, 'tagged': True, 'component': 'unknown', 'date_began': datetime.datetime(2019, 2, 24, 0, 0), 'date_tagged': datetime.datetime(2019, 3, 20, 8, 0), 'tagged_by_company': 'OGI', 'tagged_by_crew': 2, 'init_detect_by': 'OGI', 'init_detect_date': datetime.datetime(2019, 3, 20, 8, 0), 'requires_shutdown': False, 'date_repaired': datetime.datetime(2019, 4, 5, 16, 0), 'repair_delay': 16, 'OGI_sp_covered': 1}, {'leak_ID': 'ABRAND00118_0000000004', 'facility_ID': 'ABRAND00118', 'equipment_group': 1, 'rate': 0.015857309490289833, 'lat': 55.33, 'lon': -119.33, 'status': 'repaired', 'days_active': 120, 'days_active_prog_start': 0, 'tagged': True, 'component': 'unknown', 'date_began': datetime.datetime(2020, 9, 26, 0, 0), 'date_tagged': datetime.datetime(2021, 1, 24, 0, 0), 'tagged_by_company': 'natural', 'tagged_by_crew': 1, 'init_detect_by': 'natural', 'init_detect_date': datetime.datetime(2021, 1, 24, 0, 0), 'requires_shutdown': False, 'date_repaired': datetime.datetime(2021, 1, 24, 16, 0), 'repair_delay': 0, 'OGI_sp_covered': 1}]",[],0,False,,,,1,4,46,30,False,6,3,0,5,0.0,1580.6966158324924,0.32665330661322645,0.648931595072731,0.8661351319630095
ABRAND01068,601,51.66,-112.62,1,6,2,2,2,120,1,30,20,120,1,lognorm,0.062287158377333125,[1.462],"['kilogram', 'hour']",<scipy.stats._distn_infrastructure.rv_frozen object at 0x000002073C01D1C8>,0,7,60,1978.3826499386432,"[{'leak_ID': 'ABRAND01068_0000000006', 'facility_ID': 'ABRAND01068', 'equipment_group': 1, 'rate': 0.10744655418963905, 'lat': 51.66, 'lon': -112.62, 'status': 'active', 'days_active': 103, 'days_active_prog_start': 0, 'tagged': False, 'component': 'unknown', 'date_began': datetime.datetime(2021, 9, 18, 0, 0), 'date_tagged': None, 'tagged_by_company': None, 'tagged_by_crew': None, 'init_detect_by': None, 'init_detect_date': None, 'requires_shutdown': False, 'date_repaired': None, 'repair_delay': None, 'OGI_sp_covered': 1}]","[{'leak_ID': 'ABRAND01068_0000000000', 'facility_ID': 'ABRAND01068', 'equipment_group': 1, 'rate': 0.0033057129058955714, 'lat': 51.66, 'lon': -112.62, 'status': 'repaired', 'days_active': 120, 'days_active_prog_start': 0, 'tagged': True, 'component': 'unknown', 'date_began': datetime.datetime(2017, 8, 29, 0, 0), 'date_tagged': datetime.datetime(2017, 12, 27, 0, 0), 'tagged_by_company': 'natural', 'tagged_by_crew': 1, 'init_detect_by': 'natural', 'init_detect_date': datetime.datetime(2017, 12, 27, 0, 0), 'requires_shutdown': False, 'date_repaired': datetime.datetime(2017, 12, 27, 16, 0), 'repair_delay': 0, 'OGI_sp_covered': 1}, {'leak_ID': 'ABRAND01068_0000000001', 'facility_ID': 'ABRAND01068', 'equipment_group': 1, 'rate': 0.02585395454546048, 'lat': 51.66, 'lon': -112.62, 'status': 'repaired', 'days_active': 120, 'days_active_prog_start': 0, 'tagged': True, 'component': 'unknown', 'date_began': datetime.datetime(2018, 5, 20, 0, 0), 'date_tagged': datetime.datetime(2018, 9, 17, 0, 0), 'tagged_by_company': 'natural', 'tagged_by_crew': 1, 'init_detect_by': 'natural', 'init_detect_date': datetime.datetime(2018, 9, 17, 0, 0), 'requires_shutdown': False, 'date_repaired': datetime.datetime(2018, 9, 17, 16, 0), 'repair_delay': 0, 'OGI_sp_covered': 1}, {'leak_ID': 'ABRAND01068_0000000002', 'facility_ID': 'ABRAND01068', 'equipment_group': 1, 'rate': 0.009998754690127436, 'lat': 51.66, 'lon': -112.62, 'status': 'repaired', 'days_active': 120, 'days_active_prog_start': 0, 'tagged': True, 'component': 'unknown', 'date_began': datetime.datetime(2018, 9, 14, 0, 0), 'date_tagged': datetime.datetime(2019, 1, 12, 0, 0), 'tagged_by_company': 'natural', 'tagged_by_crew': 1, 'init_detect_by': 'natural', 'init_detect_date': datetime.datetime(2019, 1, 12, 0, 0), 'requires_shutdown': False, 'date_repaired': datetime.datetime(2019, 1, 12, 16, 0), 'repair_delay': 0, 'OGI_sp_covered': 0}, {'leak_ID': 'ABRAND01068_0000000003', 'facility_ID': 'ABRAND01068', 'equipment_group': 1, 'rate': 0.01284755884039681, 'lat': 51.66, 'lon': -112.62, 'status': 'repaired', 'days_active': 120, 'days_active_prog_start': 0, 'tagged': True, 'component': 'unknown', 'date_began': datetime.datetime(2020, 8, 27, 0, 0), 'date_tagged': datetime.datetime(2020, 12, 25, 0, 0), 'tagged_by_company': 'natural', 'tagged_by_crew': 1, 'init_detect_by': 'natural', 'init_detect_date': datetime.datetime(2020, 12, 25, 0, 0), 'requires_shutdown': False, 'date_repaired': datetime.datetime(2020, 12, 25, 0, 0), 'repair_delay': 0, 'OGI_sp_covered': 1}, {'leak_ID': 'ABRAND01068_0000000004', 'facility_ID': 'ABRAND01068', 'equipment_group': 1, 'rate': 0.07482666222698339, 'lat': 51.66, 'lon': -112.62, 'status': 'repaired', 'days_active': 72, 'days_active_prog_start': 0, 'tagged': True, 'component': 'unknown', 'date_began': datetime.datetime(2021, 1, 23, 0, 0), 'date_tagged': datetime.datetime(2021, 3, 20, 8, 0), 'tagged_by_company': 'OGI', 'tagged_by_crew': 3, 'init_detect_by': 'OGI', 'init_detect_date': datetime.datetime(2021, 3, 20, 8, 0), 'requires_shutdown': False, 'date_repaired': datetime.datetime(2021, 4, 5, 16, 0), 'repair_delay': 16, 'OGI_sp_covered': 1}, {'leak_ID': 'ABRAND01068_0000000005', 'facility_ID': 'ABRAND01068', 'equipment_group': 1, 'rate': 0.0016892904795962583, 'lat': 51.66, 'lon': -112.62, 'status': 'repaired', 'days_active': 120, 'days_active_prog_start': 0, 'tagged': True, 'component': 'unknown', 'date_began': datetime.datetime(2021, 3, 27, 0, 0), 'date_tagged': datetime.datetime(2021, 7, 25, 0, 0), 'tagged_by_company': 'natural', 'tagged_by_crew': 1, 'init_detect_by': 'natural', 'init_detect_date': datetime.datetime(2021, 7, 25, 0, 0), 'requires_shutdown': False, 'date_repaired': datetime.datetime(2021, 7, 25, 16, 0), 'repair_delay': 0, 'OGI_sp_covered': 1}]",[],0,False,,,,3,4,46,30,False,6,8,1,6,956.1883750444358,1022.1942748942073,0.3286573146292585,0.6508998580397264,1.0840452876376128
ABRAND00563,311,53.0,-115.5,3,6,2,2,2,120,1,30,20,120,1,lognorm,0.062287158377333125,[1.462],"['kilogram', 'hour']",<scipy.stats._distn_infrastructure.rv_frozen object at 0x000002073C01D1C8>,0,6,60,742.2006758646235,"[{'leak_ID': 'ABRAND00563_0000000005', 'facility_ID': 'ABRAND00563', 'equipment_group': 3, 'rate': 0.028541394020537385, 'lat': 53.0, 'lon': -115.5, 'status': 'active', 'days_active': 14, 'days_active_prog_start': 0, 'tagged': False, 'component': 'unknown', 'date_began': datetime.datetime(2021, 12, 16, 0, 0), 'date_tagged': None, 'tagged_by_company': None, 'tagged_by_crew': None, 'init_detect_by': None, 'init_detect_date': None, 'requires_shutdown': False, 'date_repaired': None, 'repair_delay': None}]","[{'leak_ID': 'ABRAND00563_0000000000', 'facility_ID': 'ABRAND00563', 'equipment_group': 3, 'rate': 0.0025597292202358514, 'lat': 53.0, 'lon': -115.5, 'status': 'repaired', 'days_active': 120, 'days_active_prog_start': 0, 'tagged': True, 'component': 'unknown', 'date_began': datetime.datetime(2018, 6, 3, 0, 0), 'date_tagged': datetime.datetime(2018, 10, 1, 0, 0), 'tagged_by_company': 'natural', 'tagged_by_crew': 1, 'init_detect_by': 'natural', 'init_detect_date': datetime.datetime(2018, 10, 1, 0, 0), 'requires_shutdown': False, 'date_repaired': datetime.datetime(2018, 10, 1, 16, 0), 'repair_delay': 0, 'OGI_sp_covered': 1}, {'leak_ID': 'ABRAND00563_0000000001', 'facility_ID': 'ABRAND00563', 'equipment_group': 3, 'rate': 0.007224529472503453, 'lat': 53.0, 'lon': -115.5, 'status': 'repaired', 'days_active': 120, 'days_active_prog_start': 0, 'tagged': True, 'component': 'unknown', 'date_began': datetime.datetime(2018, 8, 16, 0, 0), 'date_tagged': datetime.datetime(2018, 12, 14, 0, 0), 'tagged_by_company': 'natural', 'tagged_by_crew': 1, 'init_detect_by': 'natural', 'init_detect_date': datetime.datetime(2018, 12, 14, 0, 0), 'requires_shutdown': False, 'date_repaired': datetime.datetime(2018, 12, 14, 16, 0), 'repair_delay': 0, 'OGI_sp_covered': 1}, {'leak_ID': 'ABRAND00563_0000000002', 'facility_ID': 'ABRAND00563', 'equipment_group': 1, 'rate': 0.013020732046303793, 'lat': 53.0, 'lon': -115.5, 'status': 'repaired', 'days_active': 120, 'days_active_prog_start': 0, 'tagged': True, 'component': 'unknown', 'date_began': datetime.datetime(2019, 8, 24, 0, 0), 'date_tagged': datetime.datetime(2019, 12, 22, 0, 0), 'tagged_by_company': 'natural', 'tagged_by_crew': 1, 'init_detect_by': 'natural', 'init_detect_date': datetime.datetime(2019, 12, 22, 0, 0), 'requires_shutdown': False, 'date_repaired': datetime.datetime(2019, 12, 22, 16, 0), 'repair_delay': 0, 'OGI_sp_covered': 1}, {'leak_ID': 'ABRAND00563_0000000004', 'facility_ID': 'ABRAND00563', 'equipment_group': 2, 'rate': 0.09536985868028666, 'lat': 53.0, 'lon': -115.5, 'status': 'repaired', 'days_active': 46, 'days_active_prog_start': 0, 'tagged': True, 'component': 'unknown', 'date_began': datetime.datetime(2021, 10, 16, 0, 0), 'date_tagged': datetime.datetime(2021, 11, 15, 10, 30), 'tagged_by_company': 'OGI', 'tagged_by_crew': 1, 'init_detect_by': 'OGI', 'init_detect_date': datetime.datetime(2021, 11, 15, 10, 30), 'requires_shutdown': False, 'date_repaired': datetime.datetime(2021, 12, 1, 16, 0), 'repair_delay': 16, 'OGI_sp_covered': 1}, {'leak_ID': 'ABRAND00563_0000000003', 'facility_ID': 'ABRAND00563', 'equipment_group': 2, 'rate': 0.008892447466825937, 'lat': 53.0, 'lon': -115.5, 'status': 'repaired', 'days_active': 120, 'days_active_prog_start': 0, 'tagged': True, 'component': 'unknown', 'date_began': datetime.datetime(2021, 8, 28, 0, 0), 'date_tagged': datetime.datetime(2021, 12, 26, 0, 0), 'tagged_by_company': 'natural', 'tagged_by_crew': 1, 'init_detect_by': 'natural', 'init_detect_date': datetime.datetime(2021, 12, 26, 0, 0), 'requires_shutdown': False, 'date_repaired': datetime.datetime(2021, 12, 26, 0, 0), 'repair_delay': 0, 'OGI_sp_covered': 1}]",[],0,False,,,,2,4,46,30,False,6,7,1,5,34.52367020724203,707.6770056573814,0.3306613226452906,0.6528542434252157,0.4066853018436293
ABRAND01040,601,51.61,-113.12,4,6,2,2,2,120,1,30,20,120,1,lognorm,0.062287158377333125,[1.462],"['kilogram', 'hour']",<scipy.stats._distn_infrastructure.rv_frozen object at 0x000002073C01D1C8>,0,9,60,1981.674678998125,[],"[{'leak_ID': 'ABRAND01040_0000000000', 'facility_ID': 'ABRAND01040', 'equipment_group': 2, 'rate': 0.03153933135218424, 'lat': 51.61, 'lon': -113.12, 'status': 'repaired', 'days_active': 120, 'days_active_prog_start': 0, 'tagged': True, 'component': 'unknown', 'date_began': datetime.datetime(2017, 8, 21, 0, 0), 'date_tagged': datetime.datetime(2017, 12, 19, 0, 0), 'tagged_by_company': 'natural', 'tagged_by_crew': 1, 'init_detect_by': 'natural', 'init_detect_date': datetime.datetime(2017, 12, 19, 0, 0), 'requires_shutdown': False, 'date_repaired': datetime.datetime(2017, 12, 19, 16, 0), 'repair_delay': 0, 'OGI_sp_covered': 1}, {'leak_ID': 'ABRAND01040_0000000001', 'facility_ID': 'ABRAND01040', 'equipment_group': 2, 'rate': 0.023948394363238607, 'lat': 51.61, 'lon': -113.12, 'status': 'repaired', 'days_active': 120, 'days_active_prog_start': 0, 'tagged': True, 'component': 'unknown', 'date_began': datetime.datetime(2018, 3, 16, 0, 0), 'date_tagged': datetime.datetime(2018, 7, 14, 0, 0), 'tagged_by_company': 'natural', 'tagged_by_crew': 1, 'init_detect_by': 'natural', 'init_detect_date': datetime.datetime(2018, 7, 14, 0, 0), 'requires_shutdown': False, 'date_repaired': datetime.datetime(2018, 7, 14, 16, 0), 'repair_delay': 0, 'OGI_sp_covered': 1}, {'leak_ID': 'ABRAND01040_0000000002', 'facility_ID': 'ABRAND01040', 'equipment_group': 4, 'rate': 0.023121269348837438, 'lat': 51.61, 'lon': -113.12, 'status': 'repaired', 'days_active': 120, 'days_active_prog_start': 0, 'tagged': True, 'component': 'unknown', 'date_began': datetime.datetime(2018, 3, 25, 0, 0), 'date_tagged': datetime.datetime(2018, 7, 23, 0, 0), 'tagged_by_company': 'natural', 'tagged_by_crew': 1, 'init_detect_by': 'natural', 'init_detect_date': datetime.datetime(2018, 7, 23, 0, 0), 'requires_shutdown': False, 'date_repaired': datetime.datetime(2018, 7, 23, 16, 0), 'repair_delay': 0, 'OGI_sp_covered': 1}, {'leak_ID': 'ABRAND01040_0000000003', 'facility_ID': 'ABRAND01040', 'equipment_group': 4, 'rate': 0.00501739925964044, 'lat': 51.61, 'lon': -113.12, 'status': 'repaired', 'days_active': 120, 'days_active_prog_start': 0, 'tagged': True, 'component': 'unknown', 'date_began': datetime.datetime(2018, 6, 5, 0, 0), 'date_tagged': datetime.datetime(2018, 10, 3, 0, 0), 'tagged_by_company': 'natural', 'tagged_by_crew': 1, 'init_detect_by': 'natural', 'init_detect_date': datetime.datetime(2018, 10, 3, 0, 0), 'requires_shutdown': False, 'date_repaired': datetime.datetime(2018, 10, 3, 16, 0), 'repair_delay': 0, 'OGI_sp_covered': 1}, {'leak_ID': 'ABRAND01040_0000000004', 'facility_ID': 'ABRAND01040', 'equipment_group': 4, 'rate': 0.11065413352138054, 'lat': 51.61, 'lon': -113.12, 'status': 'repaired', 'days_active': 58, 'days_active_prog_start': 0, 'tagged': True, 'component': 'unknown', 'date_began': datetime.datetime(2019, 8, 5, 0, 0), 'date_tagged': datetime.datetime(2019, 9, 16, 10, 30), 'tagged_by_company': 'OGI', 'tagged_by_crew': 2, 'init_detect_by': 'OGI', 'init_detect_date': datetime.datetime(2019, 9, 16, 10, 30), 'requires_shutdown': False, 'date_repaired': datetime.datetime(2019, 10, 2, 16, 0), 'repair_delay': 16, 'OGI_sp_covered': 1}, {'leak_ID': 'ABRAND01040_0000000005', 'facility_ID': 'ABRAND01040', 'equipment_group': 4, 'rate': 0.006272704618575429, 'lat': 51.61, 'lon': -113.12, 'status': 'repaired', 'days_active': 120, 'days_active_prog_start': 0, 'tagged': True, 'component': 'unknown', 'date_began': datetime.datetime(2019, 12, 29, 0, 0), 'date_tagged': datetime.datetime(2020, 4, 27, 0, 0), 'tagged_by_company': 'natural', 'tagged_by_crew': 1, 'init_detect_by': 'natural', 'init_detect_date': datetime.datetime(2020, 4, 27, 0, 0), 'requires_shutdown': False, 'date_repaired': datetime.datetime(2020, 4, 27, 0, 0), 'repair_delay': 0, 'OGI_sp_covered': 1}, {'leak_ID': 'ABRAND01040_0000000006', 'facility_ID': 'ABRAND01040', 'equipment_group': 3, 'rate': 0.01476436893673879, 'lat': 51.61, 'lon': -113.12, 'status': 'repaired', 'days_active': 120, 'days_active_prog_start': 0, 'tagged': True, 'component': 'unknown', 'date_began': datetime.datetime(2020, 4, 7, 0, 0), 'date_tagged': datetime.datetime(2020, 8, 5, 0, 0), 'tagged_by_company': 'natural', 'tagged_by_crew': 1, 'init_detect_by': 'natural', 'init_detect_date': datetime.datetime(2020, 8, 5, 0, 0), 'requires_shutdown': False, 'date_repaired': datetime.datetime(2020, 8, 5, 16, 0), 'repair_delay': 0, 'OGI_sp_covered': 1}, {'leak_ID': 'ABRAND01040_0000000007', 'facility_ID': 'ABRAND01040', 'equipment_group': 3, 'rate': 0.10604503339696267, 'lat': 51.61, 'lon': -113.12, 'status': 'repaired', 'days_active': 24, 'days_active_prog_start': 0, 'tagged': True, 'component': 'unknown', 'date_began': datetime.datetime(2020, 11, 6, 0, 0), 'date_tagged': datetime.datetime(2020, 11, 14, 10, 30), 'tagged_by_company': 'OGI', 'tagged_by_crew': 2, 'init_detect_by': 'OGI', 'init_detect_date': datetime.datetime(2020, 11, 14, 10, 30), 'requires_shutdown': False, 'date_repaired': datetime.datetime(2020, 11, 30, 16, 0), 'repair_delay': 16, 'OGI_sp_covered': 1}, {'leak_ID': 'ABRAND01040_0000000008', 'facility_ID': 'ABRAND01040', 'equipment_group': 1, 'rate': 0.01177844028473577, 'lat': 51.61, 'lon': -113.12, 'status': 'repaired', 'days_active': 120, 'days_active_prog_start': 0, 'tagged': True, 'component': 'unknown', 'date_began': datetime.datetime(2021, 7, 11, 0, 0), 'date_tagged': datetime.datetime(2021, 11, 8, 0, 0), 'tagged_by_company': 'natural', 'tagged_by_crew': 1, 'init_detect_by': 'natural', 'init_detect_date': datetime.datetime(2021, 11, 8, 0, 0), 'requires_shutdown': False, 'date_repaired': datetime.datetime(2021, 11, 8, 16, 0), 'repair_delay': 0, 'OGI_sp_covered': 0}]",[],0,False,,,,3,4,46,30,False,6,11,0,9,0.0,1981.674678998125,0.33266533066132264,0.6548012200998965,1.0858491391770548
ABRAND00097,601,55.37,-119.5,2,6,2,2,2,120,1,30,20,120,1,lognorm,0.062287158377333125,[1.462],"['kilogram', 'hour']",<scipy.stats._distn_infrastructure.rv_frozen object at 0x000002073C01D1C8>,0,4,60,2678.7341405394927,[],"[{'leak_ID': 'ABRAND00097_0000000000', 'facility_ID': 'ABRAND00097', 'equipment_group': 1, 'rate': 0.009017304175534348, 'lat': 55.37, 'lon': -119.5, 'status': 'repaired', 'days_active': 120, 'days_active_prog_start': 0, 'tagged': True, 'component': 'unknown', 'date_began': datetime.datetime(2018, 12, 2, 0, 0), 'date_tagged': datetime.datetime(2019, 4, 1, 0, 0), 'tagged_by_company': 'natural', 'tagged_by_crew': 1, 'init_detect_by': 'natural', 'init_detect_date': datetime.datetime(2019, 4, 1, 0, 0), 'requires_shutdown': False, 'date_repaired': datetime.datetime(2019, 4, 1, 16, 0), 'repair_delay': 0, 'OGI_sp_covered': 1}, {'leak_ID': 'ABRAND00097_0000000002', 'facility_ID': 'ABRAND00097', 'equipment_group': 1, 'rate': 0.3647153528213921, 'lat': 55.37, 'lon': -119.5, 'status': 'repaired', 'days_active': 67, 'days_active_prog_start': 0, 'tagged': True, 'component': 'unknown', 'date_began': datetime.datetime(2019, 3, 29, 0, 0), 'date_tagged': datetime.datetime(2019, 5, 19, 10, 30), 'tagged_by_company': 'OGI', 'tagged_by_crew': 3, 'init_detect_by': 'OGI', 'init_detect_date': datetime.datetime(2019, 5, 19, 10, 30), 'requires_shutdown': False, 'date_repaired': datetime.datetime(2019, 6, 4, 16, 0), 'repair_delay': 16, 'OGI_sp_covered': 1}, {'leak_ID': 'ABRAND00097_0000000001', 'facility_ID': 'ABRAND00097', 'equipment_group': 1, 'rate': 0.02449227263199544, 'lat': 55.37, 'lon': -119.5, 'status': 'repaired', 'days_active': 120, 'days_active_prog_start': 0, 'tagged': True, 'component': 'unknown', 'date_began': datetime.datetime(2019, 3, 22, 0, 0), 'date_tagged': datetime.datetime(2019, 7, 20, 0, 0), 'tagged_by_company': 'natural', 'tagged_by_crew': 1, 'init_detect_by': 'natural', 'init_detect_date': datetime.datetime(2019, 7, 20, 0, 0), 'requires_shutdown': False, 'date_repaired': datetime.datetime(2019, 7, 20, 16, 0), 'repair_delay': 0, 'OGI_sp_covered': 1}, {'leak_ID': 'ABRAND00097_0000000003', 'facility_ID': 'ABRAND00097', 'equipment_group': 1, 'rate': 0.021223245928486612, 'lat': 55.37, 'lon': -119.5, 'status': 'repaired', 'days_active': 120, 'days_active_prog_start': 0, 'tagged': True, 'component': 'unknown', 'date_began': datetime.datetime(2021, 7, 10, 0, 0), 'date_tagged': datetime.datetime(2021, 11, 7, 0, 0), 'tagged_by_company': 'natural', 'tagged_by_crew': 1, 'init_detect_by': 'natural', 'init_detect_date': datetime.datetime(2021, 11, 7, 0, 0), 'requires_shutdown': False, 'date_repaired': datetime.datetime(2021, 11, 7, 16, 0), 'repair_delay': 0, 'OGI_sp_covered': 1}]",[],0,False,,,,1,4,46,30,False,6,5,0,4,0.0,2678.7341405394927,0.3346693386773547,0.6567449576181815,1.4677995290627357
ABRAND00052,601,55.11,-119.69,4,6,2,2,2,120,1,30,20,120,1,lognorm,0.062287158377333125,[1.462],"['kilogram', 'hour']",<scipy.stats._distn_infrastructure.rv_frozen object at 0x000002073C01D1C8>,0,7,60,2083.2503345348805,[],"[{'leak_ID': 'ABRAND00052_0000000000', 'facility_ID': 'ABRAND00052', 'equipment_group': 3, 'rate': 0.12777604495646933, 'lat': 55.11, 'lon': -119.69, 'status': 'repaired', 'days_active': 102, 'days_active_prog_start': 0, 'tagged': True, 'component': 'unknown', 'date_began': datetime.datetime(2017, 4, 23, 0, 0), 'date_tagged': datetime.datetime(2017, 7, 18, 13, 0), 'tagged_by_company': 'OGI', 'tagged_by_crew': 1, 'init_detect_by': 'OGI', 'init_detect_date': datetime.datetime(2017, 7, 18, 13, 0), 'requires_shutdown': False, 'date_repaired': datetime.datetime(2017, 8, 3, 16, 0), 'repair_delay': 16, 'OGI_sp_covered': 1}, {'leak_ID': 'ABRAND00052_0000000001', 'facility_ID': 'ABRAND00052', 'equipment_group': 2, 'rate': 0.0007295390462752175, 'lat': 55.11, 'lon': -119.69, 'status': 'repaired', 'days_active': 120, 'days_active_prog_start': 0, 'tagged': True, 'component': 'unknown', 'date_began': datetime.datetime(2017, 9, 28, 0, 0), 'date_tagged': datetime.datetime(2018, 1, 26, 0, 0), 'tagged_by_company': 'natural', 'tagged_by_crew': 1, 'init_detect_by': 'natural', 'init_detect_date': datetime.datetime(2018, 1, 26, 0, 0), 'requires_shutdown': False, 'date_repaired': datetime.datetime(2018, 1, 26, 16, 0), 'repair_delay': 0, 'OGI_sp_covered': 1}, {'leak_ID': 'ABRAND00052_0000000002', 'facility_ID': 'ABRAND00052', 'equipment_group': 2, 'rate': 0.004550452920584016, 'lat': 55.11, 'lon': -119.69, 'status': 'repaired', 'days_active': 120, 'days_active_prog_start': 0, 'tagged': True, 'component': 'unknown', 'date_began': datetime.datetime(2018, 5, 20, 0, 0), 'date_tagged': datetime.datetime(2018, 9, 17, 0, 0), 'tagged_by_company': 'natural', 'tagged_by_crew': 1, 'init_detect_by': 'natural', 'init_detect_date': datetime.datetime(2018, 9, 17, 0, 0), 'requires_shutdown': False, 'date_repaired': datetime.datetime(2018, 9, 17, 16, 0), 'repair_delay': 0, 'OGI_sp_covered': 1}, {'leak_ID': 'ABRAND00052_0000000003', 'facility_ID': 'ABRAND00052', 'equipment_group': 3, 'rate': 0.018917634464680266, 'lat': 55.11, 'lon': -119.69, 'status': 'repaired', 'days_active': 120, 'days_active_prog_start': 0, 'tagged': True, 'component': 'unknown', 'date_began': datetime.datetime(2019, 3, 4, 0, 0), 'date_tagged': datetime.datetime(2019, 7, 2, 0, 0), 'tagged_by_company': 'natural', 'tagged_by_crew': 1, 'init_detect_by': 'natural', 'init_detect_date': datetime.datetime(2019, 7, 2, 0, 0), 'requires_shutdown': False, 'date_repaired': datetime.datetime(2019, 7, 2, 16, 0), 'repair_delay': 0, 'OGI_sp_covered': 1}, {'leak_ID': 'ABRAND00052_0000000004', 'facility_ID': 'ABRAND00052', 'equipment_group': 3, 'rate': 0.001829002421627032, 'lat': 55.11, 'lon': -119.69, 'status': 'repaired', 'days_active': 120, 'days_active_prog_start': 0, 'tagged': True, 'component': 'unknown', 'date_began': datetime.datetime(2020, 1, 26, 0, 0), 'date_tagged': datetime.datetime(2020, 5, 25, 0, 0), 'tagged_by_company': 'natural', 'tagged_by_crew': 1, 'init_detect_by': 'natural', 'init_detect_date': datetime.datetime(2020, 5, 25, 0, 0), 'requires_shutdown': False, 'date_repaired': datetime.datetime(2020, 5, 25, 16, 0), 'repair_delay': 0, 'OGI_sp_covered': 1}, {'leak_ID': 'ABRAND00052_0000000005', 'facility_ID': 'ABRAND00052', 'equipment_group': 1, 'rate': 0.1008525870172784, 'lat': 55.11, 'lon': -119.69, 'status': 'repaired', 'days_active': 62, 'days_active_prog_start': 0, 'tagged': True, 'component': 'unknown', 'date_began': datetime.datetime(2020, 12, 4, 0, 0), 'date_tagged': datetime.datetime(2021, 1, 19, 13, 0), 'tagged_by_company': 'OGI', 'tagged_by_crew': 1, 'init_detect_by': 'OGI', 'init_detect_date': datetime.datetime(2021, 1, 19, 13, 0), 'requires_shutdown': False, 'date_repaired': datetime.datetime(2021, 2, 4, 16, 0), 'repair_delay': 16, 'OGI_sp_covered': 1}, {'leak_ID': 'ABRAND00052_0000000006', 'facility_ID': 'ABRAND00052', 'equipment_group': 2, 'rate': 0.014187343697793207, 'lat': 55.11, 'lon': -119.69, 'status': 'repaired', 'days_active': 120, 'days_active_prog_start': 0, 'tagged': True, 'component': 'unknown', 'date_began': datetime.datetime(2021, 7, 4, 0, 0), 'date_tagged': datetime.datetime(2021, 11, 1, 0, 0), 'tagged_by_company': 'natural', 'tagged_by_crew': 1, 'init_detect_by': 'natural', 'init_detect_date': datetime.datetime(2021, 11, 1, 0, 0), 'requires_shutdown': False, 'date_repaired': datetime.datetime(2021, 11, 1, 16, 0), 'repair_delay': 0, 'OGI_sp_covered': 0}]",[],0,False,,,,2,4,46,30,False,6,6,0,7,0.0,2083.2503345348805,0.3366733466933868,0.6586821510947397,1.1415070326218524
ABRAND00565,401,53.19,-115.49,1,6,2,2,2,120,1,30,20,120,1,lognorm,0.062287158377333125,[1.462],"['kilogram', 'hour']",<scipy.stats._distn_infrastructure.rv_frozen object at 0x000002073C01D1C8>,0,8,60,3666.270196872986,[],"[{'leak_ID': 'ABRAND00565_0000000001', 'facility_ID': 'ABRAND00565', 'equipment_group': 1, 'rate': 0.26612946766624257, 'lat': 53.19, 'lon': -115.49, 'status': 'repaired', 'days_active': 53, 'days_active_prog_start': 0, 'tagged': True, 'component': 'unknown', 'date_began': datetime.datetime(2017, 8, 10, 0, 0), 'date_tagged': datetime.datetime(2017, 9, 16, 13, 0), 'tagged_by_company': 'OGI', 'tagged_by_crew': 2, 'init_detect_by': 'OGI', 'init_detect_date': datetime.datetime(2017, 9, 16, 13, 0), 'requires_shutdown': False, 'date_repaired': datetime.datetime(2017, 10, 2, 16, 0), 'repair_delay': 16, 'OGI_sp_covered': 1}, {'leak_ID': 'ABRAND00565_0000000000', 'facility_ID': 'ABRAND00565', 'equipment_group': 1, 'rate': 0.003691969437057797, 'lat': 53.19, 'lon': -115.49, 'status': 'repaired', 'days_active': 120, 'days_active_prog_start': 0, 'tagged': True, 'component': 'unknown', 'date_began': datetime.datetime(2017, 6, 20, 0, 0), 'date_tagged': datetime.datetime(2017, 10, 18, 0, 0), 'tagged_by_company': 'natural', 'tagged_by_crew': 1, 'init_detect_by': 'natural', 'init_detect_date': datetime.datetime(2017, 10, 18, 0, 0), 'requires_shutdown': False, 'date_repaired': datetime.datetime(2017, 10, 18, 16, 0), 'repair_delay': 0, 'OGI_sp_covered': 1}, {'leak_ID': 'ABRAND00565_0000000002', 'facility_ID': 'ABRAND00565', 'equipment_group': 1, 'rate': 0.17844975337245428, 'lat': 53.19, 'lon': -115.49, 'status': 'repaired', 'days_active': 28, 'days_active_prog_start': 0, 'tagged': True, 'component': 'unknown', 'date_began': datetime.datetime(2017, 11, 3, 0, 0), 'date_tagged': datetime.datetime(2017, 11, 15, 13, 0), 'tagged_by_company': 'OGI', 'tagged_by_crew': 2, 'init_detect_by': 'OGI', 'init_detect_date': datetime.datetime(2017, 11, 15, 13, 0), 'requires_shutdown': False, 'date_repaired': datetime.datetime(2017, 12, 1, 16, 0), 'repair_delay': 16, 'OGI_sp_covered': 1}, {'leak_ID': 'ABRAND00565_0000000003', 'facility_ID': 'ABRAND00565', 'equipment_group': 1, 'rate': 0.04634787759515714, 'lat': 53.19, 'lon': -115.49, 'status': 'repaired', 'days_active': 19, 'days_active_prog_start': 0, 'tagged': True, 'component': 'unknown', 'date_began': datetime.datetime(2018, 9, 13, 0, 0), 'date_tagged': datetime.datetime(2018, 9, 16, 13, 0), 'tagged_by_company': 'OGI', 'tagged_by_crew': 2, 'init_detect_by': 'OGI', 'init_detect_date': datetime.datetime(2018, 9, 16, 13, 0), 'requires_shutdown': False, 'date_repaired': datetime.datetime(2018, 10, 2, 16, 0), 'repair_delay': 16, 'OGI_sp_covered': 1}, {'leak_ID': 'ABRAND00565_0000000004', 'facility_ID': 'ABRAND00565', 'equipment_group': 1, 'rate': 0.14572463422388174, 'lat': 53.19, 'lon': -115.49, 'status': 'repaired', 'days_active': 18, 'days_active_prog_start': 0, 'tagged': True, 'component': 'unknown', 'date_began': datetime.datetime(2019, 7, 16, 0, 0), 'date_tagged': datetime.datetime(2019, 7, 18, 13, 0), 'tagged_by_company': 'OGI', 'tagged_by_crew': 2, 'init_detect_by': 'OGI', 'init_detect_date': datetime.datetime(2019, 7, 18, 13, 0), 'requires_shutdown': False, 'date_repaired': datetime.datetime(2019, 8, 3, 16, 0), 'repair_delay': 16, 'OGI_sp_covered': 1}, {'leak_ID': 'ABRAND00565_0000000005', 'facility_ID': 'ABRAND00565', 'equipment_group': 1, 'rate': 0.015755991757572023, 'lat': 53.19, 'lon': -115.49, 'status': 'repaired', 'days_active': 120, 'days_active_prog_start': 0, 'tagged': True, 'component': 'unknown', 'date_began': datetime.datetime(2020, 1, 3, 0, 0), 'date_tagged': datetime.datetime(2020, 5, 2, 0, 0), 'tagged_by_company': 'natural', 'tagged_by_crew': 1, 'init_detect_by': 'natural', 'init_detect_date': datetime.datetime(2020, 5, 2, 0, 0), 'requires_shutdown': False, 'date_repaired': datetime.datetime(2020, 5, 2, 16, 0), 'repair_delay': 0, 'OGI_sp_covered': 1}, {'leak_ID': 'ABRAND00565_0000000007', 'facility_ID': 'ABRAND00565', 'equipment_group': 1, 'rate': 0.575059872133815, 'lat': 53.19, 'lon': -115.49, 'status': 'repaired', 'days_active': 30, 'days_active_prog_start': 0, 'tagged': True, 'component': 'unknown', 'date_began': datetime.datetime(2021, 5, 5, 0, 0), 'date_tagged': datetime.datetime(2021, 5, 19, 13, 0), 'tagged_by_company': 'OGI', 'tagged_by_crew': 2, 'init_detect_by': 'OGI', 'init_detect_date': datetime.datetime(2021, 5, 19, 13, 0), 'requires_shutdown': False, 'date_repaired': datetime.datetime(2021, 6, 4, 16, 0), 'repair_delay': 16, 'OGI_sp_covered': 1}, {'leak_ID': 'ABRAND00565_0000000006', 'facility_ID': 'ABRAND00565', 'equipment_group': 1, 'rate': 0.0020251946310884845, 'lat': 53.19, 'lon': -115.49, 'status': 'repaired', 'days_active': 120, 'days_active_prog_start': 0, 'tagged': True, 'component': 'unknown', 'date_began': datetime.datetime(2021, 4, 19, 0, 0), 'date_tagged': datetime.datetime(2021, 8, 17, 0, 0), 'tagged_by_company': 'natural', 'tagged_by_crew': 1, 'init_detect_by': 'natural', 'init_detect_date': datetime.datetime(2021, 8, 17, 0, 0), 'requires_shutdown': False, 'date_repaired': datetime.datetime(2021, 8, 17, 16, 0), 'repair_delay': 0, 'OGI_sp_covered': 1}]",[],0,False,,,,2,4,46,30,False,6,5,0,8,0.0,3666.270196872986,0.33867735470941884,0.6606150055849654,2.0089151763687596
ABRAND00273,601,54.07,-117.55,1,6,2,2,2,120,1,30,20,120,1,lognorm,0.062287158377333125,[1.462],"['kilogram', 'hour']",<scipy.stats._distn_infrastructure.rv_frozen object at 0x000002073C01D1C8>,0,5,60,400.2133498791641,"[{'leak_ID': 'ABRAND00273_0000000004', 'facility_ID': 'ABRAND00273', 'equipment_group': 1, 'rate': 0.0023603912951280226, 'lat': 54.07, 'lon': -117.55, 'status': 'active', 'days_active': 19, 'days_active_prog_start': 0, 'tagged': False, 'component': 'unknown', 'date_began': datetime.datetime(2021, 12, 11, 0, 0), 'date_tagged': None, 'tagged_by_company': None, 'tagged_by_crew': None, 'init_detect_by': None, 'init_detect_date': None, 'requires_shutdown': False, 'date_repaired': None, 'repair_delay': None}]","[{'leak_ID': 'ABRAND00273_0000000000', 'facility_ID': 'ABRAND00273', 'equipment_group': 1, 'rate': 0.0050294418810161905, 'lat': 54.07, 'lon': -117.55, 'status': 'repaired', 'days_active': 120, 'days_active_prog_start': 0, 'tagged': True, 'component': 'unknown', 'date_began': datetime.datetime(2018, 1, 25, 0, 0), 'date_tagged': datetime.datetime(2018, 5, 25, 0, 0), 'tagged_by_company': 'natural', 'tagged_by_crew': 1, 'init_detect_by': 'natural', 'init_detect_date': datetime.datetime(2018, 5, 25, 0, 0), 'requires_shutdown': False, 'date_repaired': datetime.datetime(2018, 5, 25, 16, 0), 'repair_delay': 0, 'OGI_sp_covered': 0}, {'leak_ID': 'ABRAND00273_0000000001', 'facility_ID': 'ABRAND00273', 'equipment_group': 1, 'rate': 0.0120089636163329, 'lat': 54.07, 'lon': -117.55, 'status': 'repaired', 'days_active': 120, 'days_active_prog_start': 0, 'tagged': True, 'component': 'unknown', 'date_began': datetime.datetime(2020, 7, 26, 0, 0), 'date_tagged': datetime.datetime(2020, 11, 23, 0, 0), 'tagged_by_company': 'natural', 'tagged_by_crew': 1, 'init_detect_by': 'natural', 'init_detect_date': datetime.datetime(2020, 11, 23, 0, 0), 'requires_shutdown': False, 'date_repaired': datetime.datetime(2020, 11, 23, 16, 0), 'repair_delay': 0, 'OGI_sp_covered': 0}, {'leak_ID': 'ABRAND00273_0000000002', 'facility_ID': 'ABRAND00273', 'equipment_group': 1, 'rate': 0.016088199863736503, 'lat': 54.07, 'lon': -117.55, 'status': 'repaired', 'days_active': 120, 'days_active_prog_start': 0, 'tagged': True, 'component': 'unknown', 'date_began': datetime.datetime(2021, 3, 27, 0, 0), 'date_tagged': datetime.datetime(2021, 7, 25, 0, 0), 'tagged_by_company': 'natural', 'tagged_by_crew': 1, 'init_detect_by': 'natural', 'init_detect_date': datetime.datetime(2021, 7, 25, 0, 0), 'requires_shutdown': False, 'date_repaired': datetime.datetime(2021, 7, 25, 16, 0), 'repair_delay': 0, 'OGI_sp_covered': 1}, {'leak_ID': 'ABRAND00273_0000000003', 'facility_ID': 'ABRAND00273', 'equipment_group': 1, 'rate': 0.0051004906583088875, 'lat': 54.07, 'lon': -117.55, 'status': 'repaired', 'days_active': 120, 'days_active_prog_start': 0, 'tagged': True, 'component': 'unknown', 'date_began': datetime.datetime(2021, 4, 21, 0, 0), 'date_tagged': datetime.datetime(2021, 8, 19, 0, 0), 'tagged_by_company': 'natural', 'tagged_by_crew': 1, 'init_detect_by': 'natural', 'init_detect_date': datetime.datetime(2021, 8, 19, 0, 0), 'requires_shutdown': False, 'date_repaired': datetime.datetime(2021, 8, 19, 16, 0), 'repair_delay': 0, 'OGI_sp_covered': 1}]",[],0,False,,,,2,4,46,30,False,6,5,1,4,3.8748183500821622,396.338531529082,0.3406813627254509,0.6625367534183774,0.21929498623515842
ABRAND00076,362,55.15,-119.57,1,6,2,2,2,120,1,30,20,120,1,lognorm,0.062287158377333125,[1.462],"['kilogram', 'hour']",<scipy.stats._distn_infrastructure.rv_frozen object at 0x000002073C01D1C8>,1,4,60,131.87314643276386,"[{'leak_ID': 'ABRAND00076_0000000003', 'facility_ID': 'ABRAND00076', 'equipment_group': 1, 'rate': 0.011495588784730696, 'lat': 55.15, 'lon': -119.57, 'status': 'active', 'days_active': 16, 'days_active_prog_start': 0, 'tagged': False, 'component': 'unknown', 'date_began': datetime.datetime(2021, 12, 14, 0, 0), 'date_tagged': None, 'tagged_by_company': None, 'tagged_by_crew': None, 'init_detect_by': None, 'init_detect_date': None, 'requires_shutdown': False, 'date_repaired': None, 'repair_delay': None}]","[{'leak_ID': 'ABRAND00076_0000000001', 'facility_ID': 'ABRAND00076', 'equipment_group': 1, 'rate': 0.005601988740799764, 'lat': 55.15, 'lon': -119.57, 'status': 'repaired', 'days_active': 120, 'days_active_prog_start': 104, 'tagged': True, 'component': 'unknown', 'date_began': datetime.datetime(2016, 9, 19, 0, 0), 'date_tagged': datetime.datetime(2017, 1, 16, 0, 0), 'tagged_by_company': 'natural', 'tagged_by_crew': 1, 'init_detect_by': 'natural', 'init_detect_date': datetime.datetime(2017, 1, 16, 0, 0), 'requires_shutdown': False, 'date_repaired': datetime.datetime(2017, 1, 16, 16, 0), 'repair_delay': 0}, {'leak_ID': 'ABRAND00076_0000000001', 'facility_ID': 'ABRAND00076', 'equipment_group': 1, 'rate': 0.008045519016172053, 'lat': 55.15, 'lon': -119.57, 'status': 'repaired', 'days_active': 120, 'days_active_prog_start': 0, 'tagged': True, 'component': 'unknown', 'date_began': datetime.datetime(2017, 2, 20, 0, 0), 'date_tagged': datetime.datetime(2017, 6, 20, 0, 0), 'tagged_by_company': 'natural', 'tagged_by_crew': 1, 'init_detect_by': 'natural', 'init_detect_date': datetime.datetime(2017, 6, 20, 0, 0), 'requires_shutdown': False, 'date_repaired': datetime.datetime(2017, 6, 20, 16, 0), 'repair_delay': 0, 'OGI_sp_covered': 1}, {'leak_ID': 'ABRAND00076_0000000002', 'facility_ID': 'ABRAND00076', 'equipment_group': 1, 'rate': 0.0023940503570407698, 'lat': 55.15, 'lon': -119.57, 'status': 'repaired', 'days_active': 120, 'days_active_prog_start': 0, 'tagged': True, 'component': 'unknown', 'date_began': datetime.datetime(2017, 12, 17, 0, 0), 'date_tagged': datetime.datetime(2018, 4, 16, 0, 0), 'tagged_by_company': 'natural', 'tagged_by_crew': 1, 'init_detect_by': 'natural', 'init_detect_date': datetime.datetime(2018, 4, 16, 0, 0), 'requires_shutdown': False, 'date_repaired': datetime.datetime(2018, 4, 16, 16, 0), 'repair_delay': 0, 'OGI_sp_covered': 1}]",[],1,False,,,,2,4,45,30,False,6,3,1,3,15.891501936011716,115.98164449675215,0.342685370741483,0.6644582516392918,0.07225925831932266
ABRAND00716,401,52.13,-114.88,5,6,2,2,2,120,1,30,20,120,1,lognorm,0.062287158377333125,[1.462],"['kilogram', 'hour']",<scipy.stats._distn_infrastructure.rv_frozen object at 0x000002073C01D1C8>,1,7,60,1729.4048974866218,[],"[{'leak_ID': 'ABRAND00716_0000000001', 'facility_ID': 'ABRAND00716', 'equipment_group': 3, 'rate': 0.00562242324860001, 'lat': 52.13, 'lon': -114.88, 'status': 'repaired', 'days_active': 120, 'days_active_prog_start': 59, 'tagged': True, 'component': 'unknown', 'date_began': datetime.datetime(2016, 11, 3, 0, 0), 'date_tagged': datetime.datetime(2017, 3, 2, 0, 0), 'tagged_by_company': 'natural', 'tagged_by_crew': 1, 'init_detect_by': 'natural', 'init_detect_date': datetime.datetime(2017, 3, 2, 0, 0), 'requires_shutdown': False, 'date_repaired': datetime.datetime(2017, 3, 2, 16, 0), 'repair_delay': 0, 'OGI_sp_covered': 1}, {'leak_ID': 'ABRAND00716_0000000001', 'facility_ID': 'ABRAND00716', 'equipment_group': 5, 'rate': 0.02052210492828703, 'lat': 52.13, 'lon': -114.88, 'status': 'repaired', 'days_active': 120, 'days_active_prog_start': 0, 'tagged': True, 'component': 'unknown', 'date_began': datetime.datetime(2017, 1, 8, 0, 0), 'date_tagged': datetime.datetime(2017, 5, 8, 0, 0), 'tagged_by_company': 'natural', 'tagged_by_crew': 1, 'init_detect_by': 'natural', 'init_detect_date': datetime.datetime(2017, 5, 8, 0, 0), 'requires_shutdown': False, 'date_repaired': datetime.datetime(2017, 5, 8, 16, 0), 'repair_delay': 0, 'OGI_sp_covered': 1}, {'leak_ID': 'ABRAND00716_0000000002', 'facility_ID': 'ABRAND00716', 'equipment_group': 1, 'rate': 0.021668990286939343, 'lat': 52.13, 'lon': -114.88, 'status': 'repaired', 'days_active': 120, 'days_active_prog_start': 0, 'tagged': True, 'component': 'unknown', 'date_began': datetime.datetime(2017, 11, 30, 0, 0), 'date_tagged': datetime.datetime(2018, 3, 30, 0, 0), 'tagged_by_company': 'natural', 'tagged_by_crew': 1, 'init_detect_by': 'natural', 'init_detect_date': datetime.datetime(2018, 3, 30, 0, 0), 'requires_shutdown': False, 'date_repaired': datetime.datetime(2018, 3, 30, 16, 0), 'repair_delay': 0, 'OGI_sp_covered': 1}, {'leak_ID': 'ABRAND00716_0000000003', 'facility_ID': 'ABRAND00716', 'equipment_group': 4, 'rate': 0.0014740377289103592, 'lat': 52.13, 'lon': -114.88, 'status': 'repaired', 'days_active': 120, 'days_active_prog_start': 0, 'tagged': True, 'component': 'unknown', 'date_began': datetime.datetime(2018, 2, 19, 0, 0), 'date_tagged': datetime.datetime(2018, 6, 19, 0, 0), 'tagged_by_company': 'natural', 'tagged_by_crew': 1, 'init_detect_by': 'natural', 'init_detect_date': datetime.datetime(2018, 6, 19, 0, 0), 'requires_shutdown': False, 'date_repaired': datetime.datetime(2018, 6, 19, 16, 0), 'repair_delay': 0, 'OGI_sp_covered': 1}, {'leak_ID': 'ABRAND00716_0000000004', 'facility_ID': 'ABRAND00716', 'equipment_group': 2, 'rate': 0.008217739275579344, 'lat': 52.13, 'lon': -114.88, 'status': 'repaired', 'days_active': 120, 'days_active_prog_start': 0, 'tagged': True, 'component': 'unknown', 'date_began': datetime.datetime(2018, 7, 21, 0, 0), 'date_tagged': datetime.datetime(2018, 11, 18, 0, 0), 'tagged_by_company': 'natural', 'tagged_by_crew': 1, 'init_detect_by': 'natural', 'init_detect_date': datetime.datetime(2018, 11, 18, 0, 0), 'requires_shutdown': False, 'date_repaired': datetime.datetime(2018, 11, 18, 16, 0), 'repair_delay': 0, 'OGI_sp_covered': 1}, {'leak_ID': 'ABRAND00716_0000000005', 'facility_ID': 'ABRAND00716', 'equipment_group': 5, 'rate': 0.05658069766835837, 'lat': 52.13, 'lon': -114.88, 'status': 'repaired', 'days_active': 72, 'days_active_prog_start': 0, 'tagged': True, 'component': 'unknown', 'date_began': datetime.datetime(2020, 1, 24, 0, 0), 'date_tagged': datetime.datetime(2020, 3, 20, 8, 0), 'tagged_by_company': 'OGI', 'tagged_by_crew': 2, 'init_detect_by': 'OGI', 'init_detect_date': datetime.datetime(2020, 3, 20, 8, 0), 'requires_shutdown': False, 'date_repaired': datetime.datetime(2020, 4, 5, 16, 0), 'repair_delay': 16, 'OGI_sp_covered': 1}, {'leak_ID': 'ABRAND00716_0000000006', 'facility_ID': 'ABRAND00716', 'equipment_group': 4, 'rate': 0.1339076810132044, 'lat': 52.13, 'lon': -114.88, 'status': 'repaired', 'days_active': 70, 'days_active_prog_start': 0, 'tagged': True, 'component': 'unknown', 'date_began': datetime.datetime(2020, 3, 26, 0, 0), 'date_tagged': datetime.datetime(2020, 5, 19, 8, 0), 'tagged_by_company': 'OGI', 'tagged_by_crew': 2, 'init_detect_by': 'OGI', 'init_detect_date': datetime.datetime(2020, 5, 19, 8, 0), 'requires_shutdown': False, 'date_repaired': datetime.datetime(2020, 6, 4, 16, 0), 'repair_delay': 16, 'OGI_sp_covered': 1}]",[],1,False,,,,3,4,45,30,False,6,7,0,7,0.0,1729.4048974866218,0.34468937875751504,0.6663762211607919,0.9476191219104777
ABRAND00381,601,53.25,-116.03,2,6,2,2,2,120,1,30,20,120,1,lognorm,0.062287158377333125,[1.462],"['kilogram', 'hour']",<scipy.stats._distn_infrastructure.rv_frozen object at 0x000002073C01D1C8>,2,5,60,1027.269617955798,[],"[{'leak_ID': 'ABRAND00381_0000000001', 'facility_ID': 'ABRAND00381', 'equipment_group': 1, 'rate': 0.0008772360072332926, 'lat': 53.25, 'lon': -116.03, 'status': 'repaired', 'days_active': 120, 'days_active_prog_start': 77, 'tagged': True, 'component': 'unknown', 'date_began': datetime.datetime(2016, 10, 16, 0, 0), 'date_tagged': datetime.datetime(2017, 2, 12, 0, 0), 'tagged_by_company': 'natural', 'tagged_by_crew': 1, 'init_detect_by': 'natural', 'init_detect_date': datetime.datetime(2017, 2, 12, 0, 0), 'requires_shutdown': False, 'date_repaired': datetime.datetime(2017, 2, 12, 16, 0), 'repair_delay': 0, 'OGI_sp_covered': 1}, {'leak_ID': 'ABRAND00381_0000000002', 'facility_ID': 'ABRAND00381', 'equipment_group': 2, 'rate': 0.004852972108324329, 'lat': 53.25, 'lon': -116.03, 'status': 'repaired', 'days_active': 120, 'days_active_prog_start': 23, 'tagged': True, 'component': 'unknown', 'date_began': datetime.datetime(2016, 12, 9, 0, 0), 'date_tagged': datetime.datetime(2017, 4, 7, 0, 0), 'tagged_by_company': 'natural', 'tagged_by_crew': 1, 'init_detect_by': 'natural', 'init_detect_date': datetime.datetime(2017, 4, 7, 0, 0), 'requires_shutdown': False, 'date_repaired': datetime.datetime(2017, 4, 7, 16, 0), 'repair_delay': 0, 'OGI_sp_covered': 0}, {'leak_ID': 'ABRAND00381_0000000002', 'facility_ID': 'ABRAND00381', 'equipment_group': 2, 'rate': 0.027814456111509154, 'lat': 53.25, 'lon': -116.03, 'status': 'repaired', 'days_active': 120, 'days_active_prog_start': 0, 'tagged': True, 'component': 'unknown', 'date_began': datetime.datetime(2017, 1, 15, 0, 0), 'date_tagged': datetime.datetime(2017, 5, 15, 0, 0), 'tagged_by_company': 'natural', 'tagged_by_crew': 1, 'init_detect_by': 'natural', 'init_detect_date': datetime.datetime(2017, 5, 15, 0, 0), 'requires_shutdown': False, 'date_repaired': datetime.datetime(2017, 5, 15, 16, 0), 'repair_delay': 0, 'OGI_sp_covered': 1}, {'leak_ID': 'ABRAND00381_0000000003', 'facility_ID': 'ABRAND00381', 'equipment_group': 2, 'rate': 0.07658097786540176, 'lat': 53.25, 'lon': -116.03, 'status': 'repaired', 'days_active': 62, 'days_active_prog_start': 0, 'tagged': True, 'component': 'unknown', 'date_began': datetime.datetime(2017, 6, 3, 0, 0), 'date_tagged': datetime.datetime(2017, 7, 19, 8, 0), 'tagged_by_company': 'OGI', 'tagged_by_crew': 3, 'init_detect_by': 'OGI', 'init_detect_date': datetime.datetime(2017, 7, 19, 8, 0), 'requires_shutdown': False, 'date_repaired': datetime.datetime(2017, 8, 4, 16, 0), 'repair_delay': 16, 'OGI_sp_covered': 1}, {'leak_ID': 'ABRAND00381_0000000004', 'facility_ID': 'ABRAND00381', 'equipment_group': 2, 'rate': 0.02746233207009735, 'lat': 53.25, 'lon': -116.03, 'status': 'repaired', 'days_active': 120, 'days_active_prog_start': 0, 'tagged': True, 'component': 'unknown', 'date_began': datetime.datetime(2020, 12, 2, 0, 0), 'date_tagged': datetime.datetime(2021, 4, 1, 0, 0), 'tagged_by_company': 'natural', 'tagged_by_crew': 1, 'init_detect_by': 'natural', 'init_detect_date': datetime.datetime(2021, 4, 1, 0, 0), 'requires_shutdown': False, 'date_repaired': datetime.datetime(2021, 4, 1, 16, 0), 'repair_delay': 0, 'OGI_sp_covered': 1}]",[],2,False,,,,2,4,45,30,False,6,5,0,5,0.0,1027.269617955798,0.3466933867735471,0.668272028322417,0.5628874618935878
ABRAND00101,601,54.88,-119.44,5,6,2,2,2,120,1,30,20,120,1,lognorm,0.062287158377333125,[1.462],"['kilogram', 'hour']",<scipy.stats._distn_infrastructure.rv_frozen object at 0x000002073C01D1C8>,0,6,60,1067.8016137358038,[],"[{'leak_ID': 'ABRAND00101_0000000000', 'facility_ID': 'ABRAND00101', 'equipment_group': 4, 'rate': 0.0008250768722529987, 'lat': 54.88, 'lon': -119.44, 'status': 'repaired', 'days_active': 120, 'days_active_prog_start': 0, 'tagged': True, 'component': 'unknown', 'date_began': datetime.datetime(2017, 5, 21, 0, 0), 'date_tagged': datetime.datetime(2017, 9, 18, 0, 0), 'tagged_by_company': 'natural', 'tagged_by_crew': 1, 'init_detect_by': 'natural', 'init_detect_date': datetime.datetime(2017, 9, 18, 0, 0), 'requires_shutdown': False, 'date_repaired': datetime.datetime(2017, 9, 18, 16, 0), 'repair_delay': 0, 'OGI_sp_covered': 1}, {'leak_ID': 'ABRAND00101_0000000001', 'facility_ID': 'ABRAND00101', 'equipment_group': 5, 'rate': 0.023543093343073508, 'lat': 54.88, 'lon': -119.44, 'status': 'repaired', 'days_active': 120, 'days_active_prog_start': 0, 'tagged': True, 'component': 'unknown', 'date_began': datetime.datetime(2018, 6, 19, 0, 0), 'date_tagged': datetime.datetime(2018, 10, 17, 0, 0), 'tagged_by_company': 'natural', 'tagged_by_crew': 1, 'init_detect_by': 'natural', 'init_detect_date': datetime.datetime(2018, 10, 17, 0, 0), 'requires_shutdown': False, 'date_repaired': datetime.datetime(2018, 10, 17, 16, 0), 'repair_delay': 0, 'OGI_sp_covered': 0}, {'leak_ID': 'ABRAND00101_0000000002', 'facility_ID': 'ABRAND00101', 'equipment_group': 1, 'rate': 0.01624682206688764, 'lat': 54.88, 'lon': -119.44, 'status': 'repaired', 'days_active': 120, 'days_active_prog_start': 0, 'tagged': True, 'component': 'unknown', 'date_began': datetime.datetime(2018, 8, 2, 0, 0), 'date_tagged': datetime.datetime(2018, 11, 30, 0, 0), 'tagged_by_company': 'natural', 'tagged_by_crew': 1, 'init_detect_by': 'natural', 'init_detect_date': datetime.datetime(2018, 11, 30, 0, 0), 'requires_shutdown': False, 'date_repaired': datetime.datetime(2018, 11, 30, 16, 0), 'repair_delay': 0, 'OGI_sp_covered': 1}, {'leak_ID': 'ABRAND00101_0000000003', 'facility_ID': 'ABRAND00101', 'equipment_group': 2, 'rate': 0.03135028075324639, 'lat': 54.88, 'lon': -119.44, 'status': 'repaired', 'days_active': 120, 'days_active_prog_start': 0, 'tagged': True, 'component': 'unknown', 'date_began': datetime.datetime(2019, 8, 15, 0, 0), 'date_tagged': datetime.datetime(2019, 12, 13, 0, 0), 'tagged_by_company': 'natural', 'tagged_by_crew': 1, 'init_detect_by': 'natural', 'init_detect_date': datetime.datetime(2019, 12, 13, 0, 0), 'requires_shutdown': False, 'date_repaired': datetime.datetime(2019, 12, 13, 16, 0), 'repair_delay': 0, 'OGI_sp_covered': 1}, {'leak_ID': 'ABRAND00101_0000000004', 'facility_ID': 'ABRAND00101', 'equipment_group': 3, 'rate': 0.051499143456054726, 'lat': 54.88, 'lon': -119.44, 'status': 'repaired', 'days_active': 63, 'days_active_prog_start': 0, 'tagged': True, 'component': 'unknown', 'date_began': datetime.datetime(2020, 12, 4, 0, 0), 'date_tagged': datetime.datetime(2021, 1, 20, 10, 30), 'tagged_by_company': 'OGI', 'tagged_by_crew': 1, 'init_detect_by': 'OGI', 'init_detect_date': datetime.datetime(2021, 1, 20, 10, 30), 'requires_shutdown': False, 'date_repaired': datetime.datetime(2021, 2, 5, 16, 0), 'repair_delay': 16, 'OGI_sp_covered': 1}, {'leak_ID': 'ABRAND00101_0000000005', 'facility_ID': 'ABRAND00101', 'equipment_group': 5, 'rate': 0.0039878014317276285, 'lat': 54.88, 'lon': -119.44, 'status': 'repaired', 'days_active': 120, 'days_active_prog_start': 0, 'tagged': True, 'component': 'unknown', 'date_began': datetime.datetime(2021, 3, 21, 0, 0), 'date_tagged': datetime.datetime(2021, 7, 19, 0, 0), 'tagged_by_company': 'natural', 'tagged_by_crew': 1, 'init_detect_by': 'natural', 'init_detect_date': datetime.datetime(2021, 7, 19, 0, 0), 'requires_shutdown': False, 'date_repaired': datetime.datetime(2021, 7, 19, 16, 0), 'repair_delay': 0, 'OGI_sp_covered': 1}]",[],0,False,,,,2,4,45,30,False,6,8,0,6,0.0,1067.8016137358038,0.3486973947895792,0.6701633717275203,0.5850967746497555
ABRAND00873,351,52.81,-114.31,3,6,2,2,2,120,1,30,20,120,1,lognorm,0.062287158377333125,[1.462],"['kilogram', 'hour']",<scipy.stats._distn_infrastructure.rv_frozen object at 0x000002073C01D1C8>,0,4,60,1680.005954334836,[],"[{'leak_ID': 'ABRAND00873_0000000000', 'facility_ID': 'ABRAND00873', 'equipment_group': 2, 'rate': 0.11677730421265543, 'lat': 52.81, 'lon': -114.31, 'status': 'repaired', 'days_active': 56, 'days_active_prog_start': 0, 'tagged': True, 'component': 'unknown', 'date_began': datetime.datetime(2018, 6, 9, 0, 0), 'date_tagged': datetime.datetime(2018, 7, 19, 10, 30), 'tagged_by_company': 'OGI', 'tagged_by_crew': 2, 'init_detect_by': 'OGI', 'init_detect_date': datetime.datetime(2018, 7, 19, 10, 30), 'requires_shutdown': False, 'date_repaired': datetime.datetime(2018, 8, 4, 16, 0), 'repair_delay': 16, 'OGI_sp_covered': 1}, {'leak_ID': 'ABRAND00873_0000000001', 'facility_ID': 'ABRAND00873', 'equipment_group': 2, 'rate': 0.017985671847426554, 'lat': 52.81, 'lon': -114.31, 'status': 'repaired', 'days_active': 120, 'days_active_prog_start': 0, 'tagged': True, 'component': 'unknown', 'date_began': datetime.datetime(2018, 10, 6, 0, 0), 'date_tagged': datetime.datetime(2019, 2, 3, 0, 0), 'tagged_by_company': 'natural', 'tagged_by_crew': 1, 'init_detect_by': 'natural', 'init_detect_date': datetime.datetime(2019, 2, 3, 0, 0), 'requires_shutdown': False, 'date_repaired': datetime.datetime(2019, 2, 3, 16, 0), 'repair_delay': 0, 'OGI_sp_covered': 0}, {'leak_ID': 'ABRAND00873_0000000002', 'facility_ID': 'ABRAND00873', 'equipment_group': 2, 'rate': 0.06443890435792014, 'lat': 52.81, 'lon': -114.31, 'status': 'repaired', 'days_active': 120, 'days_active_prog_start': 0, 'tagged': True, 'component': 'unknown', 'date_began': datetime.datetime(2018, 11, 24, 0, 0), 'date_tagged': datetime.datetime(2019, 3, 24, 0, 0), 'tagged_by_company': 'natural', 'tagged_by_crew': 2, 'init_detect_by': 'OGI', 'init_detect_date': datetime.datetime(2019, 3, 21, 10, 30), 'requires_shutdown': False, 'date_repaired': datetime.datetime(2019, 3, 24, 16, 0), 'repair_delay': 0, 'OGI_sp_covered': 1}, {'leak_ID': 'ABRAND00873_0000000003', 'facility_ID': 'ABRAND00873', 'equipment_group': 3, 'rate': 0.025116959831721568, 'lat': 52.81, 'lon': -114.31, 'status': 'repaired', 'days_active': 120, 'days_active_prog_start': 0, 'tagged': True, 'component': 'unknown', 'date_began': datetime.datetime(2020, 2, 28, 0, 0), 'date_tagged': datetime.datetime(2020, 6, 27, 0, 0), 'tagged_by_company': 'natural', 'tagged_by_crew': 1, 'init_detect_by': 'natural', 'init_detect_date': datetime.datetime(2020, 6, 27, 0, 0), 'requires_shutdown': False, 'date_repaired': datetime.datetime(2020, 6, 27, 0, 0), 'repair_delay': 0, 'OGI_sp_covered': 1}]",[],0,False,,,,2,4,45,30,False,6,3,0,4,0.0,1680.005954334836,0.35070140280561124,0.6720345473037085,0.9205512078547046
ABRAND00751,621,52.28,-114.68,3,6,2,2,2,120,1,30,20,120,1,lognorm,0.062287158377333125,[1.462],"['kilogram', 'hour']",<scipy.stats._distn_infrastructure.rv_frozen object at 0x000002073C01D1C8>,0,5,60,1595.1322034073712,[],"[{'leak_ID': 'ABRAND00751_0000000000', 'facility_ID': 'ABRAND00751', 'equipment_group': 3, 'rate': 0.13606744662811898, 'lat': 52.28, 'lon': -114.68, 'status': 'repaired', 'days_active': 33, 'days_active_prog_start': 0, 'tagged': True, 'component': 'unknown', 'date_began': datetime.datetime(2017, 5, 3, 0, 0), 'date_tagged': datetime.datetime(2017, 5, 20, 10, 30), 'tagged_by_company': 'OGI', 'tagged_by_crew': 3, 'init_detect_by': 'OGI', 'init_detect_date': datetime.datetime(2017, 5, 20, 10, 30), 'requires_shutdown': False, 'date_repaired': datetime.datetime(2017, 6, 5, 16, 0), 'repair_delay': 16, 'OGI_sp_covered': 1}, {'leak_ID': 'ABRAND00751_0000000001', 'facility_ID': 'ABRAND00751', 'equipment_group': 2, 'rate': 0.029656880153345482, 'lat': 52.28, 'lon': -114.68, 'status': 'repaired', 'days_active': 120, 'days_active_prog_start': 0, 'tagged': True, 'component': 'unknown', 'date_began': datetime.datetime(2017, 8, 29, 0, 0), 'date_tagged': datetime.datetime(2017, 12, 27, 0, 0), 'tagged_by_company': 'natural', 'tagged_by_crew': 1, 'init_detect_by': 'natural', 'init_detect_date': datetime.datetime(2017, 12, 27, 0, 0), 'requires_shutdown': False, 'date_repaired': datetime.datetime(2017, 12, 27, 16, 0), 'repair_delay': 0, 'OGI_sp_covered': 0}, {'leak_ID': 'ABRAND00751_0000000002', 'facility_ID': 'ABRAND00751', 'equipment_group': 2, 'rate': 0.003465269803516288, 'lat': 52.28, 'lon': -114.68, 'status': 'repaired', 'days_active': 120, 'days_active_prog_start': 0, 'tagged': True, 'component': 'unknown', 'date_began': datetime.datetime(2018, 3, 4, 0, 0), 'date_tagged': datetime.datetime(2018, 7, 2, 0, 0), 'tagged_by_company': 'natural', 'tagged_by_crew': 1, 'init_detect_by': 'natural', 'init_detect_date': datetime.datetime(2018, 7, 2, 0, 0), 'requires_shutdown': False, 'date_repaired': datetime.datetime(2018, 7, 2, 16, 0), 'repair_delay': 0, 'OGI_sp_covered': 1}, {'leak_ID': 'ABRAND00751_0000000003', 'facility_ID': 'ABRAND00751', 'equipment_group': 1, 'rate': 0.012746799235378711, 'lat': 52.28, 'lon': -114.68, 'status': 'repaired', 'days_active': 120, 'days_active_prog_start': 0, 'tagged': True, 'component': 'unknown', 'date_began': datetime.datetime(2019, 2, 22, 0, 0), 'date_tagged': datetime.datetime(2019, 6, 22, 0, 0), 'tagged_by_company': 'natural', 'tagged_by_crew': 1, 'init_detect_by': 'natural', 'init_detect_date': datetime.datetime(2019, 6, 22, 0, 0), 'requires_shutdown': False, 'date_repaired': datetime.datetime(2019, 6, 22, 16, 0), 'repair_delay': 0, 'OGI_sp_covered': 1}, {'leak_ID': 'ABRAND00751_0000000004', 'facility_ID': 'ABRAND00751', 'equipment_group': 2, 'rate': 0.07056398865317604, 'lat': 52.28, 'lon': -114.68, 'status': 'repaired', 'days_active': 120, 'days_active_prog_start': 0, 'tagged': True, 'component': 'unknown', 'date_began': datetime.datetime(2019, 5, 26, 0, 0), 'date_tagged': datetime.datetime(2019, 9, 23, 0, 0), 'tagged_by_company': 'natural', 'tagged_by_crew': 3, 'init_detect_by': 'OGI', 'init_detect_date': datetime.datetime(2019, 9, 17, 10, 30), 'requires_shutdown': False, 'date_repaired': datetime.datetime(2019, 9, 23, 16, 0), 'repair_delay': 0, 'OGI_sp_covered': 1}]",[],0,False,,,,3,4,45,30,False,6,4,0,5,0.0,1595.1322034073712,0.3527054108216433,0.6738963034692133,0.8740450429629432
ABRAND00615,601,52.91,-115.27,3,6,2,2,2,120,1,30,20,120,1,lognorm,0.062287158377333125,[1.462],"['kilogram', 'hour']",<scipy.stats._distn_infrastructure.rv_frozen object at 0x000002073C01D1C8>,0,7,60,3596.38713236283,[],"[{'leak_ID': 'ABRAND00615_0000000000', 'facility_ID': 'ABRAND00615', 'equipment_group': 1, 'rate': 0.03450634951105306, 'lat': 52.91, 'lon': -115.27, 'status': 'repaired', 'days_active': 120, 'days_active_prog_start': 0, 'tagged': True, 'component': 'unknown', 'date_began': datetime.datetime(2017, 2, 13, 0, 0), 'date_tagged': datetime.datetime(2017, 6, 13, 0, 0), 'tagged_by_company': 'natural', 'tagged_by_crew': 1, 'init_detect_by': 'natural', 'init_detect_date': datetime.datetime(2017, 6, 13, 0, 0), 'requires_shutdown': False, 'date_repaired': datetime.datetime(2017, 6, 13, 16, 0), 'repair_delay': 0, 'OGI_sp_covered': 1}, {'leak_ID': 'ABRAND00615_0000000001', 'facility_ID': 'ABRAND00615', 'equipment_group': 2, 'rate': 0.12398154373721927, 'lat': 52.91, 'lon': -115.27, 'status': 'repaired', 'days_active': 113, 'days_active_prog_start': 0, 'tagged': True, 'component': 'unknown', 'date_began': datetime.datetime(2017, 4, 13, 0, 0), 'date_tagged': datetime.datetime(2017, 7, 19, 13, 0), 'tagged_by_company': 'OGI', 'tagged_by_crew': 1, 'init_detect_by': 'OGI', 'init_detect_date': datetime.datetime(2017, 7, 19, 13, 0), 'requires_shutdown': False, 'date_repaired': datetime.datetime(2017, 8, 4, 16, 0), 'repair_delay': 16, 'OGI_sp_covered': 1}, {'leak_ID': 'ABRAND00615_0000000002', 'facility_ID': 'ABRAND00615', 'equipment_group': 1, 'rate': 0.03014340098139979, 'lat': 52.91, 'lon': -115.27, 'status': 'repaired', 'days_active': 120, 'days_active_prog_start': 0, 'tagged': True, 'component': 'unknown', 'date_began': datetime.datetime(2018, 2, 27, 0, 0), 'date_tagged': datetime.datetime(2018, 6, 27, 0, 0), 'tagged_by_company': 'natural', 'tagged_by_crew': 1, 'init_detect_by': 'natural', 'init_detect_date': datetime.datetime(2018, 6, 27, 0, 0), 'requires_shutdown': False, 'date_repaired': datetime.datetime(2018, 6, 27, 0, 0), 'repair_delay': 0, 'OGI_sp_covered': 1}, {'leak_ID': 'ABRAND00615_0000000003', 'facility_ID': 'ABRAND00615', 'equipment_group': 1, 'rate': 0.011474903299012223, 'lat': 52.91, 'lon': -115.27, 'status': 'repaired', 'days_active': 120, 'days_active_prog_start': 0, 'tagged': True, 'component': 'unknown', 'date_began': datetime.datetime(2018, 5, 1, 0, 0), 'date_tagged': datetime.datetime(2018, 8, 29, 0, 0), 'tagged_by_company': 'natural', 'tagged_by_crew': 1, 'init_detect_by': 'natural', 'init_detect_date': datetime.datetime(2018, 8, 29, 0, 0), 'requires_shutdown': False, 'date_repaired': datetime.datetime(2018, 8, 29, 0, 0), 'repair_delay': 0, 'OGI_sp_covered': 1}, {'leak_ID': 'ABRAND00615_0000000004', 'facility_ID': 'ABRAND00615', 'equipment_group': 1, 'rate': 0.006402295782715999, 'lat': 52.91, 'lon': -115.27, 'status': 'repaired', 'days_active': 120, 'days_active_prog_start': 0, 'tagged': True, 'component': 'unknown', 'date_began': datetime.datetime(2019, 5, 20, 0, 0), 'date_tagged': datetime.datetime(2019, 9, 17, 0, 0), 'tagged_by_company': 'natural', 'tagged_by_crew': 1, 'init_detect_by': 'natural', 'init_detect_date': datetime.datetime(2019, 9, 17, 0, 0), 'requires_shutdown': False, 'date_repaired': datetime.datetime(2019, 9, 17, 16, 0), 'repair_delay': 0, 'OGI_sp_covered': 1}, {'leak_ID': 'ABRAND00615_0000000005', 'facility_ID': 'ABRAND00615', 'equipment_group': 2, 'rate': 0.0315483560467996, 'lat': 52.91, 'lon': -115.27, 'status': 'repaired', 'days_active': 120, 'days_active_prog_start': 0, 'tagged': True, 'component': 'unknown', 'date_began': datetime.datetime(2019, 6, 6, 0, 0), 'date_tagged': datetime.datetime(2019, 10, 4, 0, 0), 'tagged_by_company': 'natural', 'tagged_by_crew': 1, 'init_detect_by': 'natural', 'init_detect_date': datetime.datetime(2019, 10, 4, 0, 0), 'requires_shutdown': False, 'date_repaired': datetime.datetime(2019, 10, 4, 16, 0), 'repair_delay': 0, 'OGI_sp_covered': 1}, {'leak_ID': 'ABRAND00615_0000000006', 'facility_ID': 'ABRAND00615', 'equipment_group': 1, 'rate': 0.1832355256867208, 'lat': 52.91, 'lon': -115.27, 'status': 'repaired', 'days_active': 76, 'days_active_prog_start': 0, 'tagged': True, 'component': 'unknown', 'date_began': datetime.datetime(2019, 11, 21, 0, 0), 'date_tagged': datetime.datetime(2020, 1, 20, 13, 0), 'tagged_by_company': 'OGI', 'tagged_by_crew': 1, 'init_detect_by': 'OGI', 'init_detect_date': datetime.datetime(2020, 1, 20, 13, 0), 'requires_shutdown': False, 'date_repaired': datetime.datetime(2020, 2, 5, 16, 0), 'repair_delay': 16, 'OGI_sp_covered': 1}]",[],0,False,,,,2,4,45,30,False,6,10,0,7,0.0,3596.38713236283,0.35470941883767537,0.6757443793808805,1.9706230862262082
ABRAND01009,351,52.73,-113.86,2,6,2,2,2,120,1,30,20,120,1,lognorm,0.062287158377333125,[1.462],"['kilogram', 'hour']",<scipy.stats._distn_infrastructure.rv_frozen object at 0x000002073C01D1C8>,1,3,60,105.27648080309311,[],"[{'leak_ID': 'ABRAND01009_0000000001', 'facility_ID': 'ABRAND01009', 'equipment_group': 1, 'rate': 0.010263399284816815, 'lat': 52.73, 'lon': -113.86, 'status': 'repaired', 'days_active': 120, 'days_active_prog_start': 43, 'tagged': True, 'component': 'unknown', 'date_began': datetime.datetime(2016, 11, 19, 0, 0), 'date_tagged': datetime.datetime(2017, 3, 18, 0, 0), 'tagged_by_company': 'natural', 'tagged_by_crew': 1, 'init_detect_by': 'natural', 'init_detect_date': datetime.datetime(2017, 3, 18, 0, 0), 'requires_shutdown': False, 'date_repaired': datetime.datetime(2017, 3, 18, 16, 0), 'repair_delay': 0, 'OGI_sp_covered': 1}, {'leak_ID': 'ABRAND01009_0000000001', 'facility_ID': 'ABRAND01009', 'equipment_group': 1, 'rate': 0.0008731380299055954, 'lat': 52.73, 'lon': -113.86, 'status': 'repaired', 'days_active': 120, 'days_active_prog_start': 0, 'tagged': True, 'component': 'unknown', 'date_began': datetime.datetime(2018, 5, 3, 0, 0), 'date_tagged': datetime.datetime(2018, 8, 31, 0, 0), 'tagged_by_company': 'natural', 'tagged_by_crew': 1, 'init_detect_by': 'natural', 'init_detect_date': datetime.datetime(2018, 8, 31, 0, 0), 'requires_shutdown': False, 'date_repaired': datetime.datetime(2018, 8, 31, 16, 0), 'repair_delay': 0, 'OGI_sp_covered': 1}, {'leak_ID': 'ABRAND01009_0000000002', 'facility_ID': 'ABRAND01009', 'equipment_group': 2, 'rate': 0.002695162321277255, 'lat': 52.73, 'lon': -113.86, 'status': 'repaired', 'days_active': 120, 'days_active_prog_start': 0, 'tagged': True, 'component': 'unknown', 'date_began': datetime.datetime(2018, 9, 3, 0, 0), 'date_tagged': datetime.datetime(2019, 1, 1, 0, 0), 'tagged_by_company': 'natural', 'tagged_by_crew': 1, 'init_detect_by': 'natural', 'init_detect_date': datetime.datetime(2019, 1, 1, 0, 0), 'requires_shutdown': False, 'date_repaired': datetime.datetime(2019, 1, 1, 0, 0), 'repair_delay': 0, 'OGI_sp_covered': 1}]",[],1,False,,,,3,4,45,30,False,6,3,0,3,0.0,105.27648080309311,0.35671342685370744,0.6775809670187892,0.057685742905804444
ABRAND00330,311,53.2,-116.25,3,6,2,2,2,120,1,30,20,120,1,lognorm,0.062287158377333125,[1.462],"['kilogram', 'hour']",<scipy.stats._distn_infrastructure.rv_frozen object at 0x000002073C01D1C8>,0,2,60,181.4353051008353,[],"[{'leak_ID': 'ABRAND00330_0000000000', 'facility_ID': 'ABRAND00330', 'equipment_group': 2, 'rate': 0.007440054538513025, 'lat': 53.2, 'lon': -116.25, 'status': 'repaired', 'days_active': 120, 'days_active_prog_start': 0, 'tagged': True, 'component': 'unknown', 'date_began': datetime.datetime(2020, 3, 29, 0, 0), 'date_tagged': datetime.datetime(2020, 7, 27, 0, 0), 'tagged_by_company': 'natural', 'tagged_by_crew': 1, 'init_detect_by': 'natural', 'init_detect_date': datetime.datetime(2020, 7, 27, 0, 0), 'requires_shutdown': False, 'date_repaired': datetime.datetime(2020, 7, 27, 16, 0), 'repair_delay': 0, 'OGI_sp_covered': 1}, {'leak_ID': 'ABRAND00330_0000000001', 'facility_ID': 'ABRAND00330', 'equipment_group': 2, 'rate': 0.03772309738336671, 'lat': 53.2, 'lon': -116.25, 'status': 'repaired', 'days_active': 32, 'days_active_prog_start': 0, 'tagged': True, 'component': 'unknown', 'date_began': datetime.datetime(2021, 7, 3, 0, 0), 'date_tagged': datetime.datetime(2021, 7, 19, 13, 0), 'tagged_by_company': 'OGI', 'tagged_by_crew': 3, 'init_detect_by': 'OGI', 'init_detect_date': datetime.datetime(2021, 7, 19, 13, 0), 'requires_shutdown': False, 'date_repaired': datetime.datetime(2021, 8, 4, 16, 0), 'repair_delay': 16, 'OGI_sp_covered': 1}]",[],0,False,,,,2,4,45,30,False,6,1,0,2,0.0,181.4353051008353,0.3587174348697395,0.6793928832122132,0.09941660553470427
ABRAND00423,311,53.21,-115.92,1,6,2,2,2,120,1,30,20,120,1,lognorm,0.062287158377333125,[1.462],"['kilogram', 'hour']",<scipy.stats._distn_infrastructure.rv_frozen object at 0x000002073C01D1C8>,0,10,60,3691.580562848747,[],"[{'leak_ID': 'ABRAND00423_0000000001', 'facility_ID': 'ABRAND00423', 'equipment_group': 1, 'rate': 0.10729694336838973, 'lat': 53.21, 'lon': -115.92, 'status': 'repaired', 'days_active': 20, 'days_active_prog_start': 0, 'tagged': True, 'component': 'unknown', 'date_began': datetime.datetime(2017, 7, 16, 0, 0), 'date_tagged': datetime.datetime(2017, 7, 20, 8, 0), 'tagged_by_company': 'OGI', 'tagged_by_crew': 1, 'init_detect_by': 'OGI', 'init_detect_date': datetime.datetime(2017, 7, 20, 8, 0), 'requires_shutdown': False, 'date_repaired': datetime.datetime(2017, 8, 5, 16, 0), 'repair_delay': 16, 'OGI_sp_covered': 1}, {'leak_ID': 'ABRAND00423_0000000000', 'facility_ID': 'ABRAND00423', 'equipment_group': 1, 'rate': 0.008992068737257877, 'lat': 53.21, 'lon': -115.92, 'status': 'repaired', 'days_active': 120, 'days_active_prog_start': 0, 'tagged': True, 'component': 'unknown', 'date_began': datetime.datetime(2017, 4, 21, 0, 0), 'date_tagged': datetime.datetime(2017, 8, 19, 0, 0), 'tagged_by_company': 'natural', 'tagged_by_crew': 1, 'init_detect_by': 'natural', 'init_detect_date': datetime.datetime(2017, 8, 19, 0, 0), 'requires_shutdown': False, 'date_repaired': datetime.datetime(2017, 8, 19, 16, 0), 'repair_delay': 0, 'OGI_sp_covered': 1}, {'leak_ID': 'ABRAND00423_0000000002', 'facility_ID': 'ABRAND00423', 'equipment_group': 1, 'rate': 0.003113614672165603, 'lat': 53.21, 'lon': -115.92, 'status': 'repaired', 'days_active': 120, 'days_active_prog_start': 0, 'tagged': True, 'component': 'unknown', 'date_began': datetime.datetime(2017, 9, 13, 0, 0), 'date_tagged': datetime.datetime(2018, 1, 11, 0, 0), 'tagged_by_company': 'natural', 'tagged_by_crew': 1, 'init_detect_by': 'natural', 'init_detect_date': datetime.datetime(2018, 1, 11, 0, 0), 'requires_shutdown': False, 'date_repaired': datetime.datetime(2018, 1, 11, 16, 0), 'repair_delay': 0, 'OGI_sp_covered': 0}, {'leak_ID': 'ABRAND00423_0000000003', 'facility_ID': 'ABRAND00423', 'equipment_group': 1, 'rate': 0.03844024538996243, 'lat': 53.21, 'lon': -115.92, 'status': 'repaired', 'days_active': 78, 'days_active_prog_start': 0, 'tagged': True, 'component': 'unknown', 'date_began': datetime.datetime(2017, 11, 20, 0, 0), 'date_tagged': datetime.datetime(2018, 1, 21, 8, 0), 'tagged_by_company': 'OGI', 'tagged_by_crew': 1, 'init_detect_by': 'OGI', 'init_detect_date': datetime.datetime(2018, 1, 21, 8, 0), 'requires_shutdown': False, 'date_repaired': datetime.datetime(2018, 2, 6, 16, 0), 'repair_delay': 16, 'OGI_sp_covered': 1}, {'leak_ID': 'ABRAND00423_0000000004', 'facility_ID': 'ABRAND00423', 'equipment_group': 1, 'rate': 0.012629472708323855, 'lat': 53.21, 'lon': -115.92, 'status': 'repaired', 'days_active': 120, 'days_active_prog_start': 0, 'tagged': True, 'component': 'unknown', 'date_began': datetime.datetime(2018, 6, 26, 0, 0), 'date_tagged': datetime.datetime(2018, 10, 24, 0, 0), 'tagged_by_company': 'natural', 'tagged_by_crew': 1, 'init_detect_by': 'natural', 'init_detect_date': datetime.datetime(2018, 10, 24, 0, 0), 'requires_shutdown': False, 'date_repaired': datetime.datetime(2018, 10, 24, 13, 30), 'repair_delay': 0, 'OGI_sp_covered': 1}, {'leak_ID': 'ABRAND00423_0000000005', 'facility_ID': 'ABRAND00423', 'equipment_group': 1, 'rate': 0.23382798176212147, 'lat': 53.21, 'lon': -115.92, 'status': 'repaired', 'days_active': 120, 'days_active_prog_start': 0, 'tagged': True, 'component': 'unknown', 'date_began': datetime.datetime(2018, 11, 20, 0, 0), 'date_tagged': datetime.datetime(2019, 3, 20, 0, 0), 'tagged_by_company': 'natural', 'tagged_by_crew': 1, 'init_detect_by': 'natural', 'init_detect_date': datetime.datetime(2019, 3, 20, 0, 0), 'requires_shutdown': False, 'date_repaired': datetime.datetime(2019, 3, 20, 16, 0), 'repair_delay': 0, 'OGI_sp_covered': 1}, {'leak_ID': 'ABRAND00423_0000000006', 'facility_ID': 'ABRAND00423', 'equipment_group': 1, 'rate': 0.010638369438504302, 'lat': 53.21, 'lon': -115.92, 'status': 'repaired', 'days_active': 120, 'days_active_prog_start': 0, 'tagged': True, 'component': 'unknown', 'date_began': datetime.datetime(2019, 4, 11, 0, 0), 'date_tagged': datetime.datetime(2019, 8, 9, 0, 0), 'tagged_by_company': 'natural', 'tagged_by_crew': 1, 'init_detect_by': 'natural', 'init_detect_date': datetime.datetime(2019, 8, 9, 0, 0), 'requires_shutdown': False, 'date_repaired': datetime.datetime(2019, 8, 9, 16, 0), 'repair_delay': 0, 'OGI_sp_covered': 0}, {'leak_ID': 'ABRAND00423_0000000007', 'facility_ID': 'ABRAND00423', 'equipment_group': 1, 'rate': 0.021562446016143943, 'lat': 53.21, 'lon': -115.92, 'status': 'repaired', 'days_active': 120, 'days_active_prog_start': 0, 'tagged': True, 'component': 'unknown', 'date_began': datetime.datetime(2020, 3, 7, 0, 0), 'date_tagged': datetime.datetime(2020, 7, 5, 0, 0), 'tagged_by_company': 'natural', 'tagged_by_crew': 1, 'init_detect_by': 'natural', 'init_detect_date': datetime.datetime(2020, 7, 5, 0, 0), 'requires_shutdown': False, 'date_repaired': datetime.datetime(2020, 7, 5, 16, 0), 'repair_delay': 0, 'OGI_sp_covered': 1}, {'leak_ID': 'ABRAND00423_0000000008', 'facility_ID': 'ABRAND00423', 'equipment_group': 1, 'rate': 0.017311577744512145, 'lat': 53.21, 'lon': -115.92, 'status': 'repaired', 'days_active': 120, 'days_active_prog_start': 0, 'tagged': True, 'component': 'unknown', 'date_began': datetime.datetime(2020, 3, 11, 0, 0), 'date_tagged': datetime.datetime(2020, 7, 9, 0, 0), 'tagged_by_company': 'natural', 'tagged_by_crew': 1, 'init_detect_by': 'natural', 'init_detect_date': datetime.datetime(2020, 7, 9, 0, 0), 'requires_shutdown': False, 'date_repaired': datetime.datetime(2020, 7, 9, 16, 0), 'repair_delay': 0, 'OGI_sp_covered': 1}, {'leak_ID': 'ABRAND00423_0000000009', 'facility_ID': 'ABRAND00423', 'equipment_group': 1, 'rate': 0.005110709562959042, 'lat': 53.21, 'lon': -115.92, 'status': 'repaired', 'days_active': 120, 'days_active_prog_start': 0, 'tagged': True, 'component': 'unknown', 'date_began': datetime.datetime(2021, 3, 2, 0, 0), 'date_tagged': datetime.datetime(2021, 6, 30, 0, 0), 'tagged_by_company': 'natural', 'tagged_by_crew': 1, 'init_detect_by': 'natural', 'init_detect_date': datetime.datetime(2021, 6, 30, 0, 0), 'requires_shutdown': False, 'date_repaired': datetime.datetime(2021, 6, 30, 0, 0), 'repair_delay': 0, 'OGI_sp_covered': 1}]",[],0,False,,,,2,4,44,30,False,6,12,0,10,0.0,3691.580562848747,0.36072144288577157,0.6812041391764164,2.022783870054108
ABRAND00206,351,54.2,-118.74,4,6,2,2,2,120,1,30,20,120,1,lognorm,0.062287158377333125,[1.462],"['kilogram', 'hour']",<scipy.stats._distn_infrastructure.rv_frozen object at 0x000002073C01D1C8>,0,1,60,419.2843005993862,[],"[{'leak_ID': 'ABRAND00206_0000000000', 'facility_ID': 'ABRAND00206', 'equipment_group': 1, 'rate': 0.1244314757239394, 'lat': 54.2, 'lon': -118.74, 'status': 'repaired', 'days_active': 39, 'days_active_prog_start': 0, 'tagged': True, 'component': 'unknown', 'date_began': datetime.datetime(2020, 2, 27, 0, 0), 'date_tagged': datetime.datetime(2020, 3, 21, 8, 0), 'tagged_by_company': 'OGI', 'tagged_by_crew': 2, 'init_detect_by': 'OGI', 'init_detect_date': datetime.datetime(2020, 3, 21, 8, 0), 'requires_shutdown': False, 'date_repaired': datetime.datetime(2020, 4, 6, 16, 0), 'repair_delay': 16, 'OGI_sp_covered': 1}]",[],0,False,,,,2,4,44,30,False,6,0,0,1,0.0,419.2843005993862,0.3627254509018036,0.6830108878640959,0.22974482224623902
ABRAND00810,361,52.69,-114.47,2,6,2,2,2,120,1,30,20,120,1,lognorm,0.062287158377333125,[1.462],"['kilogram', 'hour']",<scipy.stats._distn_infrastructure.rv_frozen object at 0x000002073C01D1C8>,0,6,60,594.3904847505119,"[{'leak_ID': 'ABRAND00810_0000000005', 'facility_ID': 'ABRAND00810', 'equipment_group': 2, 'rate': 0.13222995692873454, 'lat': 52.69, 'lon': -114.47, 'status': 'active', 'days_active': 8, 'days_active_prog_start': 0, 'tagged': False, 'component': 'unknown', 'date_began': datetime.datetime(2021, 12, 22, 0, 0), 'date_tagged': None, 'tagged_by_company': None, 'tagged_by_crew': None, 'init_detect_by': None, 'init_detect_date': None, 'requires_shutdown': False, 'date_repaired': None, 'repair_delay': None}]","[{'leak_ID': 'ABRAND00810_0000000000', 'facility_ID': 'ABRAND00810', 'equipment_group': 2, 'rate': 0.0002791561109906658, 'lat': 52.69, 'lon': -114.47, 'status': 'repaired', 'days_active': 120, 'days_active_prog_start': 0, 'tagged': True, 'component': 'unknown', 'date_began': datetime.datetime(2018, 2, 20, 0, 0), 'date_tagged': datetime.datetime(2018, 6, 20, 0, 0), 'tagged_by_company': 'natural', 'tagged_by_crew': 1, 'init_detect_by': 'natural', 'init_detect_date': datetime.datetime(2018, 6, 20, 0, 0), 'requires_shutdown': False, 'date_repaired': datetime.datetime(2018, 6, 20, 16, 0), 'repair_delay': 0, 'OGI_sp_covered': 1}, {'leak_ID': 'ABRAND00810_0000000001', 'facility_ID': 'ABRAND00810', 'equipment_group': 1, 'rate': 0.1730289878202706, 'lat': 52.69, 'lon': -114.47, 'status': 'repaired', 'days_active': 16, 'days_active_prog_start': 0, 'tagged': True, 'component': 'unknown', 'date_began': datetime.datetime(2018, 9, 18, 0, 0), 'date_tagged': datetime.datetime(2018, 9, 18, 8, 0), 'tagged_by_company': 'OGI', 'tagged_by_crew': 3, 'init_detect_by': 'OGI', 'init_detect_date': datetime.datetime(2018, 9, 18, 8, 0), 'requires_shutdown': False, 'date_repaired': datetime.datetime(2018, 10, 4, 16, 0), 'repair_delay': 16, 'OGI_sp_covered': 1}, {'leak_ID': 'ABRAND00810_0000000002', 'facility_ID': 'ABRAND00810', 'equipment_group': 1, 'rate': 0.004946756171209171, 'lat': 52.69, 'lon': -114.47, 'status': 'repaired', 'days_active': 120, 'days_active_prog_start': 0, 'tagged': True, 'component': 'unknown', 'date_began': datetime.datetime(2019, 1, 7, 0, 0), 'date_tagged': datetime.datetime(2019, 5, 7, 0, 0), 'tagged_by_company': 'natural', 'tagged_by_crew': 1, 'init_detect_by': 'natural', 'init_detect_date': datetime.datetime(2019, 5, 7, 0, 0), 'requires_shutdown': False, 'date_repaired': datetime.datetime(2019, 5, 7, 16, 0), 'repair_delay': 0, 'OGI_sp_covered': 0}, {'leak_ID': 'ABRAND00810_0000000003', 'facility_ID': 'ABRAND00810', 'equipment_group': 1, 'rate': 0.00622163078175369, 'lat': 52.69, 'lon': -114.47, 'status': 'repaired', 'days_active': 120, 'days_active_prog_start': 0, 'tagged': True, 'component': 'unknown', 'date_began': datetime.datetime(2020, 5, 6, 0, 0), 'date_tagged': datetime.datetime(2020, 9, 3, 0, 0), 'tagged_by_company': 'natural', 'tagged_by_crew': 1, 'init_detect_by': 'natural', 'init_detect_date': datetime.datetime(2020, 9, 3, 0, 0), 'requires_shutdown': False, 'date_repaired': datetime.datetime(2020, 9, 3, 16, 0), 'repair_delay': 0, 'OGI_sp_covered': 1}, {'leak_ID': 'ABRAND00810_0000000004', 'facility_ID': 'ABRAND00810', 'equipment_group': 1, 'rate': 0.013995923926654918, 'lat': 52.69, 'lon': -114.47, 'status': 'repaired', 'days_active': 120, 'days_active_prog_start': 0, 'tagged': True, 'component': 'unknown', 'date_began': datetime.datetime(2020, 5, 11, 0, 0), 'date_tagged': datetime.datetime(2020, 9, 8, 0, 0), 'tagged_by_company': 'natural', 'tagged_by_crew': 1, 'init_detect_by': 'natural', 'init_detect_date': datetime.datetime(2020, 9, 8, 0, 0), 'requires_shutdown': False, 'date_repaired': datetime.datetime(2020, 9, 8, 16, 0), 'repair_delay': 0, 'OGI_sp_covered': 1}]",[],0,False,,,,3,4,44,30,False,6,5,1,5,91.39734622914132,502.9931385213705,0.36472945891783565,0.6848166175102273,0.32569341630165033
ABRAND00323,601,53.31,-116.29,5,6,2,2,2,120,1,30,20,120,1,lognorm,0.062287158377333125,[1.462],"['kilogram', 'hour']",<scipy.stats._distn_infrastructure.rv_frozen object at 0x000002073C01D1C8>,2,7,60,1946.8431681078325,[],"[{'leak_ID': 'ABRAND00323_0000000001', 'facility_ID': 'ABRAND00323', 'equipment_group': 4, 'rate': 0.09022097651650168, 'lat': 53.31, 'lon': -116.29, 'status': 'repaired', 'days_active': 120, 'days_active_prog_start': 107, 'tagged': True, 'component': 'unknown', 'date_began': datetime.datetime(2016, 9, 16, 0, 0), 'date_tagged': datetime.datetime(2017, 1, 13, 0, 0), 'tagged_by_company': 'natural', 'tagged_by_crew': 1, 'init_detect_by': 'natural', 'init_detect_date': datetime.datetime(2017, 1, 13, 0, 0), 'requires_shutdown': False, 'date_repaired': datetime.datetime(2017, 1, 13, 16, 0), 'repair_delay': 0}, {'leak_ID': 'ABRAND00323_0000000002', 'facility_ID': 'ABRAND00323', 'equipment_group': 2, 'rate': 0.028284704082464612, 'lat': 53.31, 'lon': -116.29, 'status': 'repaired', 'days_active': 120, 'days_active_prog_start': 3, 'tagged': True, 'component': 'unknown', 'date_began': datetime.datetime(2016, 12, 29, 0, 0), 'date_tagged': datetime.datetime(2017, 4, 27, 0, 0), 'tagged_by_company': 'natural', 'tagged_by_crew': 1, 'init_detect_by': 'natural', 'init_detect_date': datetime.datetime(2017, 4, 27, 0, 0), 'requires_shutdown': False, 'date_repaired': datetime.datetime(2017, 4, 27, 0, 0), 'repair_delay': 0, 'OGI_sp_covered': 1}, {'leak_ID': 'ABRAND00323_0000000002', 'facility_ID': 'ABRAND00323', 'equipment_group': 4, 'rate': 0.0017600328984778146, 'lat': 53.31, 'lon': -116.29, 'status': 'repaired', 'days_active': 120, 'days_active_prog_start': 0, 'tagged': True, 'component': 'unknown', 'date_began': datetime.datetime(2018, 7, 3, 0, 0), 'date_tagged': datetime.datetime(2018, 10, 31, 0, 0), 'tagged_by_company': 'natural', 'tagged_by_crew': 1, 'init_detect_by': 'natural', 'init_detect_date': datetime.datetime(2018, 10, 31, 0, 0), 'requires_shutdown': False, 'date_repaired': datetime.datetime(2018, 10, 31, 16, 0), 'repair_delay': 0, 'OGI_sp_covered': 1}, {'leak_ID': 'ABRAND00323_0000000003', 'facility_ID': 'ABRAND00323', 'equipment_group': 1, 'rate': 0.2383660573957833, 'lat': 53.31, 'lon': -116.29, 'status': 'repaired', 'days_active': 60, 'days_active_prog_start': 0, 'tagged': True, 'component': 'unknown', 'date_began': datetime.datetime(2019, 2, 6, 0, 0), 'date_tagged': datetime.datetime(2019, 3, 22, 10, 30), 'tagged_by_company': 'OGI', 'tagged_by_crew': 1, 'init_detect_by': 'OGI', 'init_detect_date': datetime.datetime(2019, 3, 22, 10, 30), 'requires_shutdown': False, 'date_repaired': datetime.datetime(2019, 4, 7, 16, 0), 'repair_delay': 16, 'OGI_sp_covered': 1}, {'leak_ID': 'ABRAND00323_0000000004', 'facility_ID': 'ABRAND00323', 'equipment_group': 4, 'rate': 0.002628869678350614, 'lat': 53.31, 'lon': -116.29, 'status': 'repaired', 'days_active': 120, 'days_active_prog_start': 0, 'tagged': True, 'component': 'unknown', 'date_began': datetime.datetime(2019, 8, 2, 0, 0), 'date_tagged': datetime.datetime(2019, 11, 30, 0, 0), 'tagged_by_company': 'natural', 'tagged_by_crew': 1, 'init_detect_by': 'natural', 'init_detect_date': datetime.datetime(2019, 11, 30, 0, 0), 'requires_shutdown': False, 'date_repaired': datetime.datetime(2019, 11, 30, 16, 0), 'repair_delay': 0, 'OGI_sp_covered': 1}, {'leak_ID': 'ABRAND00323_0000000005', 'facility_ID': 'ABRAND00323', 'equipment_group': 1, 'rate': 0.004816895535893166, 'lat': 53.31, 'lon': -116.29, 'status': 'repaired', 'days_active': 120, 'days_active_prog_start': 0, 'tagged': True, 'component': 'unknown', 'date_began': datetime.datetime(2019, 8, 25, 0, 0), 'date_tagged': datetime.datetime(2019, 12, 23, 0, 0), 'tagged_by_company': 'natural', 'tagged_by_crew': 1, 'init_detect_by': 'natural', 'init_detect_date': datetime.datetime(2019, 12, 23, 0, 0), 'requires_shutdown': False, 'date_repaired': datetime.datetime(2019, 12, 23, 13, 30), 'repair_delay': 0, 'OGI_sp_covered': 1}, {'leak_ID': 'ABRAND00323_0000000006', 'facility_ID': 'ABRAND00323', 'equipment_group': 4, 'rate': 0.022033872905405236, 'lat': 53.31, 'lon': -116.29, 'status': 'repaired', 'days_active': 120, 'days_active_prog_start': 0, 'tagged': True, 'component': 'unknown', 'date_began': datetime.datetime(2020, 12, 23, 0, 0), 'date_tagged': datetime.datetime(2021, 4, 22, 0, 0), 'tagged_by_company': 'natural', 'tagged_by_crew': 1, 'init_detect_by': 'natural', 'init_detect_date': datetime.datetime(2021, 4, 22, 0, 0), 'requires_shutdown': False, 'date_repaired': datetime.datetime(2021, 4, 22, 16, 0), 'repair_delay': 0, 'OGI_sp_covered': 1}]",[],2,False,,,,2,4,44,30,False,6,9,0,7,0.0,1946.8431681078325,0.3667334669338677,0.6866169790793758,1.0667633797851137
ABRAND00989,351,52.64,-114.02,1,6,2,2,2,120,1,30,20,120,1,lognorm,0.062287158377333125,[1.462],"['kilogram', 'hour']",<scipy.stats._distn_infrastructure.rv_frozen object at 0x000002073C01D1C8>,1,3,60,461.95655340899754,"[{'leak_ID': 'ABRAND00989_0000000002', 'facility_ID': 'ABRAND00989', 'equipment_group': 1, 'rate': 0.0031298149728474422, 'lat': 52.64, 'lon': -114.02, 'status': 'active', 'days_active': 117, 'days_active_prog_start': 0, 'tagged': False, 'component': 'unknown', 'date_began': datetime.datetime(2021, 9, 4, 0, 0), 'date_tagged': None, 'tagged_by_company': None, 'tagged_by_crew': None, 'init_detect_by': None, 'init_detect_date': None, 'requires_shutdown': False, 'date_repaired': None, 'repair_delay': None, 'OGI_sp_covered': 1}]","[{'leak_ID': 'ABRAND00989_0000000001', 'facility_ID': 'ABRAND00989', 'equipment_group': 1, 'rate': 0.06841628612416509, 'lat': 52.64, 'lon': -114.02, 'status': 'repaired', 'days_active': 107, 'days_active_prog_start': 70, 'tagged': True, 'component': 'unknown', 'date_began': datetime.datetime(2016, 10, 23, 0, 0), 'date_tagged': datetime.datetime(2017, 1, 21, 10, 30), 'tagged_by_company': 'OGI', 'tagged_by_crew': 2, 'init_detect_by': 'OGI', 'init_detect_date': datetime.datetime(2017, 1, 21, 10, 30), 'requires_shutdown': False, 'date_repaired': datetime.datetime(2017, 2, 6, 16, 0), 'repair_delay': 16, 'OGI_sp_covered': 1}, {'leak_ID': 'ABRAND00989_0000000001', 'facility_ID': 'ABRAND00989', 'equipment_group': 1, 'rate': 0.020409403581186952, 'lat': 52.64, 'lon': -114.02, 'status': 'repaired', 'days_active': 120, 'days_active_prog_start': 0, 'tagged': True, 'component': 'unknown', 'date_began': datetime.datetime(2019, 3, 27, 0, 0), 'date_tagged': datetime.datetime(2019, 7, 25, 0, 0), 'tagged_by_company': 'natural', 'tagged_by_crew': 1, 'init_detect_by': 'natural', 'init_detect_date': datetime.datetime(2019, 7, 25, 0, 0), 'requires_shutdown': False, 'date_repaired': datetime.datetime(2019, 7, 25, 16, 0), 'repair_delay': 0, 'OGI_sp_covered': 1}]",[],1,False,,,,3,4,44,30,False,6,3,1,2,31.638673597520224,430.3178798114773,0.3687374749498998,0.6884163341541438,0.2531268785802726
ABRAND00227,351,54.49,-118.63,4,6,2,2,2,120,1,30,20,120,1,lognorm,0.062287158377333125,[1.462],"['kilogram', 'hour']",<scipy.stats._distn_infrastructure.rv_frozen object at 0x000002073C01D1C8>,2,6,60,694.5666695087882,"[{'leak_ID': 'ABRAND00227_0000000005', 'facility_ID': 'ABRAND00227', 'equipment_group': 1, 'rate': 0.008478313502162677, 'lat': 54.49, 'lon': -118.63, 'status': 'active', 'days_active': 94, 'days_active_prog_start': 0, 'tagged': False, 'component': 'unknown', 'date_began': datetime.datetime(2021, 9, 27, 0, 0), 'date_tagged': None, 'tagged_by_company': None, 'tagged_by_crew': None, 'init_detect_by': None, 'init_detect_date': None, 'requires_shutdown': False, 'date_repaired': None, 'repair_delay': None, 'OGI_sp_covered': 1}]","[{'leak_ID': 'ABRAND00227_0000000001', 'facility_ID': 'ABRAND00227', 'equipment_group': 3, 'rate': 0.04817642874309455, 'lat': 54.49, 'lon': -118.63, 'status': 'repaired', 'days_active': 120, 'days_active_prog_start': 114, 'tagged': True, 'component': 'unknown', 'date_began': datetime.datetime(2016, 9, 9, 0, 0), 'date_tagged': datetime.datetime(2017, 1, 6, 0, 0), 'tagged_by_company': 'natural', 'tagged_by_crew': 1, 'init_detect_by': 'natural', 'init_detect_date': datetime.datetime(2017, 1, 6, 0, 0), 'requires_shutdown': False, 'date_repaired': datetime.datetime(2017, 1, 6, 16, 0), 'repair_delay': 0}, {'leak_ID': 'ABRAND00227_0000000002', 'facility_ID': 'ABRAND00227', 'equipment_group': 4, 'rate': 0.017914720087179054, 'lat': 54.49, 'lon': -118.63, 'status': 'repaired', 'days_active': 120, 'days_active_prog_start': 97, 'tagged': True, 'component': 'unknown', 'date_began': datetime.datetime(2016, 9, 26, 0, 0), 'date_tagged': datetime.datetime(2017, 1, 23, 0, 0), 'tagged_by_company': 'natural', 'tagged_by_crew': 1, 'init_detect_by': 'natural', 'init_detect_date': datetime.datetime(2017, 1, 23, 0, 0), 'requires_shutdown': False, 'date_repaired': datetime.datetime(2017, 1, 23, 16, 0), 'repair_delay': 0, 'OGI_sp_covered': 1}, {'leak_ID': 'ABRAND00227_0000000002', 'facility_ID': 'ABRAND00227', 'equipment_group': 4, 'rate': 0.05685243055180183, 'lat': 54.49, 'lon': -118.63, 'status': 'repaired', 'days_active': 38, 'days_active_prog_start': 0, 'tagged': True, 'component': 'unknown', 'date_began': datetime.datetime(2018, 2, 28, 0, 0), 'date_tagged': datetime.datetime(2018, 3, 22, 10, 30), 'tagged_by_company': 'OGI', 'tagged_by_crew': 3, 'init_detect_by': 'OGI', 'init_detect_date': datetime.datetime(2018, 3, 22, 10, 30), 'requires_shutdown': False, 'date_repaired': datetime.datetime(2018, 4, 7, 16, 0), 'repair_delay': 16, 'OGI_sp_covered': 1}, {'leak_ID': 'ABRAND00227_0000000003', 'facility_ID': 'ABRAND00227', 'equipment_group': 2, 'rate': 0.035725783901298186, 'lat': 54.49, 'lon': -118.63, 'status': 'repaired', 'days_active': 120, 'days_active_prog_start': 0, 'tagged': True, 'component': 'unknown', 'date_began': datetime.datetime(2018, 9, 28, 0, 0), 'date_tagged': datetime.datetime(2019, 1, 26, 0, 0), 'tagged_by_company': 'natural', 'tagged_by_crew': 1, 'init_detect_by': 'natural', 'init_detect_date': datetime.datetime(2019, 1, 26, 0, 0), 'requires_shutdown': False, 'date_repaired': datetime.datetime(2019, 1, 26, 16, 0), 'repair_delay': 0, 'OGI_sp_covered': 1}, {'leak_ID': 'ABRAND00227_0000000004', 'facility_ID': 'ABRAND00227', 'equipment_group': 3, 'rate': 0.0007785087457200966, 'lat': 54.49, 'lon': -118.63, 'status': 'repaired', 'days_active': 120, 'days_active_prog_start': 0, 'tagged': True, 'component': 'unknown', 'date_began': datetime.datetime(2020, 2, 17, 0, 0), 'date_tagged': datetime.datetime(2020, 6, 16, 0, 0), 'tagged_by_company': 'natural', 'tagged_by_crew': 1, 'init_detect_by': 'natural', 'init_detect_date': datetime.datetime(2020, 6, 16, 0, 0), 'requires_shutdown': False, 'date_repaired': datetime.datetime(2020, 6, 16, 16, 0), 'repair_delay': 0, 'OGI_sp_covered': 1}]",[],2,False,,,,2,4,44,30,False,6,4,1,5,68.8574709391644,625.7091985696238,0.37074148296593185,0.6902135256221431,0.3805844764431716
ABRAND00852,311,51.98,-114.36,2,6,2,2,2,120,1,30,20,120,1,lognorm,0.062287158377333125,[1.462],"['kilogram', 'hour']",<scipy.stats._distn_infrastructure.rv_frozen object at 0x000002073C01D1C8>,0,3,60,471.6716993393198,[],"[{'leak_ID': 'ABRAND00852_0000000000', 'facility_ID': 'ABRAND00852', 'equipment_group': 2, 'rate': 0.017645425832919212, 'lat': 51.98, 'lon': -114.36, 'status': 'repaired', 'days_active': 120, 'days_active_prog_start': 0, 'tagged': True, 'component': 'unknown', 'date_began': datetime.datetime(2017, 4, 24, 0, 0), 'date_tagged': datetime.datetime(2017, 8, 22, 0, 0), 'tagged_by_company': 'natural', 'tagged_by_crew': 1, 'init_detect_by': 'natural', 'init_detect_date': datetime.datetime(2017, 8, 22, 0, 0), 'requires_shutdown': False, 'date_repaired': datetime.datetime(2017, 8, 22, 16, 0), 'repair_delay': 0, 'OGI_sp_covered': 1}, {'leak_ID': 'ABRAND00852_0000000001', 'facility_ID': 'ABRAND00852', 'equipment_group': 1, 'rate': 0.009787961286967219, 'lat': 51.98, 'lon': -114.36, 'status': 'repaired', 'days_active': 120, 'days_active_prog_start': 0, 'tagged': True, 'component': 'unknown', 'date_began': datetime.datetime(2017, 6, 5, 0, 0), 'date_tagged': datetime.datetime(2017, 10, 3, 0, 0), 'tagged_by_company': 'natural', 'tagged_by_crew': 1, 'init_detect_by': 'natural', 'init_detect_date': datetime.datetime(2017, 10, 3, 0, 0), 'requires_shutdown': False, 'date_repaired': datetime.datetime(2017, 10, 3, 16, 0), 'repair_delay': 0, 'OGI_sp_covered': 1}, {'leak_ID': 'ABRAND00852_0000000002', 'facility_ID': 'ABRAND00852', 'equipment_group': 1, 'rate': 0.04249326926296687, 'lat': 51.98, 'lon': -114.36, 'status': 'repaired', 'days_active': 51, 'days_active_prog_start': 0, 'tagged': True, 'component': 'unknown', 'date_began': datetime.datetime(2018, 8, 14, 0, 0), 'date_tagged': datetime.datetime(2018, 9, 18, 13, 0), 'tagged_by_company': 'OGI', 'tagged_by_crew': 1, 'init_detect_by': 'OGI', 'init_detect_date': datetime.datetime(2018, 9, 18, 13, 0), 'requires_shutdown': False, 'date_repaired': datetime.datetime(2018, 10, 4, 16, 0), 'repair_delay': 16, 'OGI_sp_covered': 1}]",[],0,False,,,,3,4,44,30,False,6,3,0,3,0.0,471.6716993393198,0.3727454909819639,0.6920053057094658,0.2584502462133259
ABRAND00008,601,55.28,-119.92,4,6,2,2,2,120,1,30,20,120,1,lognorm,0.062287158377333125,[1.462],"['kilogram', 'hour']",<scipy.stats._distn_infrastructure.rv_frozen object at 0x000002073C01D1C8>,1,3,60,1394.516060899303,[],"[{'leak_ID': 'ABRAND00008_0000000001', 'facility_ID': 'ABRAND00008', 'equipment_group': 2, 'rate': 0.2226120175836267, 'lat': 55.28, 'lon': -119.92, 'status': 'repaired', 'days_active': 120, 'days_active_prog_start': 92, 'tagged': True, 'component': 'unknown', 'date_began': datetime.datetime(2016, 10, 1, 0, 0), 'date_tagged': datetime.datetime(2017, 1, 28, 0, 0), 'tagged_by_company': 'natural', 'tagged_by_crew': 1, 'init_detect_by': 'natural', 'init_detect_date': datetime.datetime(2017, 1, 28, 0, 0), 'requires_shutdown': False, 'date_repaired': datetime.datetime(2017, 1, 28, 16, 0), 'repair_delay': 0, 'OGI_sp_covered': 0}, {'leak_ID': 'ABRAND00008_0000000001', 'facility_ID': 'ABRAND00008', 'equipment_group': 4, 'rate': 0.10774059404439598, 'lat': 55.28, 'lon': -119.92, 'status': 'repaired', 'days_active': 76, 'days_active_prog_start': 0, 'tagged': True, 'component': 'unknown', 'date_began': datetime.datetime(2017, 5, 21, 0, 0), 'date_tagged': datetime.datetime(2017, 7, 20, 13, 0), 'tagged_by_company': 'OGI', 'tagged_by_crew': 2, 'init_detect_by': 'OGI', 'init_detect_date': datetime.datetime(2017, 7, 20, 13, 0), 'requires_shutdown': False, 'date_repaired': datetime.datetime(2017, 8, 5, 16, 0), 'repair_delay': 16, 'OGI_sp_covered': 1}, {'leak_ID': 'ABRAND00008_0000000002', 'facility_ID': 'ABRAND00008', 'equipment_group': 1, 'rate': 0.014323421221824029, 'lat': 55.28, 'lon': -119.92, 'status': 'repaired', 'days_active': 120, 'days_active_prog_start': 0, 'tagged': True, 'component': 'unknown', 'date_began': datetime.datetime(2019, 5, 30, 0, 0), 'date_tagged': datetime.datetime(2019, 9, 27, 0, 0), 'tagged_by_company': 'natural', 'tagged_by_crew': 1, 'init_detect_by': 'natural', 'init_detect_date': datetime.datetime(2019, 9, 27, 0, 0), 'requires_shutdown': False, 'date_repaired': datetime.datetime(2019, 9, 27, 16, 0), 'repair_delay': 0, 'OGI_sp_covered': 1}]",[],1,False,,,,1,4,44,30,False,6,2,0,3,0.0,1394.516060899303,0.374749498997996,0.693793639430474,0.7641183895338647
ABRAND00624,601,53.01,-115.25,2,6,2,2,2,120,1,30,20,120,1,lognorm,0.062287158377333125,[1.462],"['kilogram', 'hour']",<scipy.stats._distn_infrastructure.rv_frozen object at 0x000002073C01D1C8>,0,6,60,922.7623512157197,[],"[{'leak_ID': 'ABRAND00624_0000000000', 'facility_ID': 'ABRAND00624', 'equipment_group': 2, 'rate': 0.0007779240335051542, 'lat': 53.01, 'lon': -115.25, 'status': 'repaired', 'days_active': 120, 'days_active_prog_start': 0, 'tagged': True, 'component': 'unknown', 'date_began': datetime.datetime(2018, 1, 16, 0, 0), 'date_tagged': datetime.datetime(2018, 5, 16, 0, 0), 'tagged_by_company': 'natural', 'tagged_by_crew': 1, 'init_detect_by': 'natural', 'init_detect_date': datetime.datetime(2018, 5, 16, 0, 0), 'requires_shutdown': False, 'date_repaired': datetime.datetime(2018, 5, 16, 16, 0), 'repair_delay': 0, 'OGI_sp_covered': 1}, {'leak_ID': 'ABRAND00624_0000000001', 'facility_ID': 'ABRAND00624', 'equipment_group': 1, 'rate': 0.031166515137074722, 'lat': 53.01, 'lon': -115.25, 'status': 'repaired', 'days_active': 120, 'days_active_prog_start': 0, 'tagged': True, 'component': 'unknown', 'date_began': datetime.datetime(2019, 2, 8, 0, 0), 'date_tagged': datetime.datetime(2019, 6, 8, 0, 0), 'tagged_by_company': 'natural', 'tagged_by_crew': 1, 'init_detect_by': 'natural', 'init_detect_date': datetime.datetime(2019, 6, 8, 0, 0), 'requires_shutdown': False, 'date_repaired': datetime.datetime(2019, 6, 8, 16, 0), 'repair_delay': 0, 'OGI_sp_covered': 1}, {'leak_ID': 'ABRAND00624_0000000002', 'facility_ID': 'ABRAND00624', 'equipment_group': 1, 'rate': 0.002170447913872658, 'lat': 53.01, 'lon': -115.25, 'status': 'repaired', 'days_active': 120, 'days_active_prog_start': 0, 'tagged': True, 'component': 'unknown', 'date_began': datetime.datetime(2019, 11, 25, 0, 0), 'date_tagged': datetime.datetime(2020, 3, 24, 0, 0), 'tagged_by_company': 'natural', 'tagged_by_crew': 1, 'init_detect_by': 'natural', 'init_detect_date': datetime.datetime(2020, 3, 24, 0, 0), 'requires_shutdown': False, 'date_repaired': datetime.datetime(2020, 3, 24, 16, 0), 'repair_delay': 0, 'OGI_sp_covered': 1}, {'leak_ID': 'ABRAND00624_0000000003', 'facility_ID': 'ABRAND00624', 'equipment_group': 1, 'rate': 0.023457049591478128, 'lat': 53.01, 'lon': -115.25, 'status': 'repaired', 'days_active': 120, 'days_active_prog_start': 0, 'tagged': True, 'component': 'unknown', 'date_began': datetime.datetime(2019, 12, 3, 0, 0), 'date_tagged': datetime.datetime(2020, 4, 1, 0, 0), 'tagged_by_company': 'natural', 'tagged_by_crew': 1, 'init_detect_by': 'natural', 'init_detect_date': datetime.datetime(2020, 4, 1, 0, 0), 'requires_shutdown': False, 'date_repaired': datetime.datetime(2020, 4, 1, 16, 0), 'repair_delay': 0, 'OGI_sp_covered': 1}, {'leak_ID': 'ABRAND00624_0000000004', 'facility_ID': 'ABRAND00624', 'equipment_group': 2, 'rate': 0.0034877994812975844, 'lat': 53.01, 'lon': -115.25, 'status': 'repaired', 'days_active': 120, 'days_active_prog_start': 0, 'tagged': True, 'component': 'unknown', 'date_began': datetime.datetime(2020, 9, 22, 0, 0), 'date_tagged': datetime.datetime(2021, 1, 20, 0, 0), 'tagged_by_company': 'natural', 'tagged_by_crew': 1, 'init_detect_by': 'natural', 'init_detect_date': datetime.datetime(2021, 1, 20, 0, 0), 'requires_shutdown': False, 'date_repaired': datetime.datetime(2021, 1, 20, 16, 0), 'repair_delay': 0, 'OGI_sp_covered': 1}, {'leak_ID': 'ABRAND00624_0000000005', 'facility_ID': 'ABRAND00624', 'equipment_group': 2, 'rate': 0.027941262223917556, 'lat': 53.01, 'lon': -115.25, 'status': 'repaired', 'days_active': 120, 'days_active_prog_start': 0, 'tagged': True, 'component': 'unknown', 'date_began': datetime.datetime(2021, 8, 15, 0, 0), 'date_tagged': datetime.datetime(2021, 12, 13, 0, 0), 'tagged_by_company': 'natural', 'tagged_by_crew': 1, 'init_detect_by': 'natural', 'init_detect_date': datetime.datetime(2021, 12, 13, 0, 0), 'requires_shutdown': False, 'date_repaired': datetime.datetime(2021, 12, 13, 16, 0), 'repair_delay': 0, 'OGI_sp_covered': 1}]",[],0,False,,,,2,4,44,30,False,6,9,0,6,0.0,922.7623512157197,0.37675350701402804,0.6955805027268765,0.5056232061455999
ABRAND00714,601,52.98,-114.89,3,6,2,2,2,120,1,30,20,120,1,lognorm,0.062287158377333125,[1.462],"['kilogram', 'hour']",<scipy.stats._distn_infrastructure.rv_frozen object at 0x000002073C01D1C8>,0,4,60,419.14504357196915,"[{'leak_ID': 'ABRAND00714_0000000003', 'facility_ID': 'ABRAND00714', 'equipment_group': 1, 'rate': 0.0020273632652758693, 'lat': 52.98, 'lon': -114.89, 'status': 'active', 'days_active': 50, 'days_active_prog_start': 0, 'tagged': False, 'component': 'unknown', 'date_began': datetime.datetime(2021, 11, 10, 0, 0), 'date_tagged': None, 'tagged_by_company': None, 'tagged_by_crew': None, 'init_detect_by': None, 'init_detect_date': None, 'requires_shutdown': False, 'date_repaired': None, 'repair_delay': None, 'OGI_sp_covered': 1}]","[{'leak_ID': 'ABRAND00714_0000000000', 'facility_ID': 'ABRAND00714', 'equipment_group': 1, 'rate': 0.023243492332664085, 'lat': 52.98, 'lon': -114.89, 'status': 'repaired', 'days_active': 120, 'days_active_prog_start': 0, 'tagged': True, 'component': 'unknown', 'date_began': datetime.datetime(2017, 3, 17, 0, 0), 'date_tagged': datetime.datetime(2017, 7, 15, 0, 0), 'tagged_by_company': 'natural', 'tagged_by_crew': 1, 'init_detect_by': 'natural', 'init_detect_date': datetime.datetime(2017, 7, 15, 0, 0), 'requires_shutdown': False, 'date_repaired': datetime.datetime(2017, 7, 15, 16, 0), 'repair_delay': 0, 'OGI_sp_covered': 1}, {'leak_ID': 'ABRAND00714_0000000001', 'facility_ID': 'ABRAND00714', 'equipment_group': 2, 'rate': 0.0017078764750633663, 'lat': 52.98, 'lon': -114.89, 'status': 'repaired', 'days_active': 120, 'days_active_prog_start': 0, 'tagged': True, 'component': 'unknown', 'date_began': datetime.datetime(2019, 12, 24, 0, 0), 'date_tagged': datetime.datetime(2020, 4, 22, 0, 0), 'tagged_by_company': 'natural', 'tagged_by_crew': 1, 'init_detect_by': 'natural', 'init_detect_date': datetime.datetime(2020, 4, 22, 0, 0), 'requires_shutdown': False, 'date_repaired': datetime.datetime(2020, 4, 22, 16, 0), 'repair_delay': 0, 'OGI_sp_covered': 1}, {'leak_ID': 'ABRAND00714_0000000002', 'facility_ID': 'ABRAND00714', 'equipment_group': 1, 'rate': 0.042821545411997265, 'lat': 52.98, 'lon': -114.89, 'status': 'repaired', 'days_active': 41, 'days_active_prog_start': 0, 'tagged': True, 'component': 'unknown', 'date_began': datetime.datetime(2020, 12, 28, 0, 0), 'date_tagged': datetime.datetime(2021, 1, 22, 8, 0), 'tagged_by_company': 'OGI', 'tagged_by_crew': 1, 'init_detect_by': 'OGI', 'init_detect_date': datetime.datetime(2021, 1, 22, 8, 0), 'requires_shutdown': False, 'date_repaired': datetime.datetime(2021, 2, 7, 16, 0), 'repair_delay': 16, 'OGI_sp_covered': 1}]",[],0,False,,,,2,4,43,30,False,6,4,1,3,8.758209305991757,410.38683426597737,0.3787575150300601,0.6973572751506042,0.2296685170257365
ABRAND01004,601,52.94,-113.91,5,6,2,2,2,120,1,30,20,120,1,lognorm,0.062287158377333125,[1.462],"['kilogram', 'hour']",<scipy.stats._distn_infrastructure.rv_frozen object at 0x000002073C01D1C8>,0,3,60,2518.7374152522893,[],"[{'leak_ID': 'ABRAND01004_0000000000', 'facility_ID': 'ABRAND01004', 'equipment_group': 1, 'rate': 0.027676424984732544, 'lat': 52.94, 'lon': -113.91, 'status': 'repaired', 'days_active': 120, 'days_active_prog_start': 0, 'tagged': True, 'component': 'unknown', 'date_began': datetime.datetime(2017, 11, 2, 0, 0), 'date_tagged': datetime.datetime(2018, 3, 2, 0, 0), 'tagged_by_company': 'natural', 'tagged_by_crew': 1, 'init_detect_by': 'natural', 'init_detect_date': datetime.datetime(2018, 3, 2, 0, 0), 'requires_shutdown': False, 'date_repaired': datetime.datetime(2018, 3, 2, 0, 0), 'repair_delay': 0, 'OGI_sp_covered': 1}, {'leak_ID': 'ABRAND01004_0000000001', 'facility_ID': 'ABRAND01004', 'equipment_group': 5, 'rate': 0.25295490248547037, 'lat': 52.94, 'lon': -113.91, 'status': 'repaired', 'days_active': 72, 'days_active_prog_start': 0, 'tagged': True, 'component': 'unknown', 'date_began': datetime.datetime(2019, 5, 26, 0, 0), 'date_tagged': datetime.datetime(2019, 7, 21, 8, 0), 'tagged_by_company': 'OGI', 'tagged_by_crew': 2, 'init_detect_by': 'OGI', 'init_detect_date': datetime.datetime(2019, 7, 21, 8, 0), 'requires_shutdown': False, 'date_repaired': datetime.datetime(2019, 8, 6, 16, 0), 'repair_delay': 16, 'OGI_sp_covered': 1}, {'leak_ID': 'ABRAND01004_0000000002', 'facility_ID': 'ABRAND01004', 'equipment_group': 3, 'rate': 0.1692917653366688, 'lat': 52.94, 'lon': -113.91, 'status': 'repaired', 'days_active': 45, 'days_active_prog_start': 0, 'tagged': True, 'component': 'unknown', 'date_began': datetime.datetime(2021, 6, 22, 0, 0), 'date_tagged': datetime.datetime(2021, 7, 21, 8, 0), 'tagged_by_company': 'OGI', 'tagged_by_crew': 2, 'init_detect_by': 'OGI', 'init_detect_date': datetime.datetime(2021, 7, 21, 8, 0), 'requires_shutdown': False, 'date_repaired': datetime.datetime(2021, 8, 6, 16, 0), 'repair_delay': 16, 'OGI_sp_covered': 1}]",[],0,False,,,,2,4,43,30,False,6,2,0,3,0.0,2518.7374152522893,0.3807615230460922,0.6991326039630128,1.3801300905491996
ABRAND00358,601,53.02,-116.12,5,6,2,2,2,120,1,30,20,120,1,lognorm,0.062287158377333125,[1.462],"['kilogram', 'hour']",<scipy.stats._distn_infrastructure.rv_frozen object at 0x000002073C01D1C8>,0,8,60,5865.175897492427,[],"[{'leak_ID': 'ABRAND00358_0000000000', 'facility_ID': 'ABRAND00358', 'equipment_group': 4, 'rate': 0.0034115244060399846, 'lat': 53.02, 'lon': -116.12, 'status': 'repaired', 'days_active': 120, 'days_active_prog_start': 0, 'tagged': True, 'component': 'unknown', 'date_began': datetime.datetime(2018, 1, 19, 0, 0), 'date_tagged': datetime.datetime(2018, 5, 19, 0, 0), 'tagged_by_company': 'natural', 'tagged_by_crew': 1, 'init_detect_by': 'natural', 'init_detect_date': datetime.datetime(2018, 5, 19, 0, 0), 'requires_shutdown': False, 'date_repaired': datetime.datetime(2018, 5, 19, 16, 0), 'repair_delay': 0, 'OGI_sp_covered': 1}, {'leak_ID': 'ABRAND00358_0000000002', 'facility_ID': 'ABRAND00358', 'equipment_group': 3, 'rate': 0.040206172084816166, 'lat': 53.02, 'lon': -116.12, 'status': 'repaired', 'days_active': 28, 'days_active_prog_start': 0, 'tagged': True, 'component': 'unknown', 'date_began': datetime.datetime(2019, 1, 10, 0, 0), 'date_tagged': datetime.datetime(2019, 1, 22, 8, 0), 'tagged_by_company': 'OGI', 'tagged_by_crew': 3, 'init_detect_by': 'OGI', 'init_detect_date': datetime.datetime(2019, 1, 22, 8, 0), 'requires_shutdown': False, 'date_repaired': datetime.datetime(2019, 2, 7, 16, 0), 'repair_delay': 16, 'OGI_sp_covered': 1}, {'leak_ID': 'ABRAND00358_0000000001', 'facility_ID': 'ABRAND00358', 'equipment_group': 5, 'rate': 0.016982652781208328, 'lat': 53.02, 'lon': -116.12, 'status': 'repaired', 'days_active': 120, 'days_active_prog_start': 0, 'tagged': True, 'component': 'unknown', 'date_began': datetime.datetime(2018, 11, 4, 0, 0), 'date_tagged': datetime.datetime(2019, 3, 4, 0, 0), 'tagged_by_company': 'natural', 'tagged_by_crew': 1, 'init_detect_by': 'natural', 'init_detect_date': datetime.datetime(2019, 3, 4, 0, 0), 'requires_shutdown': False, 'date_repaired': datetime.datetime(2019, 3, 4, 16, 0), 'repair_delay': 0, 'OGI_sp_covered': 1}, {'leak_ID': 'ABRAND00358_0000000003', 'facility_ID': 'ABRAND00358', 'equipment_group': 4, 'rate': 0.012886560147019768, 'lat': 53.02, 'lon': -116.12, 'status': 'repaired', 'days_active': 120, 'days_active_prog_start': 0, 'tagged': True, 'component': 'unknown', 'date_began': datetime.datetime(2019, 1, 17, 0, 0), 'date_tagged': datetime.datetime(2019, 5, 17, 0, 0), 'tagged_by_company': 'natural', 'tagged_by_crew': 1, 'init_detect_by': 'natural', 'init_detect_date': datetime.datetime(2019, 5, 17, 0, 0), 'requires_shutdown': False, 'date_repaired': datetime.datetime(2019, 5, 17, 16, 0), 'repair_delay': 0, 'OGI_sp_covered': 0}, {'leak_ID': 'ABRAND00358_0000000004', 'facility_ID': 'ABRAND00358', 'equipment_group': 3, 'rate': 0.021057869932140143, 'lat': 53.02, 'lon': -116.12, 'status': 'repaired', 'days_active': 120, 'days_active_prog_start': 0, 'tagged': True, 'component': 'unknown', 'date_began': datetime.datetime(2020, 4, 24, 0, 0), 'date_tagged': datetime.datetime(2020, 8, 22, 0, 0), 'tagged_by_company': 'natural', 'tagged_by_crew': 1, 'init_detect_by': 'natural', 'init_detect_date': datetime.datetime(2020, 8, 22, 0, 0), 'requires_shutdown': False, 'date_repaired': datetime.datetime(2020, 8, 22, 16, 0), 'repair_delay': 0, 'OGI_sp_covered': 1}, {'leak_ID': 'ABRAND00358_0000000005', 'facility_ID': 'ABRAND00358', 'equipment_group': 3, 'rate': 0.005537295584865362, 'lat': 53.02, 'lon': -116.12, 'status': 'repaired', 'days_active': 120, 'days_active_prog_start': 0, 'tagged': True, 'component': 'unknown', 'date_began': datetime.datetime(2021, 5, 2, 0, 0), 'date_tagged': datetime.datetime(2021, 8, 30, 0, 0), 'tagged_by_company': 'natural', 'tagged_by_crew': 1, 'init_detect_by': 'natural', 'init_detect_date': datetime.datetime(2021, 8, 30, 0, 0), 'requires_shutdown': False, 'date_repaired': datetime.datetime(2021, 8, 30, 16, 0), 'repair_delay': 0, 'OGI_sp_covered': 0}, {'leak_ID': 'ABRAND00358_0000000006', 'facility_ID': 'ABRAND00358', 'equipment_group': 1, 'rate': 0.49089862207281065, 'lat': 53.02, 'lon': -116.12, 'status': 'repaired', 'days_active': 120, 'days_active_prog_start': 0, 'tagged': True, 'component': 'unknown', 'date_began': datetime.datetime(2021, 8, 9, 0, 0), 'date_tagged': datetime.datetime(2021, 12, 7, 0, 0), 'tagged_by_company': 'natural', 'tagged_by_crew': 1, 'init_detect_by': 'natural', 'init_detect_date': datetime.datetime(2021, 12, 7, 0, 0), 'requires_shutdown': False, 'date_repaired': datetime.datetime(2021, 12, 7, 16, 0), 'repair_delay': 0, 'OGI_sp_covered': 1}, {'leak_ID': 'ABRAND00358_0000000007', 'facility_ID': 'ABRAND00358', 'equipment_group': 1, 'rate': 0.005543870714885627, 'lat': 53.02, 'lon': -116.12, 'status': 'repaired', 'days_active': 120, 'days_active_prog_start': 0, 'tagged': True, 'component': 'unknown', 'date_began': datetime.datetime(2021, 8, 20, 0, 0), 'date_tagged': datetime.datetime(2021, 12, 18, 0, 0), 'tagged_by_company': 'natural', 'tagged_by_crew': 1, 'init_detect_by': 'natural', 'init_detect_date': datetime.datetime(2021, 12, 18, 0, 0), 'requires_shutdown': False, 'date_repaired': datetime.datetime(2021, 12, 18, 16, 0), 'repair_delay': 0, 'OGI_sp_covered': 1}]",[],0,False,,,,2,4,43,30,False,6,9,0,8,0.0,5865.175897492427,0.38276553106212424,0.7009077658880677,3.2137950123246175
ABRAND00512,501,52.98,-115.67,3,6,2,2,2,120,1,30,20,120,1,lognorm,0.062287158377333125,[1.462],"['kilogram', 'hour']",<scipy.stats._distn_infrastructure.rv_frozen object at 0x000002073C01D1C8>,1,5,60,599.6545377314817,[],"[{'leak_ID': 'ABRAND00512_0000000001', 'facility_ID': 'ABRAND00512', 'equipment_group': 1, 'rate': 0.007070719678539217, 'lat': 52.98, 'lon': -115.67, 'status': 'repaired', 'days_active': 120, 'days_active_prog_start': 51, 'tagged': True, 'component': 'unknown', 'date_began': datetime.datetime(2016, 11, 11, 0, 0), 'date_tagged': datetime.datetime(2017, 3, 10, 0, 0), 'tagged_by_company': 'natural', 'tagged_by_crew': 1, 'init_detect_by': 'natural', 'init_detect_date': datetime.datetime(2017, 3, 10, 0, 0), 'requires_shutdown': False, 'date_repaired': datetime.datetime(2017, 3, 10, 16, 0), 'repair_delay': 0, 'OGI_sp_covered': 0}, {'leak_ID': 'ABRAND00512_0000000001', 'facility_ID': 'ABRAND00512', 'equipment_group': 3, 'rate': 0.009887772609958479, 'lat': 52.98, 'lon': -115.67, 'status': 'repaired', 'days_active': 120, 'days_active_prog_start': 0, 'tagged': True, 'component': 'unknown', 'date_began': datetime.datetime(2018, 5, 10, 0, 0), 'date_tagged': datetime.datetime(2018, 9, 7, 0, 0), 'tagged_by_company': 'natural', 'tagged_by_crew': 1, 'init_detect_by': 'natural', 'init_detect_date': datetime.datetime(2018, 9, 7, 0, 0), 'requires_shutdown': False, 'date_repaired': datetime.datetime(2018, 9, 7, 16, 0), 'repair_delay': 0, 'OGI_sp_covered': 1}, {'leak_ID': 'ABRAND00512_0000000002', 'facility_ID': 'ABRAND00512', 'equipment_group': 1, 'rate': 0.0691485415654932, 'lat': 52.98, 'lon': -115.67, 'status': 'repaired', 'days_active': 61, 'days_active_prog_start': 0, 'tagged': True, 'component': 'unknown', 'date_began': datetime.datetime(2019, 10, 4, 0, 0), 'date_tagged': datetime.datetime(2019, 11, 18, 10, 30), 'tagged_by_company': 'OGI', 'tagged_by_crew': 1, 'init_detect_by': 'OGI', 'init_detect_date': datetime.datetime(2019, 11, 18, 10, 30), 'requires_shutdown': False, 'date_repaired': datetime.datetime(2019, 12, 4, 16, 0), 'repair_delay': 16, 'OGI_sp_covered': 1}, {'leak_ID': 'ABRAND00512_0000000003', 'facility_ID': 'ABRAND00512', 'equipment_group': 1, 'rate': 0.0063134818087716305, 'lat': 52.98, 'lon': -115.67, 'status': 'repaired', 'days_active': 120, 'days_active_prog_start': 0, 'tagged': True, 'component': 'unknown', 'date_began': datetime.datetime(2020, 7, 1, 0, 0), 'date_tagged': datetime.datetime(2020, 10, 29, 0, 0), 'tagged_by_company': 'natural', 'tagged_by_crew': 1, 'init_detect_by': 'natural', 'init_detect_date': datetime.datetime(2020, 10, 29, 0, 0), 'requires_shutdown': False, 'date_repaired': datetime.datetime(2020, 10, 29, 16, 0), 'repair_delay': 0, 'OGI_sp_covered': 1}, {'leak_ID': 'ABRAND00512_0000000004', 'facility_ID': 'ABRAND00512', 'equipment_group': 1, 'rate': 0.0024196234583075886, 'lat': 52.98, 'lon': -115.67, 'status': 'repaired', 'days_active': 120, 'days_active_prog_start': 0, 'tagged': True, 'component': 'unknown', 'date_began': datetime.datetime(2021, 6, 27, 0, 0), 'date_tagged': datetime.datetime(2021, 10, 25, 0, 0), 'tagged_by_company': 'natural', 'tagged_by_crew': 1, 'init_detect_by': 'natural', 'init_detect_date': datetime.datetime(2021, 10, 25, 0, 0), 'requires_shutdown': False, 'date_repaired': datetime.datetime(2021, 10, 25, 0, 0), 'repair_delay': 0, 'OGI_sp_covered': 1}]",[],1,False,,,,2,4,43,30,False,6,6,0,5,0.0,599.6545377314817,0.3847695390781563,0.7026702545104989,0.3285778288939626
ABRAND00798,311,52.61,-114.51,5,6,2,2,2,120,1,30,20,120,1,lognorm,0.062287158377333125,[1.462],"['kilogram', 'hour']",<scipy.stats._distn_infrastructure.rv_frozen object at 0x000002073C01D1C8>,1,4,60,354.2674636264684,[],"[{'leak_ID': 'ABRAND00798_0000000001', 'facility_ID': 'ABRAND00798', 'equipment_group': 3, 'rate': 0.0273091186414019, 'lat': 52.61, 'lon': -114.51, 'status': 'repaired', 'days_active': 120, 'days_active_prog_start': 51, 'tagged': True, 'component': 'unknown', 'date_began': datetime.datetime(2016, 11, 11, 0, 0), 'date_tagged': datetime.datetime(2017, 3, 10, 0, 0), 'tagged_by_company': 'natural', 'tagged_by_crew': 1, 'init_detect_by': 'natural', 'init_detect_date': datetime.datetime(2017, 3, 10, 0, 0), 'requires_shutdown': False, 'date_repaired': datetime.datetime(2017, 3, 10, 16, 0), 'repair_delay': 0, 'OGI_sp_covered': 1}, {'leak_ID': 'ABRAND00798_0000000001', 'facility_ID': 'ABRAND00798', 'equipment_group': 3, 'rate': 0.0013132953758224334, 'lat': 52.61, 'lon': -114.51, 'status': 'repaired', 'days_active': 120, 'days_active_prog_start': 0, 'tagged': True, 'component': 'unknown', 'date_began': datetime.datetime(2019, 5, 22, 0, 0), 'date_tagged': datetime.datetime(2019, 9, 19, 0, 0), 'tagged_by_company': 'natural', 'tagged_by_crew': 1, 'init_detect_by': 'natural', 'init_detect_date': datetime.datetime(2019, 9, 19, 0, 0), 'requires_shutdown': False, 'date_repaired': datetime.datetime(2019, 9, 19, 16, 0), 'repair_delay': 0, 'OGI_sp_covered': 1}, {'leak_ID': 'ABRAND00798_0000000002', 'facility_ID': 'ABRAND00798', 'equipment_group': 4, 'rate': 0.015001586676675364, 'lat': 52.61, 'lon': -114.51, 'status': 'repaired', 'days_active': 120, 'days_active_prog_start': 0, 'tagged': True, 'component': 'unknown', 'date_began': datetime.datetime(2019, 8, 31, 0, 0), 'date_tagged': datetime.datetime(2019, 12, 29, 0, 0), 'tagged_by_company': 'natural', 'tagged_by_crew': 1, 'init_detect_by': 'natural', 'init_detect_date': datetime.datetime(2019, 12, 29, 0, 0), 'requires_shutdown': False, 'date_repaired': datetime.datetime(2019, 12, 29, 0, 0), 'repair_delay': 0, 'OGI_sp_covered': 1}, {'leak_ID': 'ABRAND00798_0000000003', 'facility_ID': 'ABRAND00798', 'equipment_group': 3, 'rate': 0.002151690279088504, 'lat': 52.61, 'lon': -114.51, 'status': 'repaired', 'days_active': 120, 'days_active_prog_start': 0, 'tagged': True, 'component': 'unknown', 'date_began': datetime.datetime(2020, 12, 23, 0, 0), 'date_tagged': datetime.datetime(2021, 4, 22, 0, 0), 'tagged_by_company': 'natural', 'tagged_by_crew': 1, 'init_detect_by': 'natural', 'init_detect_date': datetime.datetime(2021, 4, 22, 0, 0), 'requires_shutdown': False, 'date_repaired': datetime.datetime(2021, 4, 22, 16, 0), 'repair_delay': 0, 'OGI_sp_covered': 1}]",[],1,False,,,,3,4,43,30,False,6,6,0,4,0.0,354.2674636264684,0.3867735470941884,0.7044053647842062,0.19411915815148953
ABRAND00204,351,54.23,-118.75,1,6,2,2,2,120,1,30,20,120,1,lognorm,0.062287158377333125,[1.462],"['kilogram', 'hour']",<scipy.stats._distn_infrastructure.rv_frozen object at 0x000002073C01D1C8>,0,3,60,367.8709347322897,"[{'leak_ID': 'ABRAND00204_0000000002', 'facility_ID': 'ABRAND00204', 'equipment_group': 1, 'rate': 0.002112746893747206, 'lat': 54.23, 'lon': -118.75, 'status': 'active', 'days_active': 60, 'days_active_prog_start': 0, 'tagged': False, 'component': 'unknown', 'date_began': datetime.datetime(2021, 10, 31, 0, 0), 'date_tagged': None, 'tagged_by_company': None, 'tagged_by_crew': None, 'init_detect_by': None, 'init_detect_date': None, 'requires_shutdown': False, 'date_repaired': None, 'repair_delay': None, 'OGI_sp_covered': 1}]","[{'leak_ID': 'ABRAND00204_0000000000', 'facility_ID': 'ABRAND00204', 'equipment_group': 1, 'rate': 0.007934145890531293, 'lat': 54.23, 'lon': -118.75, 'status': 'repaired', 'days_active': 120, 'days_active_prog_start': 0, 'tagged': True, 'component': 'unknown', 'date_began': datetime.datetime(2019, 4, 30, 0, 0), 'date_tagged': datetime.datetime(2019, 8, 28, 0, 0), 'tagged_by_company': 'natural', 'tagged_by_crew': 1, 'init_detect_by': 'natural', 'init_detect_date': datetime.datetime(2019, 8, 28, 0, 0), 'requires_shutdown': False, 'date_repaired': datetime.datetime(2019, 8, 28, 0, 0), 'repair_delay': 0, 'OGI_sp_covered': 1}, {'leak_ID': 'ABRAND00204_0000000001', 'facility_ID': 'ABRAND00204', 'equipment_group': 1, 'rate': 0.02649085939834835, 'lat': 54.23, 'lon': -118.75, 'status': 'repaired', 'days_active': 120, 'days_active_prog_start': 0, 'tagged': True, 'component': 'unknown', 'date_began': datetime.datetime(2020, 6, 23, 0, 0), 'date_tagged': datetime.datetime(2020, 10, 21, 0, 0), 'tagged_by_company': 'natural', 'tagged_by_crew': 1, 'init_detect_by': 'natural', 'init_detect_date': datetime.datetime(2020, 10, 21, 0, 0), 'requires_shutdown': False, 'date_repaired': datetime.datetime(2020, 10, 21, 16, 0), 'repair_delay': 0, 'OGI_sp_covered': 1}]",[],0,False,,,,2,4,43,30,False,6,3,1,2,10.952479897185516,356.91845483510417,0.38877755511022044,0.7061337471911481,0.20157311492180258
ABRAND00359,401,53.11,-116.12,5,6,2,2,2,120,1,30,20,120,1,lognorm,0.062287158377333125,[1.462],"['kilogram', 'hour']",<scipy.stats._distn_infrastructure.rv_frozen object at 0x000002073C01D1C8>,0,9,60,7222.716115767124,[],"[{'leak_ID': 'ABRAND00359_0000000000', 'facility_ID': 'ABRAND00359', 'equipment_group': 1, 'rate': 0.5434962627606512, 'lat': 53.11, 'lon': -116.12, 'status': 'repaired', 'days_active': 120, 'days_active_prog_start': 0, 'tagged': True, 'component': 'unknown', 'date_began': datetime.datetime(2017, 11, 26, 0, 0), 'date_tagged': datetime.datetime(2018, 3, 26, 0, 0), 'tagged_by_company': 'natural', 'tagged_by_crew': 1, 'init_detect_by': 'OGI', 'init_detect_date': datetime.datetime(2018, 3, 23, 13, 0), 'requires_shutdown': False, 'date_repaired': datetime.datetime(2018, 3, 26, 16, 0), 'repair_delay': 0, 'OGI_sp_covered': 1}, {'leak_ID': 'ABRAND00359_0000000001', 'facility_ID': 'ABRAND00359', 'equipment_group': 4, 'rate': 0.006531547587137393, 'lat': 53.11, 'lon': -116.12, 'status': 'repaired', 'days_active': 120, 'days_active_prog_start': 0, 'tagged': True, 'component': 'unknown', 'date_began': datetime.datetime(2018, 1, 17, 0, 0), 'date_tagged': datetime.datetime(2018, 5, 17, 0, 0), 'tagged_by_company': 'natural', 'tagged_by_crew': 1, 'init_detect_by': 'natural', 'init_detect_date': datetime.datetime(2018, 5, 17, 0, 0), 'requires_shutdown': False, 'date_repaired': datetime.datetime(2018, 5, 17, 16, 0), 'repair_delay': 0, 'OGI_sp_covered': 1}, {'leak_ID': 'ABRAND00359_0000000002', 'facility_ID': 'ABRAND00359', 'equipment_group': 4, 'rate': 0.06068687102489464, 'lat': 53.11, 'lon': -116.12, 'status': 'repaired', 'days_active': 71, 'days_active_prog_start': 0, 'tagged': True, 'component': 'unknown', 'date_began': datetime.datetime(2018, 3, 28, 0, 0), 'date_tagged': datetime.datetime(2018, 5, 22, 13, 0), 'tagged_by_company': 'OGI', 'tagged_by_crew': 1, 'init_detect_by': 'OGI', 'init_detect_date': datetime.datetime(2018, 5, 22, 13, 0), 'requires_shutdown': False, 'date_repaired': datetime.datetime(2018, 6, 7, 16, 0), 'repair_delay': 16, 'OGI_sp_covered': 1}, {'leak_ID': 'ABRAND00359_0000000003', 'facility_ID': 'ABRAND00359', 'equipment_group': 5, 'rate': 0.021061031071402427, 'lat': 53.11, 'lon': -116.12, 'status': 'repaired', 'days_active': 120, 'days_active_prog_start': 0, 'tagged': True, 'component': 'unknown', 'date_began': datetime.datetime(2018, 4, 12, 0, 0), 'date_tagged': datetime.datetime(2018, 8, 10, 0, 0), 'tagged_by_company': 'natural', 'tagged_by_crew': 1, 'init_detect_by': 'natural', 'init_detect_date': datetime.datetime(2018, 8, 10, 0, 0), 'requires_shutdown': False, 'date_repaired': datetime.datetime(2018, 8, 10, 16, 0), 'repair_delay': 0, 'OGI_sp_covered': 1}, {'leak_ID': 'ABRAND00359_0000000004', 'facility_ID': 'ABRAND00359', 'equipment_group': 3, 'rate': 0.014977288448296261, 'lat': 53.11, 'lon': -116.12, 'status': 'repaired', 'days_active': 120, 'days_active_prog_start': 0, 'tagged': True, 'component': 'unknown', 'date_began': datetime.datetime(2018, 5, 22, 0, 0), 'date_tagged': datetime.datetime(2018, 9, 19, 0, 0), 'tagged_by_company': 'natural', 'tagged_by_crew': 1, 'init_detect_by': 'natural', 'init_detect_date': datetime.datetime(2018, 9, 19, 0, 0), 'requires_shutdown': False, 'date_repaired': datetime.datetime(2018, 9, 19, 16, 0), 'repair_delay': 0, 'OGI_sp_covered': 1}, {'leak_ID': 'ABRAND00359_0000000005', 'facility_ID': 'ABRAND00359', 'equipment_group': 2, 'rate': 0.019779573266981137, 'lat': 53.11, 'lon': -116.12, 'status': 'repaired', 'days_active': 120, 'days_active_prog_start': 0, 'tagged': True, 'component': 'unknown', 'date_began': datetime.datetime(2018, 7, 31, 0, 0), 'date_tagged': datetime.datetime(2018, 11, 28, 0, 0), 'tagged_by_company': 'natural', 'tagged_by_crew': 1, 'init_detect_by': 'natural', 'init_detect_date': datetime.datetime(2018, 11, 28, 0, 0), 'requires_shutdown': False, 'date_repaired': datetime.datetime(2018, 11, 28, 16, 0), 'repair_delay': 0, 'OGI_sp_covered': 0}, {'leak_ID': 'ABRAND00359_0000000006', 'facility_ID': 'ABRAND00359', 'equipment_group': 3, 'rate': 0.012562254357422111, 'lat': 53.11, 'lon': -116.12, 'status': 'repaired', 'days_active': 120, 'days_active_prog_start': 0, 'tagged': True, 'component': 'unknown', 'date_began': datetime.datetime(2020, 2, 1, 0, 0), 'date_tagged': datetime.datetime(2020, 5, 31, 0, 0), 'tagged_by_company': 'natural', 'tagged_by_crew': 1, 'init_detect_by': 'natural', 'init_detect_date': datetime.datetime(2020, 5, 31, 0, 0), 'requires_shutdown': False, 'date_repaired': datetime.datetime(2020, 5, 31, 16, 0), 'repair_delay': 0, 'OGI_sp_covered': 1}, {'leak_ID': 'ABRAND00359_0000000007', 'facility_ID': 'ABRAND00359', 'equipment_group': 1, 'rate': 0.017203985213091647, 'lat': 53.11, 'lon': -116.12, 'status': 'repaired', 'days_active': 120, 'days_active_prog_start': 0, 'tagged': True, 'component': 'unknown', 'date_began': datetime.datetime(2020, 2, 15, 0, 0), 'date_tagged': datetime.datetime(2020, 6, 14, 0, 0), 'tagged_by_company': 'natural', 'tagged_by_crew': 1, 'init_detect_by': 'natural', 'init_detect_date': datetime.datetime(2020, 6, 14, 0, 0), 'requires_shutdown': False, 'date_repaired': datetime.datetime(2020, 6, 14, 16, 0), 'repair_delay': 0, 'OGI_sp_covered': 1}, {'leak_ID': 'ABRAND00359_0000000008', 'facility_ID': 'ABRAND00359', 'equipment_group': 2, 'rate': 0.02511708643776577, 'lat': 53.11, 'lon': -116.12, 'status': 'repaired', 'days_active': 120, 'days_active_prog_start': 0, 'tagged': True, 'component': 'unknown', 'date_began': datetime.datetime(2020, 6, 29, 0, 0), 'date_tagged': datetime.datetime(2020, 10, 27, 0, 0), 'tagged_by_company': 'natural', 'tagged_by_crew': 1, 'init_detect_by': 'natural', 'init_detect_date': datetime.datetime(2020, 10, 27, 0, 0), 'requires_shutdown': False, 'date_repaired': datetime.datetime(2020, 10, 27, 0, 0), 'repair_delay': 0, 'OGI_sp_covered': 1}]",[],0,False,,,,2,4,43,30,False,6,12,0,9,0.0,7222.716115767124,0.3907815631262525,0.7078618689504195,3.9576526661737668
ABRAND00631,621,53.18,-115.21,3,6,2,2,2,120,1,30,20,120,1,lognorm,0.062287158377333125,[1.462],"['kilogram', 'hour']",<scipy.stats._distn_infrastructure.rv_frozen object at 0x000002073C01D1C8>,0,8,60,1185.212021693176,[],"[{'leak_ID': 'ABRAND00631_0000000000', 'facility_ID': 'ABRAND00631', 'equipment_group': 2, 'rate': 0.003633166394144808, 'lat': 53.18, 'lon': -115.21, 'status': 'repaired', 'days_active': 120, 'days_active_prog_start': 0, 'tagged': True, 'component': 'unknown', 'date_began': datetime.datetime(2017, 1, 3, 0, 0), 'date_tagged': datetime.datetime(2017, 5, 3, 0, 0), 'tagged_by_company': 'natural', 'tagged_by_crew': 1, 'init_detect_by': 'natural', 'init_detect_date': datetime.datetime(2017, 5, 3, 0, 0), 'requires_shutdown': False, 'date_repaired': datetime.datetime(2017, 5, 3, 16, 0), 'repair_delay': 0, 'OGI_sp_covered': 1}, {'leak_ID': 'ABRAND00631_0000000001', 'facility_ID': 'ABRAND00631', 'equipment_group': 3, 'rate': 0.018826284322546266, 'lat': 53.18, 'lon': -115.21, 'status': 'repaired', 'days_active': 120, 'days_active_prog_start': 0, 'tagged': True, 'component': 'unknown', 'date_began': datetime.datetime(2017, 1, 7, 0, 0), 'date_tagged': datetime.datetime(2017, 5, 7, 0, 0), 'tagged_by_company': 'natural', 'tagged_by_crew': 1, 'init_detect_by': 'natural', 'init_detect_date': datetime.datetime(2017, 5, 7, 0, 0), 'requires_shutdown': False, 'date_repaired': datetime.datetime(2017, 5, 7, 16, 0), 'repair_delay': 0, 'OGI_sp_covered': 1}, {'leak_ID': 'ABRAND00631_0000000002', 'facility_ID': 'ABRAND00631', 'equipment_group': 3, 'rate': 0.008108607120318323, 'lat': 53.18, 'lon': -115.21, 'status': 'repaired', 'days_active': 120, 'days_active_prog_start': 0, 'tagged': True, 'component': 'unknown', 'date_began': datetime.datetime(2017, 6, 27, 0, 0), 'date_tagged': datetime.datetime(2017, 10, 25, 0, 0), 'tagged_by_company': 'natural', 'tagged_by_crew': 1, 'init_detect_by': 'natural', 'init_detect_date': datetime.datetime(2017, 10, 25, 0, 0), 'requires_shutdown': False, 'date_repaired': datetime.datetime(2017, 10, 25, 0, 0), 'repair_delay': 0, 'OGI_sp_covered': 1}, {'leak_ID': 'ABRAND00631_0000000003', 'facility_ID': 'ABRAND00631', 'equipment_group': 2, 'rate': 0.00464191130061467, 'lat': 53.18, 'lon': -115.21, 'status': 'repaired', 'days_active': 120, 'days_active_prog_start': 0, 'tagged': True, 'component': 'unknown', 'date_began': datetime.datetime(2018, 3, 5, 0, 0), 'date_tagged': datetime.datetime(2018, 7, 3, 0, 0), 'tagged_by_company': 'natural', 'tagged_by_crew': 1, 'init_detect_by': 'natural', 'init_detect_date': datetime.datetime(2018, 7, 3, 0, 0), 'requires_shutdown': False, 'date_repaired': datetime.datetime(2018, 7, 3, 16, 0), 'repair_delay': 0, 'OGI_sp_covered': 1}, {'leak_ID': 'ABRAND00631_0000000004', 'facility_ID': 'ABRAND00631', 'equipment_group': 1, 'rate': 0.058268257305899816, 'lat': 53.18, 'lon': -115.21, 'status': 'repaired', 'days_active': 18, 'days_active_prog_start': 0, 'tagged': True, 'component': 'unknown', 'date_began': datetime.datetime(2019, 1, 20, 0, 0), 'date_tagged': datetime.datetime(2019, 1, 22, 13, 0), 'tagged_by_company': 'OGI', 'tagged_by_crew': 2, 'init_detect_by': 'OGI', 'init_detect_date': datetime.datetime(2019, 1, 22, 13, 0), 'requires_shutdown': False, 'date_repaired': datetime.datetime(2019, 2, 7, 16, 0), 'repair_delay': 16, 'OGI_sp_covered': 1}, {'leak_ID': 'ABRAND00631_0000000005', 'facility_ID': 'ABRAND00631', 'equipment_group': 1, 'rate': 0.020161136684958315, 'lat': 53.18, 'lon': -115.21, 'status': 'repaired', 'days_active': 120, 'days_active_prog_start': 0, 'tagged': True, 'component': 'unknown', 'date_began': datetime.datetime(2019, 4, 29, 0, 0), 'date_tagged': datetime.datetime(2019, 8, 27, 0, 0), 'tagged_by_company': 'natural', 'tagged_by_crew': 1, 'init_detect_by': 'natural', 'init_detect_date': datetime.datetime(2019, 8, 27, 0, 0), 'requires_shutdown': False, 'date_repaired': datetime.datetime(2019, 8, 27, 0, 0), 'repair_delay': 0, 'OGI_sp_covered': 1}, {'leak_ID': 'ABRAND00631_0000000006', 'facility_ID': 'ABRAND00631', 'equipment_group': 2, 'rate': 0.009308374614915188, 'lat': 53.18, 'lon': -115.21, 'status': 'repaired', 'days_active': 120, 'days_active_prog_start': 0, 'tagged': True, 'component': 'unknown', 'date_began': datetime.datetime(2020, 9, 12, 0, 0), 'date_tagged': datetime.datetime(2021, 1, 10, 0, 0), 'tagged_by_company': 'natural', 'tagged_by_crew': 1, 'init_detect_by': 'natural', 'init_detect_date': datetime.datetime(2021, 1, 10, 0, 0), 'requires_shutdown': False, 'date_repaired': datetime.datetime(2021, 1, 10, 16, 0), 'repair_delay': 0, 'OGI_sp_covered': 1}, {'leak_ID': 'ABRAND00631_0000000007', 'facility_ID': 'ABRAND00631', 'equipment_group': 2, 'rate': 0.2886685557972942, 'lat': 53.18, 'lon': -115.21, 'status': 'repaired', 'days_active': 17, 'days_active_prog_start': 0, 'tagged': True, 'component': 'unknown', 'date_began': datetime.datetime(2021, 1, 21, 0, 0), 'date_tagged': datetime.datetime(2021, 1, 22, 13, 0), 'tagged_by_company': 'OGI', 'tagged_by_crew': 2, 'init_detect_by': 'OGI', 'init_detect_date': datetime.datetime(2021, 1, 22, 13, 0), 'requires_shutdown': False, 'date_repaired': datetime.datetime(2021, 2, 7, 16, 0), 'repair_delay': 16, 'OGI_sp_covered': 1}]",[],0,False,,,,2,4,43,30,False,6,11,0,8,0.0,1185.212021693176,0.3927855711422846,0.7095822257520638,0.6494312447633841
ABRAND00168,351,54.5,-118.98,3,6,2,2,2,120,1,30,20,120,1,lognorm,0.062287158377333125,[1.462],"['kilogram', 'hour']",<scipy.stats._distn_infrastructure.rv_frozen object at 0x000002073C01D1C8>,0,4,60,327.88903163585974,[],"[{'leak_ID': 'ABRAND00168_0000000000', 'facility_ID': 'ABRAND00168', 'equipment_group': 1, 'rate': 0.006332259907961001, 'lat': 54.5, 'lon': -118.98, 'status': 'repaired', 'days_active': 120, 'days_active_prog_start': 0, 'tagged': True, 'component': 'unknown', 'date_began': datetime.datetime(2018, 10, 1, 0, 0), 'date_tagged': datetime.datetime(2019, 1, 29, 0, 0), 'tagged_by_company': 'natural', 'tagged_by_crew': 1, 'init_detect_by': 'natural', 'init_detect_date': datetime.datetime(2019, 1, 29, 0, 0), 'requires_shutdown': False, 'date_repaired': datetime.datetime(2019, 1, 29, 16, 0), 'repair_delay': 0, 'OGI_sp_covered': 1}, {'leak_ID': 'ABRAND00168_0000000001', 'facility_ID': 'ABRAND00168', 'equipment_group': 3, 'rate': 0.003608639676089315, 'lat': 54.5, 'lon': -118.98, 'status': 'repaired', 'days_active': 120, 'days_active_prog_start': 0, 'tagged': True, 'component': 'unknown', 'date_began': datetime.datetime(2018, 12, 11, 0, 0), 'date_tagged': datetime.datetime(2019, 4, 10, 0, 0), 'tagged_by_company': 'natural', 'tagged_by_crew': 1, 'init_detect_by': 'natural', 'init_detect_date': datetime.datetime(2019, 4, 10, 0, 0), 'requires_shutdown': False, 'date_repaired': datetime.datetime(2019, 4, 10, 16, 0), 'repair_delay': 0, 'OGI_sp_covered': 1}, {'leak_ID': 'ABRAND00168_0000000002', 'facility_ID': 'ABRAND00168', 'equipment_group': 3, 'rate': 0.007212293928087049, 'lat': 54.5, 'lon': -118.98, 'status': 'repaired', 'days_active': 120, 'days_active_prog_start': 0, 'tagged': True, 'component': 'unknown', 'date_began': datetime.datetime(2019, 6, 21, 0, 0), 'date_tagged': datetime.datetime(2019, 10, 19, 0, 0), 'tagged_by_company': 'natural', 'tagged_by_crew': 1, 'init_detect_by': 'natural', 'init_detect_date': datetime.datetime(2019, 10, 19, 0, 0), 'requires_shutdown': False, 'date_repaired': datetime.datetime(2019, 10, 19, 16, 0), 'repair_delay': 0, 'OGI_sp_covered': 1}, {'leak_ID': 'ABRAND00168_0000000003', 'facility_ID': 'ABRAND00168', 'equipment_group': 1, 'rate': 0.014471905989778112, 'lat': 54.5, 'lon': -118.98, 'status': 'repaired', 'days_active': 120, 'days_active_prog_start': 0, 'tagged': True, 'component': 'unknown', 'date_began': datetime.datetime(2020, 10, 11, 0, 0), 'date_tagged': datetime.datetime(2021, 2, 8, 0, 0), 'tagged_by_company': 'natural', 'tagged_by_crew': 1, 'init_detect_by': 'natural', 'init_detect_date': datetime.datetime(2021, 2, 8, 0, 0), 'requires_shutdown': False, 'date_repaired': datetime.datetime(2021, 2, 8, 16, 0), 'repair_delay': 0, 'OGI_sp_covered': 1}]",[],0,False,,,,2,4,43,30,False,6,7,0,4,0.0,327.88903163585974,0.39478957915831664,0.7113016016832158,0.17966522281416972
ABRAND00195,351,54.52,-118.79,3,6,2,2,2,120,1,30,20,120,1,lognorm,0.062287158377333125,[1.462],"['kilogram', 'hour']",<scipy.stats._distn_infrastructure.rv_frozen object at 0x000002073C01D1C8>,1,8,60,1640.3366444358946,[],"[{'leak_ID': 'ABRAND00195_0000000001', 'facility_ID': 'ABRAND00195', 'equipment_group': 2, 'rate': 0.04401229734862343, 'lat': 54.52, 'lon': -118.79, 'status': 'repaired', 'days_active': 66, 'days_active_prog_start': 27, 'tagged': True, 'component': 'unknown', 'date_began': datetime.datetime(2016, 12, 5, 0, 0), 'date_tagged': datetime.datetime(2017, 1, 23, 8, 0), 'tagged_by_company': 'OGI', 'tagged_by_crew': 1, 'init_detect_by': 'OGI', 'init_detect_date': datetime.datetime(2017, 1, 23, 8, 0), 'requires_shutdown': False, 'date_repaired': datetime.datetime(2017, 2, 8, 16, 0), 'repair_delay': 16, 'OGI_sp_covered': 1}, {'leak_ID': 'ABRAND00195_0000000001', 'facility_ID': 'ABRAND00195', 'equipment_group': 1, 'rate': 0.061967122782072975, 'lat': 54.52, 'lon': -118.79, 'status': 'repaired', 'days_active': 74, 'days_active_prog_start': 0, 'tagged': True, 'component': 'unknown', 'date_began': datetime.datetime(2017, 1, 25, 0, 0), 'date_tagged': datetime.datetime(2017, 3, 24, 8, 0), 'tagged_by_company': 'OGI', 'tagged_by_crew': 1, 'init_detect_by': 'OGI', 'init_detect_date': datetime.datetime(2017, 3, 24, 8, 0), 'requires_shutdown': False, 'date_repaired': datetime.datetime(2017, 4, 9, 16, 0), 'repair_delay': 16, 'OGI_sp_covered': 1}, {'leak_ID': 'ABRAND00195_0000000002', 'facility_ID': 'ABRAND00195', 'equipment_group': 1, 'rate': 0.013952025910989431, 'lat': 54.52, 'lon': -118.79, 'status': 'repaired', 'days_active': 120, 'days_active_prog_start': 0, 'tagged': True, 'component': 'unknown', 'date_began': datetime.datetime(2018, 5, 11, 0, 0), 'date_tagged': datetime.datetime(2018, 9, 8, 0, 0), 'tagged_by_company': 'natural', 'tagged_by_crew': 1, 'init_detect_by': 'natural', 'init_detect_date': datetime.datetime(2018, 9, 8, 0, 0), 'requires_shutdown': False, 'date_repaired': datetime.datetime(2018, 9, 8, 16, 0), 'repair_delay': 0, 'OGI_sp_covered': 1}, {'leak_ID': 'ABRAND00195_0000000003', 'facility_ID': 'ABRAND00195', 'equipment_group': 1, 'rate': 0.014110462931671957, 'lat': 54.52, 'lon': -118.79, 'status': 'repaired', 'days_active': 120, 'days_active_prog_start': 0, 'tagged': True, 'component': 'unknown', 'date_began': datetime.datetime(2020, 1, 2, 0, 0), 'date_tagged': datetime.datetime(2020, 5, 1, 0, 0), 'tagged_by_company': 'natural', 'tagged_by_crew': 1, 'init_detect_by': 'natural', 'init_detect_date': datetime.datetime(2020, 5, 1, 0, 0), 'requires_shutdown': False, 'date_repaired': datetime.datetime(2020, 5, 1, 16, 0), 'repair_delay': 0, 'OGI_sp_covered': 1}, {'leak_ID': 'ABRAND00195_0000000004', 'facility_ID': 'ABRAND00195', 'equipment_group': 2, 'rate': 0.033238442161442894, 'lat': 54.52, 'lon': -118.79, 'status': 'repaired', 'days_active': 120, 'days_active_prog_start': 0, 'tagged': True, 'component': 'unknown', 'date_began': datetime.datetime(2020, 1, 29, 0, 0), 'date_tagged': datetime.datetime(2020, 5, 28, 0, 0), 'tagged_by_company': 'natural', 'tagged_by_crew': 1, 'init_detect_by': 'natural', 'init_detect_date': datetime.datetime(2020, 5, 28, 0, 0), 'requires_shutdown': False, 'date_repaired': datetime.datetime(2020, 5, 28, 16, 0), 'repair_delay': 0, 'OGI_sp_covered': 1}, {'leak_ID': 'ABRAND00195_0000000005', 'facility_ID': 'ABRAND00195', 'equipment_group': 3, 'rate': 0.042650672943791365, 'lat': 54.52, 'lon': -118.79, 'status': 'repaired', 'days_active': 69, 'days_active_prog_start': 0, 'tagged': True, 'component': 'unknown', 'date_began': datetime.datetime(2020, 9, 26, 0, 0), 'date_tagged': datetime.datetime(2020, 11, 18, 8, 0), 'tagged_by_company': 'OGI', 'tagged_by_crew': 1, 'init_detect_by': 'OGI', 'init_detect_date': datetime.datetime(2020, 11, 18, 8, 0), 'requires_shutdown': False, 'date_repaired': datetime.datetime(2020, 12, 4, 16, 0), 'repair_delay': 16, 'OGI_sp_covered': 1}, {'leak_ID': 'ABRAND00195_0000000006', 'facility_ID': 'ABRAND00195', 'equipment_group': 3, 'rate': 0.007192159005231305, 'lat': 54.52, 'lon': -118.79, 'status': 'repaired', 'days_active': 120, 'days_active_prog_start': 0, 'tagged': True, 'component': 'unknown', 'date_began': datetime.datetime(2021, 5, 25, 0, 0), 'date_tagged': datetime.datetime(2021, 9, 22, 0, 0), 'tagged_by_company': 'natural', 'tagged_by_crew': 1, 'init_detect_by': 'natural', 'init_detect_date': datetime.datetime(2021, 9, 22, 0, 0), 'requires_shutdown': False, 'date_repaired': datetime.datetime(2021, 9, 22, 16, 0), 'repair_delay': 0, 'OGI_sp_covered': 1}, {'leak_ID': 'ABRAND00195_0000000007', 'facility_ID': 'ABRAND00195', 'equipment_group': 3, 'rate': 0.012677199270063009, 'lat': 54.52, 'lon': -118.79, 'status': 'repaired', 'days_active': 120, 'days_active_prog_start': 0, 'tagged': True, 'component': 'unknown', 'date_began': datetime.datetime(2021, 6, 29, 0, 0), 'date_tagged': datetime.datetime(2021, 10, 27, 0, 0), 'tagged_by_company': 'natural', 'tagged_by_crew': 1, 'init_detect_by': 'natural', 'init_detect_date': datetime.datetime(2021, 10, 27, 0, 0), 'requires_shutdown': False, 'date_repaired': datetime.datetime(2021, 10, 27, 0, 0), 'repair_delay': 0, 'OGI_sp_covered': 1}]",[],1,False,,,,2,4,42,30,False,6,8,0,8,0.0,1640.3366444358946,0.3967935871743487,0.7130159795568004,0.8988145996909012
ABRAND01109,601,49.39,-110.99,1,6,2,2,2,120,1,30,20,120,1,lognorm,0.062287158377333125,[1.462],"['kilogram', 'hour']",<scipy.stats._distn_infrastructure.rv_frozen object at 0x000002073C01D1C8>,0,4,60,1513.1004625569567,[],"[{'leak_ID': 'ABRAND01109_0000000000', 'facility_ID': 'ABRAND01109', 'equipment_group': 1, 'rate': 0.002488493071451963, 'lat': 49.39, 'lon': -110.99, 'status': 'repaired', 'days_active': 120, 'days_active_prog_start': 0, 'tagged': True, 'component': 'unknown', 'date_began': datetime.datetime(2018, 2, 12, 0, 0), 'date_tagged': datetime.datetime(2018, 6, 12, 0, 0), 'tagged_by_company': 'natural', 'tagged_by_crew': 1, 'init_detect_by': 'natural', 'init_detect_date': datetime.datetime(2018, 6, 12, 0, 0), 'requires_shutdown': False, 'date_repaired': datetime.datetime(2018, 6, 12, 16, 0), 'repair_delay': 0, 'OGI_sp_covered': 1}, {'leak_ID': 'ABRAND01109_0000000001', 'facility_ID': 'ABRAND01109', 'equipment_group': 1, 'rate': 0.07851047080221032, 'lat': 49.39, 'lon': -110.99, 'status': 'repaired', 'days_active': 107, 'days_active_prog_start': 0, 'tagged': True, 'component': 'unknown', 'date_began': datetime.datetime(2018, 6, 21, 0, 0), 'date_tagged': datetime.datetime(2018, 9, 20, 8, 0), 'tagged_by_company': 'OGI', 'tagged_by_crew': 2, 'init_detect_by': 'OGI', 'init_detect_date': datetime.datetime(2018, 9, 20, 8, 0), 'requires_shutdown': False, 'date_repaired': datetime.datetime(2018, 10, 6, 16, 0), 'repair_delay': 16, 'OGI_sp_covered': 1}, {'leak_ID': 'ABRAND01109_0000000002', 'facility_ID': 'ABRAND01109', 'equipment_group': 1, 'rate': 0.03496714048894676, 'lat': 49.39, 'lon': -110.99, 'status': 'repaired', 'days_active': 120, 'days_active_prog_start': 0, 'tagged': True, 'component': 'unknown', 'date_began': datetime.datetime(2019, 4, 6, 0, 0), 'date_tagged': datetime.datetime(2019, 8, 4, 0, 0), 'tagged_by_company': 'natural', 'tagged_by_crew': 1, 'init_detect_by': 'natural', 'init_detect_date': datetime.datetime(2019, 8, 4, 0, 0), 'requires_shutdown': False, 'date_repaired': datetime.datetime(2019, 8, 4, 16, 0), 'repair_delay': 0, 'OGI_sp_covered': 1}, {'leak_ID': 'ABRAND01109_0000000003', 'facility_ID': 'ABRAND01109', 'equipment_group': 1, 'rate': 0.03847867026721342, 'lat': 49.39, 'lon': -110.99, 'status': 'repaired', 'days_active': 120, 'days_active_prog_start': 0, 'tagged': True, 'component': 'unknown', 'date_began': datetime.datetime(2021, 5, 22, 0, 0), 'date_tagged': datetime.datetime(2021, 9, 19, 0, 0), 'tagged_by_company': 'natural', 'tagged_by_crew': 1, 'init_detect_by': 'natural', 'init_detect_date': datetime.datetime(2021, 9, 19, 0, 0), 'requires_shutdown': False, 'date_repaired': datetime.datetime(2021, 9, 19, 16, 0), 'repair_delay': 0, 'OGI_sp_covered': 0}]",[],0,False,,,,4,4,42,30,False,6,2,0,4,0.0,1513.1004625569567,0.39879759519038077,0.7147248350396898,0.8290961438668256
ABRAND00202,351,54.32,-118.75,2,6,2,2,2,120,1,30,20,120,1,lognorm,0.062287158377333125,[1.462],"['kilogram', 'hour']",<scipy.stats._distn_infrastructure.rv_frozen object at 0x000002073C01D1C8>,0,6,60,1998.9014110837534,[],"[{'leak_ID': 'ABRAND00202_0000000000', 'facility_ID': 'ABRAND00202', 'equipment_group': 2, 'rate': 0.022568651110431777, 'lat': 54.32, 'lon': -118.75, 'status': 'repaired', 'days_active': 120, 'days_active_prog_start': 0, 'tagged': True, 'component': 'unknown', 'date_began': datetime.datetime(2018, 1, 15, 0, 0), 'date_tagged': datetime.datetime(2018, 5, 15, 0, 0), 'tagged_by_company': 'natural', 'tagged_by_crew': 1, 'init_detect_by': 'natural', 'init_detect_date': datetime.datetime(2018, 5, 15, 0, 0), 'requires_shutdown': False, 'date_repaired': datetime.datetime(2018, 5, 15, 16, 0), 'repair_delay': 0, 'OGI_sp_covered': 1}, {'leak_ID': 'ABRAND00202_0000000001', 'facility_ID': 'ABRAND00202', 'equipment_group': 1, 'rate': 0.005545733403909637, 'lat': 54.32, 'lon': -118.75, 'status': 'repaired', 'days_active': 120, 'days_active_prog_start': 0, 'tagged': True, 'component': 'unknown', 'date_began': datetime.datetime(2018, 5, 30, 0, 0), 'date_tagged': datetime.datetime(2018, 9, 27, 0, 0), 'tagged_by_company': 'natural', 'tagged_by_crew': 1, 'init_detect_by': 'natural', 'init_detect_date': datetime.datetime(2018, 9, 27, 0, 0), 'requires_shutdown': False, 'date_repaired': datetime.datetime(2018, 9, 27, 16, 0), 'repair_delay': 0, 'OGI_sp_covered': 1}, {'leak_ID': 'ABRAND00202_0000000002', 'facility_ID': 'ABRAND00202', 'equipment_group': 2, 'rate': 0.006483249666978231, 'lat': 54.32, 'lon': -118.75, 'status': 'repaired', 'days_active': 120, 'days_active_prog_start': 0, 'tagged': True, 'component': 'unknown', 'date_began': datetime.datetime(2018, 7, 6, 0, 0), 'date_tagged': datetime.datetime(2018, 11, 3, 0, 0), 'tagged_by_company': 'natural', 'tagged_by_crew': 1, 'init_detect_by': 'natural', 'init_detect_date': datetime.datetime(2018, 11, 3, 0, 0), 'requires_shutdown': False, 'date_repaired': datetime.datetime(2018, 11, 3, 16, 0), 'repair_delay': 0, 'OGI_sp_covered': 1}, {'leak_ID': 'ABRAND00202_0000000003', 'facility_ID': 'ABRAND00202', 'equipment_group': 2, 'rate': 0.07995063876634191, 'lat': 54.32, 'lon': -118.75, 'status': 'repaired', 'days_active': 40, 'days_active_prog_start': 0, 'tagged': True, 'component': 'unknown', 'date_began': datetime.datetime(2020, 2, 28, 0, 0), 'date_tagged': datetime.datetime(2020, 3, 23, 8, 0), 'tagged_by_company': 'OGI', 'tagged_by_crew': 3, 'init_detect_by': 'OGI', 'init_detect_date': datetime.datetime(2020, 3, 23, 8, 0), 'requires_shutdown': False, 'date_repaired': datetime.datetime(2020, 4, 8, 16, 0), 'repair_delay': 16, 'OGI_sp_covered': 1}, {'leak_ID': 'ABRAND00202_0000000004', 'facility_ID': 'ABRAND00202', 'equipment_group': 2, 'rate': 0.12184232757245184, 'lat': 54.32, 'lon': -118.75, 'status': 'repaired', 'days_active': 120, 'days_active_prog_start': 0, 'tagged': True, 'component': 'unknown', 'date_began': datetime.datetime(2020, 7, 25, 0, 0), 'date_tagged': datetime.datetime(2020, 11, 22, 0, 0), 'tagged_by_company': 'natural', 'tagged_by_crew': 3, 'init_detect_by': 'OGI', 'init_detect_date': datetime.datetime(2020, 11, 18, 8, 0), 'requires_shutdown': False, 'date_repaired': datetime.datetime(2020, 11, 22, 16, 0), 'repair_delay': 0, 'OGI_sp_covered': 1}, {'leak_ID': 'ABRAND00202_0000000005', 'facility_ID': 'ABRAND00202', 'equipment_group': 1, 'rate': 0.009705100312902483, 'lat': 54.32, 'lon': -118.75, 'status': 'repaired', 'days_active': 120, 'days_active_prog_start': 0, 'tagged': True, 'component': 'unknown', 'date_began': datetime.datetime(2021, 1, 27, 0, 0), 'date_tagged': datetime.datetime(2021, 5, 27, 0, 0), 'tagged_by_company': 'natural', 'tagged_by_crew': 1, 'init_detect_by': 'natural', 'init_detect_date': datetime.datetime(2021, 5, 27, 0, 0), 'requires_shutdown': False, 'date_repaired': datetime.datetime(2021, 5, 27, 16, 0), 'repair_delay': 0, 'OGI_sp_covered': 1}]",[],0,False,,,,2,4,42,30,False,6,7,0,6,0.0,1998.9014110837534,0.40080160320641284,0.7164320143151094,1.095288444429454
ABRAND01078,601,50.2,-112.1,4,6,2,2,2,120,1,30,20,120,1,lognorm,0.062287158377333125,[1.462],"['kilogram', 'hour']",<scipy.stats._distn_infrastructure.rv_frozen object at 0x000002073C01D1C8>,0,7,60,1109.2884432944056,[],"[{'leak_ID': 'ABRAND01078_0000000000', 'facility_ID': 'ABRAND01078', 'equipment_group': 1, 'rate': 0.003833360217719905, 'lat': 50.2, 'lon': -112.1, 'status': 'repaired', 'days_active': 120, 'days_active_prog_start': 0, 'tagged': True, 'component': 'unknown', 'date_began': datetime.datetime(2017, 6, 23, 0, 0), 'date_tagged': datetime.datetime(2017, 10, 21, 0, 0), 'tagged_by_company': 'natural', 'tagged_by_crew': 1, 'init_detect_by': 'natural', 'init_detect_date': datetime.datetime(2017, 10, 21, 0, 0), 'requires_shutdown': False, 'date_repaired': datetime.datetime(2017, 10, 21, 16, 0), 'repair_delay': 0, 'OGI_sp_covered': 1}, {'leak_ID': 'ABRAND01078_0000000001', 'facility_ID': 'ABRAND01078', 'equipment_group': 2, 'rate': 0.005853361767331922, 'lat': 50.2, 'lon': -112.1, 'status': 'repaired', 'days_active': 120, 'days_active_prog_start': 0, 'tagged': True, 'component': 'unknown', 'date_began': datetime.datetime(2018, 1, 7, 0, 0), 'date_tagged': datetime.datetime(2018, 5, 7, 0, 0), 'tagged_by_company': 'natural', 'tagged_by_crew': 1, 'init_detect_by': 'natural', 'init_detect_date': datetime.datetime(2018, 5, 7, 0, 0), 'requires_shutdown': False, 'date_repaired': datetime.datetime(2018, 5, 7, 16, 0), 'repair_delay': 0, 'OGI_sp_covered': 1}, {'leak_ID': 'ABRAND01078_0000000003', 'facility_ID': 'ABRAND01078', 'equipment_group': 2, 'rate': 0.03934164199405613, 'lat': 50.2, 'lon': -112.1, 'status': 'repaired', 'days_active': 111, 'days_active_prog_start': 0, 'tagged': True, 'component': 'unknown', 'date_began': datetime.datetime(2018, 12, 19, 0, 0), 'date_tagged': datetime.datetime(2019, 3, 24, 10, 30), 'tagged_by_company': 'OGI', 'tagged_by_crew': 1, 'init_detect_by': 'OGI', 'init_detect_date': datetime.datetime(2019, 3, 24, 10, 30), 'requires_shutdown': False, 'date_repaired': datetime.datetime(2019, 4, 9, 16, 0), 'repair_delay': 16, 'OGI_sp_covered': 1}, {'leak_ID': 'ABRAND01078_0000000002', 'facility_ID': 'ABRAND01078', 'equipment_group': 3, 'rate': 0.020592626615238335, 'lat': 50.2, 'lon': -112.1, 'status': 'repaired', 'days_active': 120, 'days_active_prog_start': 0, 'tagged': True, 'component': 'unknown', 'date_began': datetime.datetime(2018, 12, 12, 0, 0), 'date_tagged': datetime.datetime(2019, 4, 11, 0, 0), 'tagged_by_company': 'natural', 'tagged_by_crew': 1, 'init_detect_by': 'natural', 'init_detect_date': datetime.datetime(2019, 4, 11, 0, 0), 'requires_shutdown': False, 'date_repaired': datetime.datetime(2019, 4, 11, 16, 0), 'repair_delay': 0, 'OGI_sp_covered': 1}, {'leak_ID': 'ABRAND01078_0000000004', 'facility_ID': 'ABRAND01078', 'equipment_group': 2, 'rate': 0.011175041832354996, 'lat': 50.2, 'lon': -112.1, 'status': 'repaired', 'days_active': 120, 'days_active_prog_start': 0, 'tagged': True, 'component': 'unknown', 'date_began': datetime.datetime(2019, 8, 22, 0, 0), 'date_tagged': datetime.datetime(2019, 12, 20, 0, 0), 'tagged_by_company': 'natural', 'tagged_by_crew': 1, 'init_detect_by': 'natural', 'init_detect_date': datetime.datetime(2019, 12, 20, 0, 0), 'requires_shutdown': False, 'date_repaired': datetime.datetime(2019, 12, 20, 16, 0), 'repair_delay': 0, 'OGI_sp_covered': 0}, {'leak_ID': 'ABRAND01078_0000000005', 'facility_ID': 'ABRAND01078', 'equipment_group': 1, 'rate': 0.00012465227419545917, 'lat': 50.2, 'lon': -112.1, 'status': 'repaired', 'days_active': 120, 'days_active_prog_start': 0, 'tagged': True, 'component': 'unknown', 'date_began': datetime.datetime(2019, 9, 17, 0, 0), 'date_tagged': datetime.datetime(2020, 1, 15, 0, 0), 'tagged_by_company': 'natural', 'tagged_by_crew': 1, 'init_detect_by': 'natural', 'init_detect_date': datetime.datetime(2020, 1, 15, 0, 0), 'requires_shutdown': False, 'date_repaired': datetime.datetime(2020, 1, 15, 16, 0), 'repair_delay': 0, 'OGI_sp_covered': 1}, {'leak_ID': 'ABRAND01078_0000000006', 'facility_ID': 'ABRAND01078', 'equipment_group': 2, 'rate': 0.06109788115864321, 'lat': 50.2, 'lon': -112.1, 'status': 'repaired', 'days_active': 57, 'days_active_prog_start': 0, 'tagged': True, 'component': 'unknown', 'date_began': datetime.datetime(2021, 6, 11, 0, 0), 'date_tagged': datetime.datetime(2021, 7, 22, 10, 30), 'tagged_by_company': 'OGI', 'tagged_by_crew': 1, 'init_detect_by': 'OGI', 'init_detect_date': datetime.datetime(2021, 7, 22, 10, 30), 'requires_shutdown': False, 'date_repaired': datetime.datetime(2021, 8, 7, 16, 0), 'repair_delay': 16, 'OGI_sp_covered': 1}]",[],0,False,,,,4,4,42,30,False,6,7,0,7,0.0,1109.2884432944056,0.4028056112224449,0.7181333702168974,0.6078292839969346
ABRAND00184,351,54.65,-118.86,5,6,2,2,2,120,1,30,20,120,1,lognorm,0.062287158377333125,[1.462],"['kilogram', 'hour']",<scipy.stats._distn_infrastructure.rv_frozen object at 0x000002073C01D1C8>,1,9,60,4288.343057145757,[],"[{'leak_ID': 'ABRAND00184_0000000001', 'facility_ID': 'ABRAND00184', 'equipment_group': 3, 'rate': 0.002434609064993178, 'lat': 54.65, 'lon': -118.86, 'status': 'repaired', 'days_active': 120, 'days_active_prog_start': 106, 'tagged': True, 'component': 'unknown', 'date_began': datetime.datetime(2016, 9, 17, 0, 0), 'date_tagged': datetime.datetime(2017, 1, 14, 0, 0), 'tagged_by_company': 'natural', 'tagged_by_crew': 1, 'init_detect_by': 'natural', 'init_detect_date': datetime.datetime(2017, 1, 14, 0, 0), 'requires_shutdown': False, 'date_repaired': datetime.datetime(2017, 1, 14, 16, 0), 'repair_delay': 0}, {'leak_ID': 'ABRAND00184_0000000001', 'facility_ID': 'ABRAND00184', 'equipment_group': 1, 'rate': 0.009660097233624085, 'lat': 54.65, 'lon': -118.86, 'status': 'repaired', 'days_active': 120, 'days_active_prog_start': 0, 'tagged': True, 'component': 'unknown', 'date_began': datetime.datetime(2017, 7, 4, 0, 0), 'date_tagged': datetime.datetime(2017, 11, 1, 0, 0), 'tagged_by_company': 'natural', 'tagged_by_crew': 1, 'init_detect_by': 'natural', 'init_detect_date': datetime.datetime(2017, 11, 1, 0, 0), 'requires_shutdown': False, 'date_repaired': datetime.datetime(2017, 11, 1, 16, 0), 'repair_delay': 0, 'OGI_sp_covered': 1}, {'leak_ID': 'ABRAND00184_0000000002', 'facility_ID': 'ABRAND00184', 'equipment_group': 4, 'rate': 0.08317552656625948, 'lat': 54.65, 'lon': -118.86, 'status': 'repaired', 'days_active': 86, 'days_active_prog_start': 0, 'tagged': True, 'component': 'unknown', 'date_began': datetime.datetime(2017, 11, 14, 0, 0), 'date_tagged': datetime.datetime(2018, 1, 23, 10, 30), 'tagged_by_company': 'OGI', 'tagged_by_crew': 2, 'init_detect_by': 'OGI', 'init_detect_date': datetime.datetime(2018, 1, 23, 10, 30), 'requires_shutdown': False, 'date_repaired': datetime.datetime(2018, 2, 8, 16, 0), 'repair_delay': 16, 'OGI_sp_covered': 1}, {'leak_ID': 'ABRAND00184_0000000003', 'facility_ID': 'ABRAND00184', 'equipment_group': 5, 'rate': 0.02414567737911082, 'lat': 54.65, 'lon': -118.86, 'status': 'repaired', 'days_active': 120, 'days_active_prog_start': 0, 'tagged': True, 'component': 'unknown', 'date_began': datetime.datetime(2019, 10, 13, 0, 0), 'date_tagged': datetime.datetime(2020, 2, 10, 0, 0), 'tagged_by_company': 'natural', 'tagged_by_crew': 1, 'init_detect_by': 'natural', 'init_detect_date': datetime.datetime(2020, 2, 10, 0, 0), 'requires_shutdown': False, 'date_repaired': datetime.datetime(2020, 2, 10, 16, 0), 'repair_delay': 0, 'OGI_sp_covered': 0}, {'leak_ID': 'ABRAND00184_0000000004', 'facility_ID': 'ABRAND00184', 'equipment_group': 2, 'rate': 0.32264238998259365, 'lat': 54.65, 'lon': -118.86, 'status': 'repaired', 'days_active': 64, 'days_active_prog_start': 0, 'tagged': True, 'component': 'unknown', 'date_began': datetime.datetime(2020, 2, 4, 0, 0), 'date_tagged': datetime.datetime(2020, 3, 23, 10, 30), 'tagged_by_company': 'OGI', 'tagged_by_crew': 2, 'init_detect_by': 'OGI', 'init_detect_date': datetime.datetime(2020, 3, 23, 10, 30), 'requires_shutdown': False, 'date_repaired': datetime.datetime(2020, 4, 8, 16, 0), 'repair_delay': 16, 'OGI_sp_covered': 1}, {'leak_ID': 'ABRAND00184_0000000005', 'facility_ID': 'ABRAND00184', 'equipment_group': 5, 'rate': 0.09586587963475088, 'lat': 54.65, 'lon': -118.86, 'status': 'repaired', 'days_active': 102, 'days_active_prog_start': 0, 'tagged': True, 'component': 'unknown', 'date_began': datetime.datetime(2020, 6, 25, 0, 0), 'date_tagged': datetime.datetime(2020, 9, 19, 10, 30), 'tagged_by_company': 'OGI', 'tagged_by_crew': 2, 'init_detect_by': 'OGI', 'init_detect_date': datetime.datetime(2020, 9, 19, 10, 30), 'requires_shutdown': False, 'date_repaired': datetime.datetime(2020, 10, 5, 16, 0), 'repair_delay': 16, 'OGI_sp_covered': 1}, {'leak_ID': 'ABRAND00184_0000000006', 'facility_ID': 'ABRAND00184', 'equipment_group': 4, 'rate': 0.016037923582167067, 'lat': 54.65, 'lon': -118.86, 'status': 'repaired', 'days_active': 120, 'days_active_prog_start': 0, 'tagged': True, 'component': 'unknown', 'date_began': datetime.datetime(2021, 2, 8, 0, 0), 'date_tagged': datetime.datetime(2021, 6, 8, 0, 0), 'tagged_by_company': 'natural', 'tagged_by_crew': 1, 'init_detect_by': 'natural', 'init_detect_date': datetime.datetime(2021, 6, 8, 0, 0), 'requires_shutdown': False, 'date_repaired': datetime.datetime(2021, 6, 8, 16, 0), 'repair_delay': 0, 'OGI_sp_covered': 1}, {'leak_ID': 'ABRAND00184_0000000007', 'facility_ID': 'ABRAND00184', 'equipment_group': 4, 'rate': 0.04056975294250471, 'lat': 54.65, 'lon': -118.86, 'status': 'repaired', 'days_active': 79, 'days_active_prog_start': 0, 'tagged': True, 'component': 'unknown', 'date_began': datetime.datetime(2021, 5, 20, 0, 0), 'date_tagged': datetime.datetime(2021, 7, 22, 10, 30), 'tagged_by_company': 'OGI', 'tagged_by_crew': 2, 'init_detect_by': 'OGI', 'init_detect_date': datetime.datetime(2021, 7, 22, 10, 30), 'requires_shutdown': False, 'date_repaired': datetime.datetime(2021, 8, 7, 16, 0), 'repair_delay': 16, 'OGI_sp_covered': 1}, {'leak_ID': 'ABRAND00184_0000000008', 'facility_ID': 'ABRAND00184', 'equipment_group': 3, 'rate': 0.0690910594966181, 'lat': 54.65, 'lon': -118.86, 'status': 'repaired', 'days_active': 41, 'days_active_prog_start': 0, 'tagged': True, 'component': 'unknown', 'date_began': datetime.datetime(2021, 6, 27, 0, 0), 'date_tagged': datetime.datetime(2021, 7, 22, 10, 30), 'tagged_by_company': 'OGI', 'tagged_by_crew': 2, 'init_detect_by': 'OGI', 'init_detect_date': datetime.datetime(2021, 7, 22, 10, 30), 'requires_shutdown': False, 'date_repaired': datetime.datetime(2021, 8, 7, 16, 0), 'repair_delay': 16, 'OGI_sp_covered': 1}]",[],1,False,,,,2,4,42,30,False,6,4,0,9,0.0,4288.343057145757,0.40480961923847697,0.7198023183870786,2.3497770176141133
ABRAND00166,601,55.25,-119.0,2,6,2,2,2,120,1,30,20,120,1,lognorm,0.062287158377333125,[1.462],"['kilogram', 'hour']",<scipy.stats._distn_infrastructure.rv_frozen object at 0x000002073C01D1C8>,0,12,60,2489.395900801467,[],"[{'leak_ID': 'ABRAND00166_0000000000', 'facility_ID': 'ABRAND00166', 'equipment_group': 2, 'rate': 0.011230891997095519, 'lat': 55.25, 'lon': -119.0, 'status': 'repaired', 'days_active': 120, 'days_active_prog_start': 0, 'tagged': True, 'component': 'unknown', 'date_began': datetime.datetime(2017, 11, 10, 0, 0), 'date_tagged': datetime.datetime(2018, 3, 10, 0, 0), 'tagged_by_company': 'natural', 'tagged_by_crew': 1, 'init_detect_by': 'natural', 'init_detect_date': datetime.datetime(2018, 3, 10, 0, 0), 'requires_shutdown': False, 'date_repaired': datetime.datetime(2018, 3, 10, 16, 0), 'repair_delay': 0, 'OGI_sp_covered': 1}, {'leak_ID': 'ABRAND00166_0000000001', 'facility_ID': 'ABRAND00166', 'equipment_group': 1, 'rate': 0.03660302441913466, 'lat': 55.25, 'lon': -119.0, 'status': 'repaired', 'days_active': 92, 'days_active_prog_start': 0, 'tagged': True, 'component': 'unknown', 'date_began': datetime.datetime(2018, 5, 7, 0, 0), 'date_tagged': datetime.datetime(2018, 7, 22, 10, 30), 'tagged_by_company': 'OGI', 'tagged_by_crew': 3, 'init_detect_by': 'OGI', 'init_detect_date': datetime.datetime(2018, 7, 22, 10, 30), 'requires_shutdown': False, 'date_repaired': datetime.datetime(2018, 8, 7, 16, 0), 'repair_delay': 16, 'OGI_sp_covered': 1}, {'leak_ID': 'ABRAND00166_0000000002', 'facility_ID': 'ABRAND00166', 'equipment_group': 2, 'rate': 0.00975174386164739, 'lat': 55.25, 'lon': -119.0, 'status': 'repaired', 'days_active': 120, 'days_active_prog_start': 0, 'tagged': True, 'component': 'unknown', 'date_began': datetime.datetime(2018, 10, 6, 0, 0), 'date_tagged': datetime.datetime(2019, 2, 3, 0, 0), 'tagged_by_company': 'natural', 'tagged_by_crew': 1, 'init_detect_by': 'natural', 'init_detect_date': datetime.datetime(2019, 2, 3, 0, 0), 'requires_shutdown': False, 'date_repaired': datetime.datetime(2019, 2, 3, 16, 0), 'repair_delay': 0, 'OGI_sp_covered': 1}, {'leak_ID': 'ABRAND00166_0000000003', 'facility_ID': 'ABRAND00166', 'equipment_group': 2, 'rate': 0.01633229901573337, 'lat': 55.25, 'lon': -119.0, 'status': 'repaired', 'days_active': 120, 'days_active_prog_start': 0, 'tagged': True, 'component': 'unknown', 'date_began': datetime.datetime(2018, 11, 3, 0, 0), 'date_tagged': datetime.datetime(2019, 3, 3, 0, 0), 'tagged_by_company': 'natural', 'tagged_by_crew': 1, 'init_detect_by': 'natural', 'init_detect_date': datetime.datetime(2019, 3, 3, 0, 0), 'requires_shutdown': False, 'date_repaired': datetime.datetime(2019, 3, 3, 16, 0), 'repair_delay': 0, 'OGI_sp_covered': 1}, {'leak_ID': 'ABRAND00166_0000000004', 'facility_ID': 'ABRAND00166', 'equipment_group': 1, 'rate': 0.002717716548619933, 'lat': 55.25, 'lon': -119.0, 'status': 'repaired', 'days_active': 120, 'days_active_prog_start': 0, 'tagged': True, 'component': 'unknown', 'date_began': datetime.datetime(2018, 12, 7, 0, 0), 'date_tagged': datetime.datetime(2019, 4, 6, 0, 0), 'tagged_by_company': 'natural', 'tagged_by_crew': 1, 'init_detect_by': 'natural', 'init_detect_date': datetime.datetime(2019, 4, 6, 0, 0), 'requires_shutdown': False, 'date_repaired': datetime.datetime(2019, 4, 6, 16, 0), 'repair_delay': 0, 'OGI_sp_covered': 1}, {'leak_ID': 'ABRAND00166_0000000005', 'facility_ID': 'ABRAND00166', 'equipment_group': 2, 'rate': 0.1471819933382897, 'lat': 55.25, 'lon': -119.0, 'status': 'repaired', 'days_active': 26, 'days_active_prog_start': 0, 'tagged': True, 'component': 'unknown', 'date_began': datetime.datetime(2019, 3, 14, 0, 0), 'date_tagged': datetime.datetime(2019, 3, 24, 10, 30), 'tagged_by_company': 'OGI', 'tagged_by_crew': 3, 'init_detect_by': 'OGI', 'init_detect_date': datetime.datetime(2019, 3, 24, 10, 30), 'requires_shutdown': False, 'date_repaired': datetime.datetime(2019, 4, 9, 16, 0), 'repair_delay': 16, 'OGI_sp_covered': 1}, {'leak_ID': 'ABRAND00166_0000000006', 'facility_ID': 'ABRAND00166', 'equipment_group': 2, 'rate': 0.15988809799898854, 'lat': 55.25, 'lon': -119.0, 'status': 'repaired', 'days_active': 34, 'days_active_prog_start': 0, 'tagged': True, 'component': 'unknown', 'date_began': datetime.datetime(2019, 7, 4, 0, 0), 'date_tagged': datetime.datetime(2019, 7, 22, 10, 30), 'tagged_by_company': 'OGI', 'tagged_by_crew': 3, 'init_detect_by': 'OGI', 'init_detect_date': datetime.datetime(2019, 7, 22, 10, 30), 'requires_shutdown': False, 'date_repaired': datetime.datetime(2019, 8, 7, 16, 0), 'repair_delay': 16, 'OGI_sp_covered': 1}, {'leak_ID': 'ABRAND00166_0000000007', 'facility_ID': 'ABRAND00166', 'equipment_group': 1, 'rate': 0.03202971624235627, 'lat': 55.25, 'lon': -119.0, 'status': 'repaired', 'days_active': 120, 'days_active_prog_start': 0, 'tagged': True, 'component': 'unknown', 'date_began': datetime.datetime(2019, 9, 4, 0, 0), 'date_tagged': datetime.datetime(2020, 1, 2, 0, 0), 'tagged_by_company': 'natural', 'tagged_by_crew': 1, 'init_detect_by': 'natural', 'init_detect_date': datetime.datetime(2020, 1, 2, 0, 0), 'requires_shutdown': False, 'date_repaired': datetime.datetime(2020, 1, 2, 16, 0), 'repair_delay': 0, 'OGI_sp_covered': 1}, {'leak_ID': 'ABRAND00166_0000000008', 'facility_ID': 'ABRAND00166', 'equipment_group': 1, 'rate': 0.0019979873422614584, 'lat': 55.25, 'lon': -119.0, 'status': 'repaired', 'days_active': 120, 'days_active_prog_start': 0, 'tagged': True, 'component': 'unknown', 'date_began': datetime.datetime(2019, 11, 2, 0, 0), 'date_tagged': datetime.datetime(2020, 3, 1, 0, 0), 'tagged_by_company': 'natural', 'tagged_by_crew': 1, 'init_detect_by': 'natural', 'init_detect_date': datetime.datetime(2020, 3, 1, 0, 0), 'requires_shutdown': False, 'date_repaired': datetime.datetime(2020, 3, 1, 0, 0), 'repair_delay': 0, 'OGI_sp_covered': 1}, {'leak_ID': 'ABRAND00166_0000000009', 'facility_ID': 'ABRAND00166', 'equipment_group': 1, 'rate': 0.07355074722836503, 'lat': 55.25, 'lon': -119.0, 'status': 'repaired', 'days_active': 16, 'days_active_prog_start': 0, 'tagged': True, 'component': 'unknown', 'date_began': datetime.datetime(2020, 3, 23, 0, 0), 'date_tagged': datetime.datetime(2020, 3, 23, 10, 30), 'tagged_by_company': 'OGI', 'tagged_by_crew': 3, 'init_detect_by': 'OGI', 'init_detect_date': datetime.datetime(2020, 3, 23, 10, 30), 'requires_shutdown': False, 'date_repaired': datetime.datetime(2020, 4, 8, 16, 0), 'repair_delay': 16, 'OGI_sp_covered': 1}, {'leak_ID': 'ABRAND00166_0000000010', 'facility_ID': 'ABRAND00166', 'equipment_group': 1, 'rate': 0.03103307831826827, 'lat': 55.25, 'lon': -119.0, 'status': 'repaired', 'days_active': 120, 'days_active_prog_start': 0, 'tagged': True, 'component': 'unknown', 'date_began': datetime.datetime(2020, 7, 16, 0, 0), 'date_tagged': datetime.datetime(2020, 11, 13, 0, 0), 'tagged_by_company': 'natural', 'tagged_by_crew': 1, 'init_detect_by': 'natural', 'init_detect_date': datetime.datetime(2020, 11, 13, 0, 0), 'requires_shutdown': False, 'date_repaired': datetime.datetime(2020, 11, 13, 16, 0), 'repair_delay': 0, 'OGI_sp_covered': 1}, {'leak_ID': 'ABRAND00166_0000000011', 'facility_ID': 'ABRAND00166', 'equipment_group': 1, 'rate': 0.01995019329566079, 'lat': 55.25, 'lon': -119.0, 'status': 'repaired', 'days_active': 120, 'days_active_prog_start': 0, 'tagged': True, 'component': 'unknown', 'date_began': datetime.datetime(2021, 5, 26, 0, 0), 'date_tagged': datetime.datetime(2021, 9, 23, 0, 0), 'tagged_by_company': 'natural', 'tagged_by_crew': 1, 'init_detect_by': 'natural', 'init_detect_date': datetime.datetime(2021, 9, 23, 0, 0), 'requires_shutdown': False, 'date_repaired': datetime.datetime(2021, 9, 23, 16, 0), 'repair_delay': 0, 'OGI_sp_covered': 1}]",[],0,False,,,,1,4,42,30,False,6,14,0,12,0.0,2489.395900801467,0.40681362725450904,0.7214625482548556,1.3640525483843655
ABRAND00083,351,55.43,-119.55,5,6,2,2,2,120,1,30,20,120,1,lognorm,0.062287158377333125,[1.462],"['kilogram', 'hour']",<scipy.stats._distn_infrastructure.rv_frozen object at 0x000002073C01D1C8>,0,2,60,127.10081835335137,[],"[{'leak_ID': 'ABRAND00083_0000000000', 'facility_ID': 'ABRAND00083', 'equipment_group': 1, 'rate': 0.008054476102193887, 'lat': 55.43, 'lon': -119.55, 'status': 'repaired', 'days_active': 120, 'days_active_prog_start': 0, 'tagged': True, 'component': 'unknown', 'date_began': datetime.datetime(2018, 4, 2, 0, 0), 'date_tagged': datetime.datetime(2018, 7, 31, 0, 0), 'tagged_by_company': 'natural', 'tagged_by_crew': 1, 'init_detect_by': 'natural', 'init_detect_date': datetime.datetime(2018, 7, 31, 0, 0), 'requires_shutdown': False, 'date_repaired': datetime.datetime(2018, 7, 31, 16, 0), 'repair_delay': 0, 'OGI_sp_covered': 0}, {'leak_ID': 'ABRAND00083_0000000001', 'facility_ID': 'ABRAND00083', 'equipment_group': 1, 'rate': 0.004204476285282131, 'lat': 55.43, 'lon': -119.55, 'status': 'repaired', 'days_active': 120, 'days_active_prog_start': 0, 'tagged': True, 'component': 'unknown', 'date_began': datetime.datetime(2020, 2, 24, 0, 0), 'date_tagged': datetime.datetime(2020, 6, 23, 0, 0), 'tagged_by_company': 'natural', 'tagged_by_crew': 1, 'init_detect_by': 'natural', 'init_detect_date': datetime.datetime(2020, 6, 23, 0, 0), 'requires_shutdown': False, 'date_repaired': datetime.datetime(2020, 6, 23, 16, 0), 'repair_delay': 0, 'OGI_sp_covered': 1}]",[],0,False,,,,1,4,42,30,False,6,3,0,2,0.0,127.10081835335137,0.4088176352705411,0.7231217463669046,0.06964428402923363
ABRAND00943,361,52.68,-114.17,1,6,2,2,2,120,1,30,20,120,1,lognorm,0.062287158377333125,[1.462],"['kilogram', 'hour']",<scipy.stats._distn_infrastructure.rv_frozen object at 0x000002073C01D1C8>,0,6,60,598.3166700940507,[],"[{'leak_ID': 'ABRAND00943_0000000000', 'facility_ID': 'ABRAND00943', 'equipment_group': 1, 'rate': 0.039678898084832756, 'lat': 52.68, 'lon': -114.17, 'status': 'repaired', 'days_active': 30, 'days_active_prog_start': 0, 'tagged': True, 'component': 'unknown', 'date_began': datetime.datetime(2017, 3, 10, 0, 0), 'date_tagged': datetime.datetime(2017, 3, 24, 13, 0), 'tagged_by_company': 'OGI', 'tagged_by_crew': 2, 'init_detect_by': 'OGI', 'init_detect_date': datetime.datetime(2017, 3, 24, 13, 0), 'requires_shutdown': False, 'date_repaired': datetime.datetime(2017, 4, 9, 16, 0), 'repair_delay': 16, 'OGI_sp_covered': 1}, {'leak_ID': 'ABRAND00943_0000000001', 'facility_ID': 'ABRAND00943', 'equipment_group': 1, 'rate': 0.02000299952998557, 'lat': 52.68, 'lon': -114.17, 'status': 'repaired', 'days_active': 120, 'days_active_prog_start': 0, 'tagged': True, 'component': 'unknown', 'date_began': datetime.datetime(2018, 3, 11, 0, 0), 'date_tagged': datetime.datetime(2018, 7, 9, 0, 0), 'tagged_by_company': 'natural', 'tagged_by_crew': 1, 'init_detect_by': 'natural', 'init_detect_date': datetime.datetime(2018, 7, 9, 0, 0), 'requires_shutdown': False, 'date_repaired': datetime.datetime(2018, 7, 9, 16, 0), 'repair_delay': 0, 'OGI_sp_covered': 0}, {'leak_ID': 'ABRAND00943_0000000002', 'facility_ID': 'ABRAND00943', 'equipment_group': 1, 'rate': 0.03908076861053213, 'lat': 52.68, 'lon': -114.17, 'status': 'repaired', 'days_active': 50, 'days_active_prog_start': 0, 'tagged': True, 'component': 'unknown', 'date_began': datetime.datetime(2018, 12, 20, 0, 0), 'date_tagged': datetime.datetime(2019, 1, 23, 13, 0), 'tagged_by_company': 'OGI', 'tagged_by_crew': 2, 'init_detect_by': 'OGI', 'init_detect_date': datetime.datetime(2019, 1, 23, 13, 0), 'requires_shutdown': False, 'date_repaired': datetime.datetime(2019, 2, 8, 16, 0), 'repair_delay': 16, 'OGI_sp_covered': 1}, {'leak_ID': 'ABRAND00943_0000000003', 'facility_ID': 'ABRAND00943', 'equipment_group': 1, 'rate': 0.004135061958270478, 'lat': 52.68, 'lon': -114.17, 'status': 'repaired', 'days_active': 120, 'days_active_prog_start': 0, 'tagged': True, 'component': 'unknown', 'date_began': datetime.datetime(2019, 10, 29, 0, 0), 'date_tagged': datetime.datetime(2020, 2, 26, 0, 0), 'tagged_by_company': 'natural', 'tagged_by_crew': 1, 'init_detect_by': 'natural', 'init_detect_date': datetime.datetime(2020, 2, 26, 0, 0), 'requires_shutdown': False, 'date_repaired': datetime.datetime(2020, 2, 26, 13, 30), 'repair_delay': 0, 'OGI_sp_covered': 1}, {'leak_ID': 'ABRAND00943_0000000004', 'facility_ID': 'ABRAND00943', 'equipment_group': 1, 'rate': 0.005457737591886701, 'lat': 52.68, 'lon': -114.17, 'status': 'repaired', 'days_active': 120, 'days_active_prog_start': 0, 'tagged': True, 'component': 'unknown', 'date_began': datetime.datetime(2020, 1, 21, 0, 0), 'date_tagged': datetime.datetime(2020, 5, 20, 0, 0), 'tagged_by_company': 'natural', 'tagged_by_crew': 1, 'init_detect_by': 'natural', 'init_detect_date': datetime.datetime(2020, 5, 20, 0, 0), 'requires_shutdown': False, 'date_repaired': datetime.datetime(2020, 5, 20, 16, 0), 'repair_delay': 0, 'OGI_sp_covered': 1}, {'leak_ID': 'ABRAND00943_0000000005', 'facility_ID': 'ABRAND00943', 'equipment_group': 1, 'rate': 0.001908834972776359, 'lat': 52.68, 'lon': -114.17, 'status': 'repaired', 'days_active': 120, 'days_active_prog_start': 0, 'tagged': True, 'component': 'unknown', 'date_began': datetime.datetime(2021, 8, 22, 0, 0), 'date_tagged': datetime.datetime(2021, 12, 20, 0, 0), 'tagged_by_company': 'natural', 'tagged_by_crew': 1, 'init_detect_by': 'natural', 'init_detect_date': datetime.datetime(2021, 12, 20, 0, 0), 'requires_shutdown': False, 'date_repaired': datetime.datetime(2021, 12, 20, 16, 0), 'repair_delay': 0, 'OGI_sp_covered': 1}]",[],0,False,,,,3,4,42,30,False,6,7,0,6,0.0,598.3166700940507,0.41082164328657317,0.7247742558049093,0.32784475073646613
ABRAND00263,601,53.63,-117.63,1,6,2,2,2,120,1,30,20,120,1,lognorm,0.062287158377333125,[1.462],"['kilogram', 'hour']",<scipy.stats._distn_infrastructure.rv_frozen object at 0x000002073C01D1C8>,0,5,60,396.58255568397,[],"[{'leak_ID': 'ABRAND00263_0000000000', 'facility_ID': 'ABRAND00263', 'equipment_group': 1, 'rate': 0.012160708024337616, 'lat': 53.63, 'lon': -117.63, 'status': 'repaired', 'days_active': 120, 'days_active_prog_start': 0, 'tagged': True, 'component': 'unknown', 'date_began': datetime.datetime(2018, 10, 23, 0, 0), 'date_tagged': datetime.datetime(2019, 2, 20, 0, 0), 'tagged_by_company': 'natural', 'tagged_by_crew': 1, 'init_detect_by': 'natural', 'init_detect_date': datetime.datetime(2019, 2, 20, 0, 0), 'requires_shutdown': False, 'date_repaired': datetime.datetime(2019, 2, 20, 16, 0), 'repair_delay': 0, 'OGI_sp_covered': 1}, {'leak_ID': 'ABRAND00263_0000000001', 'facility_ID': 'ABRAND00263', 'equipment_group': 1, 'rate': 0.03757282938845655, 'lat': 53.63, 'lon': -117.63, 'status': 'repaired', 'days_active': 24, 'days_active_prog_start': 0, 'tagged': True, 'component': 'unknown', 'date_began': datetime.datetime(2019, 5, 15, 0, 0), 'date_tagged': datetime.datetime(2019, 5, 23, 13, 0), 'tagged_by_company': 'OGI', 'tagged_by_crew': 3, 'init_detect_by': 'OGI', 'init_detect_date': datetime.datetime(2019, 5, 23, 13, 0), 'requires_shutdown': False, 'date_repaired': datetime.datetime(2019, 6, 8, 16, 0), 'repair_delay': 16, 'OGI_sp_covered': 1}, {'leak_ID': 'ABRAND00263_0000000002', 'facility_ID': 'ABRAND00263', 'equipment_group': 1, 'rate': 0.06427857492080093, 'lat': 53.63, 'lon': -117.63, 'status': 'repaired', 'days_active': 16, 'days_active_prog_start': 0, 'tagged': True, 'component': 'unknown', 'date_began': datetime.datetime(2019, 7, 22, 0, 0), 'date_tagged': datetime.datetime(2019, 7, 22, 13, 0), 'tagged_by_company': 'OGI', 'tagged_by_crew': 3, 'init_detect_by': 'OGI', 'init_detect_date': datetime.datetime(2019, 7, 22, 13, 0), 'requires_shutdown': False, 'date_repaired': datetime.datetime(2019, 8, 7, 16, 0), 'repair_delay': 16, 'OGI_sp_covered': 1}, {'leak_ID': 'ABRAND00263_0000000003', 'facility_ID': 'ABRAND00263', 'equipment_group': 1, 'rate': 0.004798560316384238, 'lat': 53.63, 'lon': -117.63, 'status': 'repaired', 'days_active': 120, 'days_active_prog_start': 0, 'tagged': True, 'component': 'unknown', 'date_began': datetime.datetime(2019, 8, 26, 0, 0), 'date_tagged': datetime.datetime(2019, 12, 24, 0, 0), 'tagged_by_company': 'natural', 'tagged_by_crew': 1, 'init_detect_by': 'natural', 'init_detect_date': datetime.datetime(2019, 12, 24, 0, 0), 'requires_shutdown': False, 'date_repaired': datetime.datetime(2019, 12, 24, 0, 0), 'repair_delay': 0, 'OGI_sp_covered': 1}, {'leak_ID': 'ABRAND00263_0000000004', 'facility_ID': 'ABRAND00263', 'equipment_group': 1, 'rate': 0.005206321425245667, 'lat': 53.63, 'lon': -117.63, 'status': 'repaired', 'days_active': 120, 'days_active_prog_start': 0, 'tagged': True, 'component': 'unknown', 'date_began': datetime.datetime(2019, 11, 11, 0, 0), 'date_tagged': datetime.datetime(2020, 3, 10, 0, 0), 'tagged_by_company': 'natural', 'tagged_by_crew': 1, 'init_detect_by': 'natural', 'init_detect_date': datetime.datetime(2020, 3, 10, 0, 0), 'requires_shutdown': False, 'date_repaired': datetime.datetime(2020, 3, 10, 16, 0), 'repair_delay': 0, 'OGI_sp_covered': 0}]",[],0,False,,,,2,4,42,30,False,6,5,0,5,0.0,396.58255568397,0.41282565130260523,0.7264221721368864,0.21730550996381917
ABRAND00921,362,52.82,-114.22,2,6,2,2,2,120,1,30,20,120,1,lognorm,0.062287158377333125,[1.462],"['kilogram', 'hour']",<scipy.stats._distn_infrastructure.rv_frozen object at 0x000002073C01D1C8>,1,3,60,431.1121030727679,[],"[{'leak_ID': 'ABRAND00921_0000000001', 'facility_ID': 'ABRAND00921', 'equipment_group': 2, 'rate': 0.0009244316298256229, 'lat': 52.82, 'lon': -114.22, 'status': 'repaired', 'days_active': 120, 'days_active_prog_start': 112, 'tagged': True, 'component': 'unknown', 'date_began': datetime.datetime(2016, 9, 11, 0, 0), 'date_tagged': datetime.datetime(2017, 1, 8, 0, 0), 'tagged_by_company': 'natural', 'tagged_by_crew': 1, 'init_detect_by': 'natural', 'init_detect_date': datetime.datetime(2017, 1, 8, 0, 0), 'requires_shutdown': False, 'date_repaired': datetime.datetime(2017, 1, 8, 16, 0), 'repair_delay': 0}, {'leak_ID': 'ABRAND00921_0000000001', 'facility_ID': 'ABRAND00921', 'equipment_group': 2, 'rate': 0.06356157677742585, 'lat': 52.82, 'lon': -114.22, 'status': 'repaired', 'days_active': 72, 'days_active_prog_start': 0, 'tagged': True, 'component': 'unknown', 'date_began': datetime.datetime(2018, 9, 25, 0, 0), 'date_tagged': datetime.datetime(2018, 11, 20, 8, 0), 'tagged_by_company': 'OGI', 'tagged_by_crew': 1, 'init_detect_by': 'OGI', 'init_detect_date': datetime.datetime(2018, 11, 20, 8, 0), 'requires_shutdown': False, 'date_repaired': datetime.datetime(2018, 12, 6, 16, 0), 'repair_delay': 16, 'OGI_sp_covered': 1}, {'leak_ID': 'ABRAND00921_0000000002', 'facility_ID': 'ABRAND00921', 'equipment_group': 2, 'rate': 0.00338245361817339, 'lat': 52.82, 'lon': -114.22, 'status': 'repaired', 'days_active': 120, 'days_active_prog_start': 0, 'tagged': True, 'component': 'unknown', 'date_began': datetime.datetime(2021, 8, 14, 0, 0), 'date_tagged': datetime.datetime(2021, 12, 12, 0, 0), 'tagged_by_company': 'natural', 'tagged_by_crew': 1, 'init_detect_by': 'natural', 'init_detect_date': datetime.datetime(2021, 12, 12, 0, 0), 'requires_shutdown': False, 'date_repaired': datetime.datetime(2021, 12, 12, 16, 0), 'repair_delay': 0, 'OGI_sp_covered': 1}]",[],1,False,,,,2,4,41,30,False,6,2,0,3,0.0,431.1121030727679,0.4148296593186373,0.7280665277090772,0.23622580990288652
ABRAND00533,361,52.85,-115.6,4,6,2,2,2,120,1,30,20,120,1,lognorm,0.062287158377333125,[1.462],"['kilogram', 'hour']",<scipy.stats._distn_infrastructure.rv_frozen object at 0x000002073C01D1C8>,0,7,60,6578.076210740481,"[{'leak_ID': 'ABRAND00533_0000000006', 'facility_ID': 'ABRAND00533', 'equipment_group': 3, 'rate': 0.15055635563798442, 'lat': 52.85, 'lon': -115.6, 'status': 'active', 'days_active': 63, 'days_active_prog_start': 0, 'tagged': False, 'component': 'unknown', 'date_began': datetime.datetime(2021, 10, 28, 0, 0), 'date_tagged': None, 'tagged_by_company': None, 'tagged_by_crew': None, 'init_detect_by': None, 'init_detect_date': None, 'requires_shutdown': False, 'date_repaired': None, 'repair_delay': None, 'OGI_sp_covered': 0}]","[{'leak_ID': 'ABRAND00533_0000000000', 'facility_ID': 'ABRAND00533', 'equipment_group': 1, 'rate': 0.002716392798947346, 'lat': 52.85, 'lon': -115.6, 'status': 'repaired', 'days_active': 120, 'days_active_prog_start': 0, 'tagged': True, 'component': 'unknown', 'date_began': datetime.datetime(2017, 1, 6, 0, 0), 'date_tagged': datetime.datetime(2017, 5, 6, 0, 0), 'tagged_by_company': 'natural', 'tagged_by_crew': 1, 'init_detect_by': 'natural', 'init_detect_date': datetime.datetime(2017, 5, 6, 0, 0), 'requires_shutdown': False, 'date_repaired': datetime.datetime(2017, 5, 6, 16, 0), 'repair_delay': 0, 'OGI_sp_covered': 0}, {'leak_ID': 'ABRAND00533_0000000002', 'facility_ID': 'ABRAND00533', 'equipment_group': 2, 'rate': 0.15266110780884032, 'lat': 52.85, 'lon': -115.6, 'status': 'repaired', 'days_active': 20, 'days_active_prog_start': 0, 'tagged': True, 'component': 'unknown', 'date_began': datetime.datetime(2018, 9, 17, 0, 0), 'date_tagged': datetime.datetime(2018, 9, 21, 8, 0), 'tagged_by_company': 'OGI', 'tagged_by_crew': 2, 'init_detect_by': 'OGI', 'init_detect_date': datetime.datetime(2018, 9, 21, 8, 0), 'requires_shutdown': False, 'date_repaired': datetime.datetime(2018, 10, 7, 16, 0), 'repair_delay': 16, 'OGI_sp_covered': 1}, {'leak_ID': 'ABRAND00533_0000000001', 'facility_ID': 'ABRAND00533', 'equipment_group': 1, 'rate': 0.00041099231596299714, 'lat': 52.85, 'lon': -115.6, 'status': 'repaired', 'days_active': 120, 'days_active_prog_start': 0, 'tagged': True, 'component': 'unknown', 'date_began': datetime.datetime(2018, 8, 4, 0, 0), 'date_tagged': datetime.datetime(2018, 12, 2, 0, 0), 'tagged_by_company': 'natural', 'tagged_by_crew': 1, 'init_detect_by': 'natural', 'init_detect_date': datetime.datetime(2018, 12, 2, 0, 0), 'requires_shutdown': False, 'date_repaired': datetime.datetime(2018, 12, 2, 16, 0), 'repair_delay': 0, 'OGI_sp_covered': 1}, {'leak_ID': 'ABRAND00533_0000000003', 'facility_ID': 'ABRAND00533', 'equipment_group': 3, 'rate': 0.18084092890223524, 'lat': 52.85, 'lon': -115.6, 'status': 'repaired', 'days_active': 112, 'days_active_prog_start': 0, 'tagged': True, 'component': 'unknown', 'date_began': datetime.datetime(2019, 12, 19, 0, 0), 'date_tagged': datetime.datetime(2020, 3, 24, 8, 0), 'tagged_by_company': 'OGI', 'tagged_by_crew': 2, 'init_detect_by': 'OGI', 'init_detect_date': datetime.datetime(2020, 3, 24, 8, 0), 'requires_shutdown': False, 'date_repaired': datetime.datetime(2020, 4, 9, 16, 0), 'repair_delay': 16, 'OGI_sp_covered': 1}, {'leak_ID': 'ABRAND00533_0000000004', 'facility_ID': 'ABRAND00533', 'equipment_group': 1, 'rate': 0.003187036869625196, 'lat': 52.85, 'lon': -115.6, 'status': 'repaired', 'days_active': 120, 'days_active_prog_start': 0, 'tagged': True, 'component': 'unknown', 'date_began': datetime.datetime(2020, 3, 1, 0, 0), 'date_tagged': datetime.datetime(2020, 6, 29, 0, 0), 'tagged_by_company': 'natural', 'tagged_by_crew': 1, 'init_detect_by': 'natural', 'init_detect_date': datetime.datetime(2020, 6, 29, 0, 0), 'requires_shutdown': False, 'date_repaired': datetime.datetime(2020, 6, 29, 0, 0), 'repair_delay': 0, 'OGI_sp_covered': 1}, {'leak_ID': 'ABRAND00533_0000000005', 'facility_ID': 'ABRAND00533', 'equipment_group': 4, 'rate': 0.6171732477021796, 'lat': 52.85, 'lon': -115.6, 'status': 'repaired', 'days_active': 69, 'days_active_prog_start': 0, 'tagged': True, 'component': 'unknown', 'date_began': datetime.datetime(2021, 4, 1, 0, 0), 'date_tagged': datetime.datetime(2021, 5, 24, 8, 0), 'tagged_by_company': 'OGI', 'tagged_by_crew': 2, 'init_detect_by': 'OGI', 'init_detect_date': datetime.datetime(2021, 5, 24, 8, 0), 'requires_shutdown': False, 'date_repaired': datetime.datetime(2021, 6, 9, 16, 0), 'repair_delay': 16, 'OGI_sp_covered': 1}]",[],0,False,,,,2,4,41,30,False,6,4,1,6,819.5083550086769,5758.567855731804,0.4168336673346693,0.7297092785114752,3.604425320953688
ABRAND00211,351,54.54,-118.72,3,6,2,2,2,120,1,30,20,120,1,lognorm,0.062287158377333125,[1.462],"['kilogram', 'hour']",<scipy.stats._distn_infrastructure.rv_frozen object at 0x000002073C01D1C8>,0,5,60,10531.953495236921,[],"[{'leak_ID': 'ABRAND00211_0000000000', 'facility_ID': 'ABRAND00211', 'equipment_group': 1, 'rate': 0.20330867097258712, 'lat': 54.54, 'lon': -118.72, 'status': 'repaired', 'days_active': 52, 'days_active_prog_start': 0, 'tagged': True, 'component': 'unknown', 'date_began': datetime.datetime(2017, 10, 15, 0, 0), 'date_tagged': datetime.datetime(2017, 11, 20, 8, 0), 'tagged_by_company': 'OGI', 'tagged_by_crew': 3, 'init_detect_by': 'OGI', 'init_detect_date': datetime.datetime(2017, 11, 20, 8, 0), 'requires_shutdown': False, 'date_repaired': datetime.datetime(2017, 12, 6, 16, 0), 'repair_delay': 16, 'OGI_sp_covered': 1}, {'leak_ID': 'ABRAND00211_0000000001', 'facility_ID': 'ABRAND00211', 'equipment_group': 2, 'rate': 0.815955962829293, 'lat': 54.54, 'lon': -118.72, 'status': 'repaired', 'days_active': 120, 'days_active_prog_start': 0, 'tagged': True, 'component': 'unknown', 'date_began': datetime.datetime(2018, 6, 13, 0, 0), 'date_tagged': datetime.datetime(2018, 10, 11, 0, 0), 'tagged_by_company': 'natural', 'tagged_by_crew': 1, 'init_detect_by': 'natural', 'init_detect_date': datetime.datetime(2018, 10, 11, 0, 0), 'requires_shutdown': False, 'date_repaired': datetime.datetime(2018, 10, 11, 16, 0), 'repair_delay': 0, 'OGI_sp_covered': 0}, {'leak_ID': 'ABRAND00211_0000000002', 'facility_ID': 'ABRAND00211', 'equipment_group': 1, 'rate': 0.08424910440831437, 'lat': 54.54, 'lon': -118.72, 'status': 'repaired', 'days_active': 120, 'days_active_prog_start': 0, 'tagged': True, 'component': 'unknown', 'date_began': datetime.datetime(2019, 10, 12, 0, 0), 'date_tagged': datetime.datetime(2020, 2, 9, 0, 0), 'tagged_by_company': 'natural', 'tagged_by_crew': 3, 'init_detect_by': 'OGI', 'init_detect_date': datetime.datetime(2020, 1, 24, 8, 0), 'requires_shutdown': False, 'date_repaired': datetime.datetime(2020, 2, 9, 16, 0), 'repair_delay': 0, 'OGI_sp_covered': 1}, {'leak_ID': 'ABRAND00211_0000000003', 'facility_ID': 'ABRAND00211', 'equipment_group': 2, 'rate': 0.026129663696035806, 'lat': 54.54, 'lon': -118.72, 'status': 'repaired', 'days_active': 120, 'days_active_prog_start': 0, 'tagged': True, 'component': 'unknown', 'date_began': datetime.datetime(2020, 9, 8, 0, 0), 'date_tagged': datetime.datetime(2021, 1, 6, 0, 0), 'tagged_by_company': 'natural', 'tagged_by_crew': 1, 'init_detect_by': 'natural', 'init_detect_date': datetime.datetime(2021, 1, 6, 0, 0), 'requires_shutdown': False, 'date_repaired': datetime.datetime(2021, 1, 6, 16, 0), 'repair_delay': 0, 'OGI_sp_covered': 0}, {'leak_ID': 'ABRAND00211_0000000004', 'facility_ID': 'ABRAND00211', 'equipment_group': 3, 'rate': 0.0013782607996980166, 'lat': 54.54, 'lon': -118.72, 'status': 'repaired', 'days_active': 120, 'days_active_prog_start': 0, 'tagged': True, 'component': 'unknown', 'date_began': datetime.datetime(2021, 6, 22, 0, 0), 'date_tagged': datetime.datetime(2021, 10, 20, 0, 0), 'tagged_by_company': 'natural', 'tagged_by_crew': 1, 'init_detect_by': 'natural', 'init_detect_date': datetime.datetime(2021, 10, 20, 0, 0), 'requires_shutdown': False, 'date_repaired': datetime.datetime(2021, 10, 20, 16, 0), 'repair_delay': 0, 'OGI_sp_covered': 1}]",[],0,False,,,,2,4,41,30,False,6,3,0,5,0.0,10531.953495236921,0.4188376753507014,0.7313481215150816,5.770933422047628
ABRAND00476,351,53.02,-115.79,5,6,2,2,2,120,1,30,20,120,1,lognorm,0.062287158377333125,[1.462],"['kilogram', 'hour']",<scipy.stats._distn_infrastructure.rv_frozen object at 0x000002073C01D1C8>,1,7,60,1364.566638839007,"[{'leak_ID': 'ABRAND00476_0000000006', 'facility_ID': 'ABRAND00476', 'equipment_group': 3, 'rate': 0.007202940938730057, 'lat': 53.02, 'lon': -115.79, 'status': 'active', 'days_active': 50, 'days_active_prog_start': 0, 'tagged': False, 'component': 'unknown', 'date_began': datetime.datetime(2021, 11, 10, 0, 0), 'date_tagged': None, 'tagged_by_company': None, 'tagged_by_crew': None, 'init_detect_by': None, 'init_detect_date': None, 'requires_shutdown': False, 'date_repaired': None, 'repair_delay': None, 'OGI_sp_covered': 1}]","[{'leak_ID': 'ABRAND00476_0000000001', 'facility_ID': 'ABRAND00476', 'equipment_group': 3, 'rate': 0.06662065319267564, 'lat': 53.02, 'lon': -115.79, 'status': 'repaired', 'days_active': 120, 'days_active_prog_start': 45, 'tagged': True, 'component': 'unknown', 'date_began': datetime.datetime(2016, 11, 17, 0, 0), 'date_tagged': datetime.datetime(2017, 3, 16, 0, 0), 'tagged_by_company': 'natural', 'tagged_by_crew': 1, 'init_detect_by': 'natural', 'init_detect_date': datetime.datetime(2017, 3, 16, 0, 0), 'requires_shutdown': False, 'date_repaired': datetime.datetime(2017, 3, 16, 16, 0), 'repair_delay': 0, 'OGI_sp_covered': 1}, {'leak_ID': 'ABRAND00476_0000000001', 'facility_ID': 'ABRAND00476', 'equipment_group': 2, 'rate': 0.07613872021791905, 'lat': 53.02, 'lon': -115.79, 'status': 'repaired', 'days_active': 17, 'days_active_prog_start': 0, 'tagged': True, 'component': 'unknown', 'date_began': datetime.datetime(2018, 3, 24, 0, 0), 'date_tagged': datetime.datetime(2018, 3, 25, 10, 30), 'tagged_by_company': 'OGI', 'tagged_by_crew': 1, 'init_detect_by': 'OGI', 'init_detect_date': datetime.datetime(2018, 3, 25, 10, 30), 'requires_shutdown': False, 'date_repaired': datetime.datetime(2018, 4, 10, 16, 0), 'repair_delay': 16, 'OGI_sp_covered': 1}, {'leak_ID': 'ABRAND00476_0000000002', 'facility_ID': 'ABRAND00476', 'equipment_group': 1, 'rate': 0.21665214433767366, 'lat': 53.02, 'lon': -115.79, 'status': 'repaired', 'days_active': 20, 'days_active_prog_start': 0, 'tagged': True, 'component': 'unknown', 'date_began': datetime.datetime(2019, 5, 20, 0, 0), 'date_tagged': datetime.datetime(2019, 5, 24, 10, 30), 'tagged_by_company': 'OGI', 'tagged_by_crew': 1, 'init_detect_by': 'OGI', 'init_detect_date': datetime.datetime(2019, 5, 24, 10, 30), 'requires_shutdown': False, 'date_repaired': datetime.datetime(2019, 6, 9, 16, 0), 'repair_delay': 16, 'OGI_sp_covered': 1}, {'leak_ID': 'ABRAND00476_0000000003', 'facility_ID': 'ABRAND00476', 'equipment_group': 3, 'rate': 0.0021502682880783666, 'lat': 53.02, 'lon': -115.79, 'status': 'repaired', 'days_active': 120, 'days_active_prog_start': 0, 'tagged': True, 'component': 'unknown', 'date_began': datetime.datetime(2020, 7, 24, 0, 0), 'date_tagged': datetime.datetime(2020, 11, 21, 0, 0), 'tagged_by_company': 'natural', 'tagged_by_crew': 1, 'init_detect_by': 'natural', 'init_detect_date': datetime.datetime(2020, 11, 21, 0, 0), 'requires_shutdown': False, 'date_repaired': datetime.datetime(2020, 11, 21, 16, 0), 'repair_delay': 0, 'OGI_sp_covered': 1}, {'leak_ID': 'ABRAND00476_0000000005', 'facility_ID': 'ABRAND00476', 'equipment_group': 1, 'rate': 0.03937566956270194, 'lat': 53.02, 'lon': -115.79, 'status': 'repaired', 'days_active': 50, 'days_active_prog_start': 0, 'tagged': True, 'component': 'unknown', 'date_began': datetime.datetime(2020, 10, 16, 0, 0), 'date_tagged': datetime.datetime(2020, 11, 19, 10, 30), 'tagged_by_company': 'OGI', 'tagged_by_crew': 1, 'init_detect_by': 'OGI', 'init_detect_date': datetime.datetime(2020, 11, 19, 10, 30), 'requires_shutdown': False, 'date_repaired': datetime.datetime(2020, 12, 5, 16, 0), 'repair_delay': 16, 'OGI_sp_covered': 1}, {'leak_ID': 'ABRAND00476_0000000004', 'facility_ID': 'ABRAND00476', 'equipment_group': 2, 'rate': 0.02152235431152647, 'lat': 53.02, 'lon': -115.79, 'status': 'repaired', 'days_active': 120, 'days_active_prog_start': 0, 'tagged': True, 'component': 'unknown', 'date_began': datetime.datetime(2020, 10, 12, 0, 0), 'date_tagged': datetime.datetime(2021, 2, 9, 0, 0), 'tagged_by_company': 'natural', 'tagged_by_crew': 1, 'init_detect_by': 'natural', 'init_detect_date': datetime.datetime(2021, 2, 9, 0, 0), 'requires_shutdown': False, 'date_repaired': datetime.datetime(2021, 2, 9, 16, 0), 'repair_delay': 0, 'OGI_sp_covered': 1}]",[],1,False,,,,2,4,41,30,False,6,5,1,6,31.11670485531385,1333.4499339836932,0.42084168336673344,0.7329817514145556,0.747707747309045
ABRAND00642,601,52.45,-115.18,3,6,2,2,2,120,1,30,20,120,1,lognorm,0.062287158377333125,[1.462],"['kilogram', 'hour']",<scipy.stats._distn_infrastructure.rv_frozen object at 0x000002073C01D1C8>,0,8,60,1386.3227385220855,"[{'leak_ID': 'ABRAND00642_0000000007', 'facility_ID': 'ABRAND00642', 'equipment_group': 3, 'rate': 0.033904460138012335, 'lat': 52.45, 'lon': -115.18, 'status': 'active', 'days_active': 119, 'days_active_prog_start': 0, 'tagged': False, 'component': 'unknown', 'date_began': datetime.datetime(2021, 9, 2, 0, 0), 'date_tagged': None, 'tagged_by_company': None, 'tagged_by_crew': None, 'init_detect_by': None, 'init_detect_date': None, 'requires_shutdown': False, 'date_repaired': None, 'repair_delay': None, 'OGI_sp_covered': 1}]","[{'leak_ID': 'ABRAND00642_0000000000', 'facility_ID': 'ABRAND00642', 'equipment_group': 1, 'rate': 0.021786100455297164, 'lat': 52.45, 'lon': -115.18, 'status': 'repaired', 'days_active': 120, 'days_active_prog_start': 0, 'tagged': True, 'component': 'unknown', 'date_began': datetime.datetime(2017, 4, 22, 0, 0), 'date_tagged': datetime.datetime(2017, 8, 20, 0, 0), 'tagged_by_company': 'natural', 'tagged_by_crew': 1, 'init_detect_by': 'natural', 'init_detect_date': datetime.datetime(2017, 8, 20, 0, 0), 'requires_shutdown': False, 'date_repaired': datetime.datetime(2017, 8, 20, 16, 0), 'repair_delay': 0, 'OGI_sp_covered': 1}, {'leak_ID': 'ABRAND00642_0000000001', 'facility_ID': 'ABRAND00642', 'equipment_group': 1, 'rate': 0.03656461727118873, 'lat': 52.45, 'lon': -115.18, 'status': 'repaired', 'days_active': 22, 'days_active_prog_start': 0, 'tagged': True, 'component': 'unknown', 'date_began': datetime.datetime(2017, 11, 14, 0, 0), 'date_tagged': datetime.datetime(2017, 11, 20, 10, 30), 'tagged_by_company': 'OGI', 'tagged_by_crew': 2, 'init_detect_by': 'OGI', 'init_detect_date': datetime.datetime(2017, 11, 20, 10, 30), 'requires_shutdown': False, 'date_repaired': datetime.datetime(2017, 12, 6, 16, 0), 'repair_delay': 16, 'OGI_sp_covered': 1}, {'leak_ID': 'ABRAND00642_0000000002', 'facility_ID': 'ABRAND00642', 'equipment_group': 3, 'rate': 0.012451479274067107, 'lat': 52.45, 'lon': -115.18, 'status': 'repaired', 'days_active': 120, 'days_active_prog_start': 0, 'tagged': True, 'component': 'unknown', 'date_began': datetime.datetime(2017, 11, 16, 0, 0), 'date_tagged': datetime.datetime(2018, 3, 16, 0, 0), 'tagged_by_company': 'natural', 'tagged_by_crew': 1, 'init_detect_by': 'natural', 'init_detect_date': datetime.datetime(2018, 3, 16, 0, 0), 'requires_shutdown': False, 'date_repaired': datetime.datetime(2018, 3, 16, 16, 0), 'repair_delay': 0, 'OGI_sp_covered': 0}, {'leak_ID': 'ABRAND00642_0000000003', 'facility_ID': 'ABRAND00642', 'equipment_group': 3, 'rate': 0.007214496038523526, 'lat': 52.45, 'lon': -115.18, 'status': 'repaired', 'days_active': 120, 'days_active_prog_start': 0, 'tagged': True, 'component': 'unknown', 'date_began': datetime.datetime(2018, 3, 31, 0, 0), 'date_tagged': datetime.datetime(2018, 7, 29, 0, 0), 'tagged_by_company': 'natural', 'tagged_by_crew': 1, 'init_detect_by': 'natural', 'init_detect_date': datetime.datetime(2018, 7, 29, 0, 0), 'requires_shutdown': False, 'date_repaired': datetime.datetime(2018, 7, 29, 16, 0), 'repair_delay': 0, 'OGI_sp_covered': 1}, {'leak_ID': 'ABRAND00642_0000000004', 'facility_ID': 'ABRAND00642', 'equipment_group': 1, 'rate': 0.05843318005622576, 'lat': 52.45, 'lon': -115.18, 'status': 'repaired', 'days_active': 57, 'days_active_prog_start': 0, 'tagged': True, 'component': 'unknown', 'date_began': datetime.datetime(2020, 8, 10, 0, 0), 'date_tagged': datetime.datetime(2020, 9, 20, 10, 30), 'tagged_by_company': 'OGI', 'tagged_by_crew': 2, 'init_detect_by': 'OGI', 'init_detect_date': datetime.datetime(2020, 9, 20, 10, 30), 'requires_shutdown': False, 'date_repaired': datetime.datetime(2020, 10, 6, 16, 0), 'repair_delay': 16, 'OGI_sp_covered': 1}, {'leak_ID': 'ABRAND00642_0000000005', 'facility_ID': 'ABRAND00642', 'equipment_group': 1, 'rate': 0.014397731757608627, 'lat': 52.45, 'lon': -115.18, 'status': 'repaired', 'days_active': 120, 'days_active_prog_start': 0, 'tagged': True, 'component': 'unknown', 'date_began': datetime.datetime(2020, 8, 12, 0, 0), 'date_tagged': datetime.datetime(2020, 12, 10, 0, 0), 'tagged_by_company': 'natural', 'tagged_by_crew': 1, 'init_detect_by': 'natural', 'init_detect_date': datetime.datetime(2020, 12, 10, 0, 0), 'requires_shutdown': False, 'date_repaired': datetime.datetime(2020, 12, 10, 16, 0), 'repair_delay': 0, 'OGI_sp_covered': 1}, {'leak_ID': 'ABRAND00642_0000000006', 'facility_ID': 'ABRAND00642', 'equipment_group': 3, 'rate': 0.009780679696448188, 'lat': 52.45, 'lon': -115.18, 'status': 'repaired', 'days_active': 120, 'days_active_prog_start': 0, 'tagged': True, 'component': 'unknown', 'date_began': datetime.datetime(2021, 3, 26, 0, 0), 'date_tagged': datetime.datetime(2021, 7, 24, 0, 0), 'tagged_by_company': 'natural', 'tagged_by_crew': 1, 'init_detect_by': 'natural', 'init_detect_date': datetime.datetime(2021, 7, 24, 0, 0), 'requires_shutdown': False, 'date_repaired': datetime.datetime(2021, 7, 24, 16, 0), 'repair_delay': 0, 'OGI_sp_covered': 1}]",[],0,False,,,,3,4,41,30,False,6,9,1,7,348.59209735498763,1037.730641167098,0.4228456913827655,0.734612909385009,0.7596288978203208
ABRAND00260,322,54.14,-117.67,5,6,2,2,2,120,1,30,20,120,1,lognorm,0.062287158377333125,[1.462],"['kilogram', 'hour']",<scipy.stats._distn_infrastructure.rv_frozen object at 0x000002073C01D1C8>,1,9,60,1186.3698311720914,[],"[{'leak_ID': 'ABRAND00260_0000000001', 'facility_ID': 'ABRAND00260', 'equipment_group': 4, 'rate': 0.038646759635995995, 'lat': 54.14, 'lon': -117.67, 'status': 'repaired', 'days_active': 19, 'days_active_prog_start': 0, 'tagged': True, 'component': 'unknown', 'date_began': datetime.datetime(2017, 1, 21, 0, 0), 'date_tagged': datetime.datetime(2017, 1, 24, 10, 30), 'tagged_by_company': 'OGI', 'tagged_by_crew': 3, 'init_detect_by': 'OGI', 'init_detect_date': datetime.datetime(2017, 1, 24, 10, 30), 'requires_shutdown': False, 'date_repaired': datetime.datetime(2017, 2, 9, 16, 0), 'repair_delay': 16, 'OGI_sp_covered': 1}, {'leak_ID': 'ABRAND00260_0000000001', 'facility_ID': 'ABRAND00260', 'equipment_group': 2, 'rate': 0.004264612007138127, 'lat': 54.14, 'lon': -117.67, 'status': 'repaired', 'days_active': 120, 'days_active_prog_start': 15, 'tagged': True, 'component': 'unknown', 'date_began': datetime.datetime(2016, 12, 17, 0, 0), 'date_tagged': datetime.datetime(2017, 4, 15, 0, 0), 'tagged_by_company': 'natural', 'tagged_by_crew': 1, 'init_detect_by': 'natural', 'init_detect_date': datetime.datetime(2017, 4, 15, 0, 0), 'requires_shutdown': False, 'date_repaired': datetime.datetime(2017, 4, 15, 16, 0), 'repair_delay': 0, 'OGI_sp_covered': 1}, {'leak_ID': 'ABRAND00260_0000000002', 'facility_ID': 'ABRAND00260', 'equipment_group': 1, 'rate': 0.0032733825871085007, 'lat': 54.14, 'lon': -117.67, 'status': 'repaired', 'days_active': 120, 'days_active_prog_start': 0, 'tagged': True, 'component': 'unknown', 'date_began': datetime.datetime(2017, 6, 15, 0, 0), 'date_tagged': datetime.datetime(2017, 10, 13, 0, 0), 'tagged_by_company': 'natural', 'tagged_by_crew': 1, 'init_detect_by': 'natural', 'init_detect_date': datetime.datetime(2017, 10, 13, 0, 0), 'requires_shutdown': False, 'date_repaired': datetime.datetime(2017, 10, 13, 16, 0), 'repair_delay': 0, 'OGI_sp_covered': 1}, {'leak_ID': 'ABRAND00260_0000000003', 'facility_ID': 'ABRAND00260', 'equipment_group': 1, 'rate': 0.020625922606339386, 'lat': 54.14, 'lon': -117.67, 'status': 'repaired', 'days_active': 120, 'days_active_prog_start': 0, 'tagged': True, 'component': 'unknown', 'date_began': datetime.datetime(2017, 9, 7, 0, 0), 'date_tagged': datetime.datetime(2018, 1, 5, 0, 0), 'tagged_by_company': 'natural', 'tagged_by_crew': 1, 'init_detect_by': 'natural', 'init_detect_date': datetime.datetime(2018, 1, 5, 0, 0), 'requires_shutdown': False, 'date_repaired': datetime.datetime(2018, 1, 5, 16, 0), 'repair_delay': 0, 'OGI_sp_covered': 1}, {'leak_ID': 'ABRAND00260_0000000004', 'facility_ID': 'ABRAND00260', 'equipment_group': 1, 'rate': 0.04784841282993437, 'lat': 54.14, 'lon': -117.67, 'status': 'repaired', 'days_active': 49, 'days_active_prog_start': 0, 'tagged': True, 'component': 'unknown', 'date_began': datetime.datetime(2017, 12, 22, 0, 0), 'date_tagged': datetime.datetime(2018, 1, 24, 10, 30), 'tagged_by_company': 'OGI', 'tagged_by_crew': 3, 'init_detect_by': 'OGI', 'init_detect_date': datetime.datetime(2018, 1, 24, 10, 30), 'requires_shutdown': False, 'date_repaired': datetime.datetime(2018, 2, 9, 16, 0), 'repair_delay': 16, 'OGI_sp_covered': 1}, {'leak_ID': 'ABRAND00260_0000000005', 'facility_ID': 'ABRAND00260', 'equipment_group': 3, 'rate': 0.011343122174139067, 'lat': 54.14, 'lon': -117.67, 'status': 'repaired', 'days_active': 120, 'days_active_prog_start': 0, 'tagged': True, 'component': 'unknown', 'date_began': datetime.datetime(2018, 12, 29, 0, 0), 'date_tagged': datetime.datetime(2019, 4, 28, 0, 0), 'tagged_by_company': 'natural', 'tagged_by_crew': 1, 'init_detect_by': 'natural', 'init_detect_date': datetime.datetime(2019, 4, 28, 0, 0), 'requires_shutdown': False, 'date_repaired': datetime.datetime(2019, 4, 28, 0, 0), 'repair_delay': 0, 'OGI_sp_covered': 1}, {'leak_ID': 'ABRAND00260_0000000006', 'facility_ID': 'ABRAND00260', 'equipment_group': 5, 'rate': 0.0004893513227132119, 'lat': 54.14, 'lon': -117.67, 'status': 'repaired', 'days_active': 120, 'days_active_prog_start': 0, 'tagged': True, 'component': 'unknown', 'date_began': datetime.datetime(2020, 6, 14, 0, 0), 'date_tagged': datetime.datetime(2020, 10, 12, 0, 0), 'tagged_by_company': 'natural', 'tagged_by_crew': 1, 'init_detect_by': 'natural', 'init_detect_date': datetime.datetime(2020, 10, 12, 0, 0), 'requires_shutdown': False, 'date_repaired': datetime.datetime(2020, 10, 12, 16, 0), 'repair_delay': 0, 'OGI_sp_covered': 1}, {'leak_ID': 'ABRAND00260_0000000007', 'facility_ID': 'ABRAND00260', 'equipment_group': 4, 'rate': 0.003918953276061338, 'lat': 54.14, 'lon': -117.67, 'status': 'repaired', 'days_active': 120, 'days_active_prog_start': 0, 'tagged': True, 'component': 'unknown', 'date_began': datetime.datetime(2020, 11, 6, 0, 0), 'date_tagged': datetime.datetime(2021, 3, 6, 0, 0), 'tagged_by_company': 'natural', 'tagged_by_crew': 1, 'init_detect_by': 'natural', 'init_detect_date': datetime.datetime(2021, 3, 6, 0, 0), 'requires_shutdown': False, 'date_repaired': datetime.datetime(2021, 3, 6, 16, 0), 'repair_delay': 0, 'OGI_sp_covered': 1}, {'leak_ID': 'ABRAND00260_0000000008', 'facility_ID': 'ABRAND00260', 'equipment_group': 5, 'rate': 0.09555086924156049, 'lat': 54.14, 'lon': -117.67, 'status': 'repaired', 'days_active': 57, 'days_active_prog_start': 0, 'tagged': True, 'component': 'unknown', 'date_began': datetime.datetime(2021, 4, 13, 0, 0), 'date_tagged': datetime.datetime(2021, 5, 24, 10, 30), 'tagged_by_company': 'OGI', 'tagged_by_crew': 3, 'init_detect_by': 'OGI', 'init_detect_date': datetime.datetime(2021, 5, 24, 10, 30), 'requires_shutdown': False, 'date_repaired': datetime.datetime(2021, 6, 9, 16, 0), 'repair_delay': 16, 'OGI_sp_covered': 1}]",[],1,False,,,,2,4,41,30,False,6,11,0,9,0.0,1186.3698311720914,0.4248496993987976,0.7362427253448723,0.6500656609162144
ABRAND00183,351,54.42,-118.87,1,6,2,2,2,120,1,30,20,120,1,lognorm,0.062287158377333125,[1.462],"['kilogram', 'hour']",<scipy.stats._distn_infrastructure.rv_frozen object at 0x000002073C01D1C8>,0,5,60,2381.5055224924354,[],"[{'leak_ID': 'ABRAND00183_0000000000', 'facility_ID': 'ABRAND00183', 'equipment_group': 1, 'rate': 0.014211463465206726, 'lat': 54.42, 'lon': -118.87, 'status': 'repaired', 'days_active': 120, 'days_active_prog_start': 0, 'tagged': True, 'component': 'unknown', 'date_began': datetime.datetime(2017, 12, 28, 0, 0), 'date_tagged': datetime.datetime(2018, 4, 27, 0, 0), 'tagged_by_company': 'natural', 'tagged_by_crew': 1, 'init_detect_by': 'natural', 'init_detect_date': datetime.datetime(2018, 4, 27, 0, 0), 'requires_shutdown': False, 'date_repaired': datetime.datetime(2018, 4, 27, 13, 30), 'repair_delay': 0, 'OGI_sp_covered': 1}, {'leak_ID': 'ABRAND00183_0000000001', 'facility_ID': 'ABRAND00183', 'equipment_group': 1, 'rate': 0.01681703706157844, 'lat': 54.42, 'lon': -118.87, 'status': 'repaired', 'days_active': 120, 'days_active_prog_start': 0, 'tagged': True, 'component': 'unknown', 'date_began': datetime.datetime(2018, 1, 20, 0, 0), 'date_tagged': datetime.datetime(2018, 5, 20, 0, 0), 'tagged_by_company': 'natural', 'tagged_by_crew': 1, 'init_detect_by': 'natural', 'init_detect_date': datetime.datetime(2018, 5, 20, 0, 0), 'requires_shutdown': False, 'date_repaired': datetime.datetime(2018, 5, 20, 16, 0), 'repair_delay': 0, 'OGI_sp_covered': 1}, {'leak_ID': 'ABRAND00183_0000000002', 'facility_ID': 'ABRAND00183', 'equipment_group': 1, 'rate': 0.00712679592487033, 'lat': 54.42, 'lon': -118.87, 'status': 'repaired', 'days_active': 120, 'days_active_prog_start': 0, 'tagged': True, 'component': 'unknown', 'date_began': datetime.datetime(2019, 7, 13, 0, 0), 'date_tagged': datetime.datetime(2019, 11, 10, 0, 0), 'tagged_by_company': 'natural', 'tagged_by_crew': 1, 'init_detect_by': 'natural', 'init_detect_date': datetime.datetime(2019, 11, 10, 0, 0), 'requires_shutdown': False, 'date_repaired': datetime.datetime(2019, 11, 10, 16, 0), 'repair_delay': 0, 'OGI_sp_covered': 1}, {'leak_ID': 'ABRAND00183_0000000003', 'facility_ID': 'ABRAND00183', 'equipment_group': 1, 'rate': 0.8893091739625666, 'lat': 54.42, 'lon': -118.87, 'status': 'repaired', 'days_active': 25, 'days_active_prog_start': 0, 'tagged': True, 'component': 'unknown', 'date_began': datetime.datetime(2019, 11, 11, 0, 0), 'date_tagged': datetime.datetime(2019, 11, 20, 13, 0), 'tagged_by_company': 'OGI', 'tagged_by_crew': 1, 'init_detect_by': 'OGI', 'init_detect_date': datetime.datetime(2019, 11, 20, 13, 0), 'requires_shutdown': False, 'date_repaired': datetime.datetime(2019, 12, 6, 16, 0), 'repair_delay': 16, 'OGI_sp_covered': 1}, {'leak_ID': 'ABRAND00183_0000000004', 'facility_ID': 'ABRAND00183', 'equipment_group': 1, 'rate': 0.00626963668234254, 'lat': 54.42, 'lon': -118.87, 'status': 'repaired', 'days_active': 120, 'days_active_prog_start': 0, 'tagged': True, 'component': 'unknown', 'date_began': datetime.datetime(2020, 7, 3, 0, 0), 'date_tagged': datetime.datetime(2020, 10, 31, 0, 0), 'tagged_by_company': 'natural', 'tagged_by_crew': 1, 'init_detect_by': 'natural', 'init_detect_date': datetime.datetime(2020, 10, 31, 0, 0), 'requires_shutdown': False, 'date_repaired': datetime.datetime(2020, 10, 31, 16, 0), 'repair_delay': 0, 'OGI_sp_covered': 1}]",[],0,False,,,,2,4,41,30,False,6,5,0,5,0.0,2381.5055224924354,0.42685370741482964,0.7378680316154482,1.3049345328725672
ABRAND00367,361,53.11,-116.08,2,6,2,2,2,120,1,30,20,120,1,lognorm,0.062287158377333125,[1.462],"['kilogram', 'hour']",<scipy.stats._distn_infrastructure.rv_frozen object at 0x000002073C01D1C8>,0,2,60,74.10562814430217,[],"[{'leak_ID': 'ABRAND00367_0000000000', 'facility_ID': 'ABRAND00367', 'equipment_group': 1, 'rate': 0.006219222282013943, 'lat': 53.11, 'lon': -116.08, 'status': 'repaired', 'days_active': 120, 'days_active_prog_start': 0, 'tagged': True, 'component': 'unknown', 'date_began': datetime.datetime(2021, 4, 12, 0, 0), 'date_tagged': datetime.datetime(2021, 8, 10, 0, 0), 'tagged_by_company': 'natural', 'tagged_by_crew': 1, 'init_detect_by': 'natural', 'init_detect_date': datetime.datetime(2021, 8, 10, 0, 0), 'requires_shutdown': False, 'date_repaired': datetime.datetime(2021, 8, 10, 16, 0), 'repair_delay': 0, 'OGI_sp_covered': 1}, {'leak_ID': 'ABRAND00367_0000000001', 'facility_ID': 'ABRAND00367', 'equipment_group': 1, 'rate': 0.0009283112967189042, 'lat': 53.11, 'lon': -116.08, 'status': 'repaired', 'days_active': 120, 'days_active_prog_start': 0, 'tagged': True, 'component': 'unknown', 'date_began': datetime.datetime(2021, 6, 23, 0, 0), 'date_tagged': datetime.datetime(2021, 10, 21, 0, 0), 'tagged_by_company': 'natural', 'tagged_by_crew': 1, 'init_detect_by': 'natural', 'init_detect_date': datetime.datetime(2021, 10, 21, 0, 0), 'requires_shutdown': False, 'date_repaired': datetime.datetime(2021, 10, 21, 16, 0), 'repair_delay': 0, 'OGI_sp_covered': 1}]",[],0,False,,,,2,4,41,30,False,6,4,0,2,0.0,74.10562814430217,0.4288577154308617,0.7394929905458916,0.040605823640713516
ABRAND00590,621,52.87,-115.38,4,6,2,2,2,120,1,30,20,120,1,lognorm,0.062287158377333125,[1.462],"['kilogram', 'hour']",<scipy.stats._distn_infrastructure.rv_frozen object at 0x000002073C01D1C8>,0,5,60,492.0426893553466,[],"[{'leak_ID': 'ABRAND00590_0000000000', 'facility_ID': 'ABRAND00590', 'equipment_group': 4, 'rate': 0.00371738874342698, 'lat': 52.87, 'lon': -115.38, 'status': 'repaired', 'days_active': 120, 'days_active_prog_start': 0, 'tagged': True, 'component': 'unknown', 'date_began': datetime.datetime(2017, 4, 3, 0, 0), 'date_tagged': datetime.datetime(2017, 8, 1, 0, 0), 'tagged_by_company': 'natural', 'tagged_by_crew': 1, 'init_detect_by': 'natural', 'init_detect_date': datetime.datetime(2017, 8, 1, 0, 0), 'requires_shutdown': False, 'date_repaired': datetime.datetime(2017, 8, 1, 16, 0), 'repair_delay': 0, 'OGI_sp_covered': 1}, {'leak_ID': 'ABRAND00590_0000000001', 'facility_ID': 'ABRAND00590', 'equipment_group': 1, 'rate': 0.009725001972807732, 'lat': 52.87, 'lon': -115.38, 'status': 'repaired', 'days_active': 120, 'days_active_prog_start': 0, 'tagged': True, 'component': 'unknown', 'date_began': datetime.datetime(2018, 2, 28, 0, 0), 'date_tagged': datetime.datetime(2018, 6, 28, 0, 0), 'tagged_by_company': 'natural', 'tagged_by_crew': 1, 'init_detect_by': 'natural', 'init_detect_date': datetime.datetime(2018, 6, 28, 0, 0), 'requires_shutdown': False, 'date_repaired': datetime.datetime(2018, 6, 28, 0, 0), 'repair_delay': 0, 'OGI_sp_covered': 1}, {'leak_ID': 'ABRAND00590_0000000004', 'facility_ID': 'ABRAND00590', 'equipment_group': 1, 'rate': 0.04855756925394997, 'lat': 52.87, 'lon': -115.38, 'status': 'repaired', 'days_active': 30, 'days_active_prog_start': 0, 'tagged': True, 'component': 'unknown', 'date_began': datetime.datetime(2018, 9, 7, 0, 0), 'date_tagged': datetime.datetime(2018, 9, 21, 13, 0), 'tagged_by_company': 'OGI', 'tagged_by_crew': 3, 'init_detect_by': 'OGI', 'init_detect_date': datetime.datetime(2018, 9, 21, 13, 0), 'requires_shutdown': False, 'date_repaired': datetime.datetime(2018, 10, 7, 16, 0), 'repair_delay': 16, 'OGI_sp_covered': 1}, {'leak_ID': 'ABRAND00590_0000000002', 'facility_ID': 'ABRAND00590', 'equipment_group': 3, 'rate': 0.014977724025253962, 'lat': 52.87, 'lon': -115.38, 'status': 'repaired', 'days_active': 120, 'days_active_prog_start': 0, 'tagged': True, 'component': 'unknown', 'date_began': datetime.datetime(2018, 6, 21, 0, 0), 'date_tagged': datetime.datetime(2018, 10, 19, 0, 0), 'tagged_by_company': 'natural', 'tagged_by_crew': 1, 'init_detect_by': 'natural', 'init_detect_date': datetime.datetime(2018, 10, 19, 0, 0), 'requires_shutdown': False, 'date_repaired': datetime.datetime(2018, 10, 19, 16, 0), 'repair_delay': 0, 'OGI_sp_covered': 1}, {'leak_ID': 'ABRAND00590_0000000003', 'facility_ID': 'ABRAND00590', 'equipment_group': 3, 'rate': 0.006898314063402173, 'lat': 52.87, 'lon': -115.38, 'status': 'repaired', 'days_active': 120, 'days_active_prog_start': 0, 'tagged': True, 'component': 'unknown', 'date_began': datetime.datetime(2018, 7, 14, 0, 0), 'date_tagged': datetime.datetime(2018, 11, 11, 0, 0), 'tagged_by_company': 'natural', 'tagged_by_crew': 1, 'init_detect_by': 'natural', 'init_detect_date': datetime.datetime(2018, 11, 11, 0, 0), 'requires_shutdown': False, 'date_repaired': datetime.datetime(2018, 11, 11, 16, 0), 'repair_delay': 0, 'OGI_sp_covered': 1}]",[],0,False,,,,2,4,41,30,False,6,7,0,5,0.0,492.0426893553466,0.4308617234468938,0.741110052208318,0.2696124325234776
ABRAND00521,601,54.1,-115.64,4,6,2,2,2,120,1,30,20,120,1,lognorm,0.062287158377333125,[1.462],"['kilogram', 'hour']",<scipy.stats._distn_infrastructure.rv_frozen object at 0x000002073C01D1C8>,0,5,60,793.7477562895224,[],"[{'leak_ID': 'ABRAND00521_0000000000', 'facility_ID': 'ABRAND00521', 'equipment_group': 4, 'rate': 0.0695791591952263, 'lat': 54.1, 'lon': -115.64, 'status': 'repaired', 'days_active': 45, 'days_active_prog_start': 0, 'tagged': True, 'component': 'unknown', 'date_began': datetime.datetime(2017, 12, 27, 0, 0), 'date_tagged': datetime.datetime(2018, 1, 25, 8, 0), 'tagged_by_company': 'OGI', 'tagged_by_crew': 1, 'init_detect_by': 'OGI', 'init_detect_date': datetime.datetime(2018, 1, 25, 8, 0), 'requires_shutdown': False, 'date_repaired': datetime.datetime(2018, 2, 10, 16, 0), 'repair_delay': 16, 'OGI_sp_covered': 1}, {'leak_ID': 'ABRAND00521_0000000001', 'facility_ID': 'ABRAND00521', 'equipment_group': 4, 'rate': 0.00753686509674517, 'lat': 54.1, 'lon': -115.64, 'status': 'repaired', 'days_active': 120, 'days_active_prog_start': 0, 'tagged': True, 'component': 'unknown', 'date_began': datetime.datetime(2019, 10, 19, 0, 0), 'date_tagged': datetime.datetime(2020, 2, 16, 0, 0), 'tagged_by_company': 'natural', 'tagged_by_crew': 1, 'init_detect_by': 'natural', 'init_detect_date': datetime.datetime(2020, 2, 16, 0, 0), 'requires_shutdown': False, 'date_repaired': datetime.datetime(2020, 2, 16, 16, 0), 'repair_delay': 0, 'OGI_sp_covered': 1}, {'leak_ID': 'ABRAND00521_0000000002', 'facility_ID': 'ABRAND00521', 'equipment_group': 4, 'rate': 0.014562965231623428, 'lat': 54.1, 'lon': -115.64, 'status': 'repaired', 'days_active': 120, 'days_active_prog_start': 0, 'tagged': True, 'component': 'unknown', 'date_began': datetime.datetime(2020, 4, 4, 0, 0), 'date_tagged': datetime.datetime(2020, 8, 2, 0, 0), 'tagged_by_company': 'natural', 'tagged_by_crew': 1, 'init_detect_by': 'natural', 'init_detect_date': datetime.datetime(2020, 8, 2, 0, 0), 'requires_shutdown': False, 'date_repaired': datetime.datetime(2020, 8, 2, 16, 0), 'repair_delay': 0, 'OGI_sp_covered': 1}, {'leak_ID': 'ABRAND00521_0000000004', 'facility_ID': 'ABRAND00521', 'equipment_group': 2, 'rate': 0.04471388972388329, 'lat': 54.1, 'lon': -115.64, 'status': 'repaired', 'days_active': 48, 'days_active_prog_start': 0, 'tagged': True, 'component': 'unknown', 'date_began': datetime.datetime(2020, 6, 21, 0, 0), 'date_tagged': datetime.datetime(2020, 7, 23, 8, 0), 'tagged_by_company': 'OGI', 'tagged_by_crew': 1, 'init_detect_by': 'OGI', 'init_detect_date': datetime.datetime(2020, 7, 23, 8, 0), 'requires_shutdown': False, 'date_repaired': datetime.datetime(2020, 8, 8, 16, 0), 'repair_delay': 16, 'OGI_sp_covered': 1}, {'leak_ID': 'ABRAND00521_0000000003', 'facility_ID': 'ABRAND00521', 'equipment_group': 3, 'rate': 0.010479890145743444, 'lat': 54.1, 'lon': -115.64, 'status': 'repaired', 'days_active': 120, 'days_active_prog_start': 0, 'tagged': True, 'component': 'unknown', 'date_began': datetime.datetime(2020, 5, 3, 0, 0), 'date_tagged': datetime.datetime(2020, 8, 31, 0, 0), 'tagged_by_company': 'natural', 'tagged_by_crew': 1, 'init_detect_by': 'natural', 'init_detect_date': datetime.datetime(2020, 8, 31, 0, 0), 'requires_shutdown': False, 'date_repaired': datetime.datetime(2020, 8, 31, 16, 0), 'repair_delay': 0, 'OGI_sp_covered': 1}]",[],0,False,,,,2,4,40,30,False,6,5,0,5,0.0,793.7477562895224,0.43286573146292584,0.7427245670019212,0.4349302774189164
ABRAND01058,601,56.27,-112.85,5,6,2,2,2,120,1,30,20,120,1,lognorm,0.062287158377333125,[1.462],"['kilogram', 'hour']",<scipy.stats._distn_infrastructure.rv_frozen object at 0x000002073C01D1C8>,0,3,60,742.2062244764113,[],"[{'leak_ID': 'ABRAND01058_0000000000', 'facility_ID': 'ABRAND01058', 'equipment_group': 4, 'rate': 0.1235151280028529, 'lat': 56.27, 'lon': -112.85, 'status': 'repaired', 'days_active': 42, 'days_active_prog_start': 0, 'tagged': True, 'component': 'unknown', 'date_began': datetime.datetime(2017, 12, 30, 0, 0), 'date_tagged': datetime.datetime(2018, 1, 25, 8, 0), 'tagged_by_company': 'OGI', 'tagged_by_crew': 2, 'init_detect_by': 'OGI', 'init_detect_date': datetime.datetime(2018, 1, 25, 8, 0), 'requires_shutdown': False, 'date_repaired': datetime.datetime(2018, 2, 10, 16, 0), 'repair_delay': 16, 'OGI_sp_covered': 1}, {'leak_ID': 'ABRAND01058_0000000001', 'facility_ID': 'ABRAND01058', 'equipment_group': 4, 'rate': 0.021312243920732134, 'lat': 56.27, 'lon': -112.85, 'status': 'repaired', 'days_active': 120, 'days_active_prog_start': 0, 'tagged': True, 'component': 'unknown', 'date_began': datetime.datetime(2020, 3, 2, 0, 0), 'date_tagged': datetime.datetime(2020, 6, 30, 0, 0), 'tagged_by_company': 'natural', 'tagged_by_crew': 1, 'init_detect_by': 'natural', 'init_detect_date': datetime.datetime(2020, 6, 30, 0, 0), 'requires_shutdown': False, 'date_repaired': datetime.datetime(2020, 6, 30, 16, 0), 'repair_delay': 0, 'OGI_sp_covered': 1}, {'leak_ID': 'ABRAND01058_0000000002', 'facility_ID': 'ABRAND01058', 'equipment_group': 2, 'rate': 0.007043709781009638, 'lat': 56.27, 'lon': -112.85, 'status': 'repaired', 'days_active': 120, 'days_active_prog_start': 0, 'tagged': True, 'component': 'unknown', 'date_began': datetime.datetime(2020, 9, 8, 0, 0), 'date_tagged': datetime.datetime(2021, 1, 6, 0, 0), 'tagged_by_company': 'natural', 'tagged_by_crew': 1, 'init_detect_by': 'natural', 'init_detect_date': datetime.datetime(2021, 1, 6, 0, 0), 'requires_shutdown': False, 'date_repaired': datetime.datetime(2021, 1, 6, 16, 0), 'repair_delay': 0, 'OGI_sp_covered': 1}]",[],0,False,,,,1,4,40,30,False,6,3,0,3,0.0,742.2062244764113,0.4348697394789579,0.7443383669714873,0.4066883421788555
ABRAND00450,351,54.04,-115.85,3,6,2,2,2,120,1,30,20,120,1,lognorm,0.062287158377333125,[1.462],"['kilogram', 'hour']",<scipy.stats._distn_infrastructure.rv_frozen object at 0x000002073C01D1C8>,0,8,60,2092.9122384264238,[],"[{'leak_ID': 'ABRAND00450_0000000000', 'facility_ID': 'ABRAND00450', 'equipment_group': 2, 'rate': 0.011401382320801175, 'lat': 54.04, 'lon': -115.85, 'status': 'repaired', 'days_active': 120, 'days_active_prog_start': 0, 'tagged': True, 'component': 'unknown', 'date_began': datetime.datetime(2017, 7, 1, 0, 0), 'date_tagged': datetime.datetime(2017, 10, 29, 0, 0), 'tagged_by_company': 'natural', 'tagged_by_crew': 1, 'init_detect_by': 'natural', 'init_detect_date': datetime.datetime(2017, 10, 29, 0, 0), 'requires_shutdown': False, 'date_repaired': datetime.datetime(2017, 10, 29, 16, 0), 'repair_delay': 0, 'OGI_sp_covered': 1}, {'leak_ID': 'ABRAND00450_0000000001', 'facility_ID': 'ABRAND00450', 'equipment_group': 3, 'rate': 0.0484368536856256, 'lat': 54.04, 'lon': -115.85, 'status': 'repaired', 'days_active': 25, 'days_active_prog_start': 0, 'tagged': True, 'component': 'unknown', 'date_began': datetime.datetime(2018, 1, 16, 0, 0), 'date_tagged': datetime.datetime(2018, 1, 25, 8, 0), 'tagged_by_company': 'OGI', 'tagged_by_crew': 3, 'init_detect_by': 'OGI', 'init_detect_date': datetime.datetime(2018, 1, 25, 8, 0), 'requires_shutdown': False, 'date_repaired': datetime.datetime(2018, 2, 10, 16, 0), 'repair_delay': 16, 'OGI_sp_covered': 1}, {'leak_ID': 'ABRAND00450_0000000002', 'facility_ID': 'ABRAND00450', 'equipment_group': 1, 'rate': 0.008529687293191623, 'lat': 54.04, 'lon': -115.85, 'status': 'repaired', 'days_active': 120, 'days_active_prog_start': 0, 'tagged': True, 'component': 'unknown', 'date_began': datetime.datetime(2018, 9, 7, 0, 0), 'date_tagged': datetime.datetime(2019, 1, 5, 0, 0), 'tagged_by_company': 'natural', 'tagged_by_crew': 1, 'init_detect_by': 'natural', 'init_detect_date': datetime.datetime(2019, 1, 5, 0, 0), 'requires_shutdown': False, 'date_repaired': datetime.datetime(2019, 1, 5, 16, 0), 'repair_delay': 0, 'OGI_sp_covered': 0}, {'leak_ID': 'ABRAND00450_0000000003', 'facility_ID': 'ABRAND00450', 'equipment_group': 1, 'rate': 0.01828917401347913, 'lat': 54.04, 'lon': -115.85, 'status': 'repaired', 'days_active': 120, 'days_active_prog_start': 0, 'tagged': True, 'component': 'unknown', 'date_began': datetime.datetime(2020, 2, 22, 0, 0), 'date_tagged': datetime.datetime(2020, 6, 21, 0, 0), 'tagged_by_company': 'natural', 'tagged_by_crew': 1, 'init_detect_by': 'natural', 'init_detect_date': datetime.datetime(2020, 6, 21, 0, 0), 'requires_shutdown': False, 'date_repaired': datetime.datetime(2020, 6, 21, 16, 0), 'repair_delay': 0, 'OGI_sp_covered': 0}, {'leak_ID': 'ABRAND00450_0000000004', 'facility_ID': 'ABRAND00450', 'equipment_group': 3, 'rate': 0.17933915229201633, 'lat': 54.04, 'lon': -115.85, 'status': 'repaired', 'days_active': 62, 'days_active_prog_start': 0, 'tagged': True, 'component': 'unknown', 'date_began': datetime.datetime(2020, 10, 5, 0, 0), 'date_tagged': datetime.datetime(2020, 11, 20, 8, 0), 'tagged_by_company': 'OGI', 'tagged_by_crew': 3, 'init_detect_by': 'OGI', 'init_detect_date': datetime.datetime(2020, 11, 20, 8, 0), 'requires_shutdown': False, 'date_repaired': datetime.datetime(2020, 12, 6, 16, 0), 'repair_delay': 16, 'OGI_sp_covered': 1}, {'leak_ID': 'ABRAND00450_0000000005', 'facility_ID': 'ABRAND00450', 'equipment_group': 2, 'rate': 0.054614580332406376, 'lat': 54.04, 'lon': -115.85, 'status': 'repaired', 'days_active': 72, 'days_active_prog_start': 0, 'tagged': True, 'component': 'unknown', 'date_began': datetime.datetime(2021, 1, 29, 0, 0), 'date_tagged': datetime.datetime(2021, 3, 26, 8, 0), 'tagged_by_company': 'OGI', 'tagged_by_crew': 3, 'init_detect_by': 'OGI', 'init_detect_date': datetime.datetime(2021, 3, 26, 8, 0), 'requires_shutdown': False, 'date_repaired': datetime.datetime(2021, 4, 11, 16, 0), 'repair_delay': 16, 'OGI_sp_covered': 1}, {'leak_ID': 'ABRAND00450_0000000006', 'facility_ID': 'ABRAND00450', 'equipment_group': 1, 'rate': 0.01480222895262254, 'lat': 54.04, 'lon': -115.85, 'status': 'repaired', 'days_active': 120, 'days_active_prog_start': 0, 'tagged': True, 'component': 'unknown', 'date_began': datetime.datetime(2021, 4, 22, 0, 0), 'date_tagged': datetime.datetime(2021, 8, 20, 0, 0), 'tagged_by_company': 'natural', 'tagged_by_crew': 1, 'init_detect_by': 'natural', 'init_detect_date': datetime.datetime(2021, 8, 20, 0, 0), 'requires_shutdown': False, 'date_repaired': datetime.datetime(2021, 8, 20, 16, 0), 'repair_delay': 0, 'OGI_sp_covered': 1}, {'leak_ID': 'ABRAND00450_0000000007', 'facility_ID': 'ABRAND00450', 'equipment_group': 1, 'rate': 0.06950547827362423, 'lat': 54.04, 'lon': -115.85, 'status': 'repaired', 'days_active': 23, 'days_active_prog_start': 0, 'tagged': True, 'component': 'unknown', 'date_began': datetime.datetime(2021, 11, 14, 0, 0), 'date_tagged': datetime.datetime(2021, 11, 21, 8, 0), 'tagged_by_company': 'OGI', 'tagged_by_crew': 3, 'init_detect_by': 'OGI', 'init_detect_date': datetime.datetime(2021, 11, 21, 8, 0), 'requires_shutdown': False, 'date_repaired': datetime.datetime(2021, 12, 7, 16, 0), 'repair_delay': 16, 'OGI_sp_covered': 1}]",[],0,False,,,,2,4,40,30,False,6,6,0,8,0.0,2092.9122384264238,0.43687374749499,0.7459376165885948,1.1468012265350267
ABRAND00302,601,54.24,-116.84,5,6,2,2,2,120,1,30,20,120,1,lognorm,0.062287158377333125,[1.462],"['kilogram', 'hour']",<scipy.stats._distn_infrastructure.rv_frozen object at 0x000002073C01D1C8>,0,9,60,1940.8384372619141,"[{'leak_ID': 'ABRAND00302_0000000008', 'facility_ID': 'ABRAND00302', 'equipment_group': 3, 'rate': 0.003082481608399817, 'lat': 54.24, 'lon': -116.84, 'status': 'active', 'days_active': 71, 'days_active_prog_start': 0, 'tagged': False, 'component': 'unknown', 'date_began': datetime.datetime(2021, 10, 20, 0, 0), 'date_tagged': None, 'tagged_by_company': None, 'tagged_by_crew': None, 'init_detect_by': None, 'init_detect_date': None, 'requires_shutdown': False, 'date_repaired': None, 'repair_delay': None, 'OGI_sp_covered': 1}]","[{'leak_ID': 'ABRAND00302_0000000000', 'facility_ID': 'ABRAND00302', 'equipment_group': 3, 'rate': 0.019867340242324918, 'lat': 54.24, 'lon': -116.84, 'status': 'repaired', 'days_active': 120, 'days_active_prog_start': 0, 'tagged': True, 'component': 'unknown', 'date_began': datetime.datetime(2017, 8, 8, 0, 0), 'date_tagged': datetime.datetime(2017, 12, 6, 0, 0), 'tagged_by_company': 'natural', 'tagged_by_crew': 1, 'init_detect_by': 'natural', 'init_detect_date': datetime.datetime(2017, 12, 6, 0, 0), 'requires_shutdown': False, 'date_repaired': datetime.datetime(2017, 12, 6, 16, 0), 'repair_delay': 0, 'OGI_sp_covered': 0}, {'leak_ID': 'ABRAND00302_0000000001', 'facility_ID': 'ABRAND00302', 'equipment_group': 3, 'rate': 0.06370664070813056, 'lat': 54.24, 'lon': -116.84, 'status': 'repaired', 'days_active': 64, 'days_active_prog_start': 0, 'tagged': True, 'component': 'unknown', 'date_began': datetime.datetime(2017, 10, 4, 0, 0), 'date_tagged': datetime.datetime(2017, 11, 21, 10, 30), 'tagged_by_company': 'OGI', 'tagged_by_crew': 1, 'init_detect_by': 'OGI', 'init_detect_date': datetime.datetime(2017, 11, 21, 10, 30), 'requires_shutdown': False, 'date_repaired': datetime.datetime(2017, 12, 7, 16, 0), 'repair_delay': 16, 'OGI_sp_covered': 1}, {'leak_ID': 'ABRAND00302_0000000002', 'facility_ID': 'ABRAND00302', 'equipment_group': 3, 'rate': 0.0032226643998174175, 'lat': 54.24, 'lon': -116.84, 'status': 'repaired', 'days_active': 120, 'days_active_prog_start': 0, 'tagged': True, 'component': 'unknown', 'date_began': datetime.datetime(2017, 12, 9, 0, 0), 'date_tagged': datetime.datetime(2018, 4, 8, 0, 0), 'tagged_by_company': 'natural', 'tagged_by_crew': 1, 'init_detect_by': 'natural', 'init_detect_date': datetime.datetime(2018, 4, 8, 0, 0), 'requires_shutdown': False, 'date_repaired': datetime.datetime(2018, 4, 8, 16, 0), 'repair_delay': 0, 'OGI_sp_covered': 1}, {'leak_ID': 'ABRAND00302_0000000003', 'facility_ID': 'ABRAND00302', 'equipment_group': 4, 'rate': 0.02865430935797701, 'lat': 54.24, 'lon': -116.84, 'status': 'repaired', 'days_active': 120, 'days_active_prog_start': 0, 'tagged': True, 'component': 'unknown', 'date_began': datetime.datetime(2019, 8, 6, 0, 0), 'date_tagged': datetime.datetime(2019, 12, 4, 0, 0), 'tagged_by_company': 'natural', 'tagged_by_crew': 1, 'init_detect_by': 'natural', 'init_detect_date': datetime.datetime(2019, 12, 4, 0, 0), 'requires_shutdown': False, 'date_repaired': datetime.datetime(2019, 12, 4, 16, 0), 'repair_delay': 0, 'OGI_sp_covered': 0}, {'leak_ID': 'ABRAND00302_0000000004', 'facility_ID': 'ABRAND00302', 'equipment_group': 2, 'rate': 0.013301959975233504, 'lat': 54.24, 'lon': -116.84, 'status': 'repaired', 'days_active': 120, 'days_active_prog_start': 0, 'tagged': True, 'component': 'unknown', 'date_began': datetime.datetime(2019, 11, 1, 0, 0), 'date_tagged': datetime.datetime(2020, 2, 29, 0, 0), 'tagged_by_company': 'natural', 'tagged_by_crew': 1, 'init_detect_by': 'natural', 'init_detect_date': datetime.datetime(2020, 2, 29, 0, 0), 'requires_shutdown': False, 'date_repaired': datetime.datetime(2020, 2, 29, 0, 0), 'repair_delay': 0, 'OGI_sp_covered': 1}, {'leak_ID': 'ABRAND00302_0000000005', 'facility_ID': 'ABRAND00302', 'equipment_group': 2, 'rate': 0.13925744218308328, 'lat': 54.24, 'lon': -116.84, 'status': 'repaired', 'days_active': 27, 'days_active_prog_start': 0, 'tagged': True, 'component': 'unknown', 'date_began': datetime.datetime(2021, 3, 15, 0, 0), 'date_tagged': datetime.datetime(2021, 3, 26, 10, 30), 'tagged_by_company': 'OGI', 'tagged_by_crew': 1, 'init_detect_by': 'OGI', 'init_detect_date': datetime.datetime(2021, 3, 26, 10, 30), 'requires_shutdown': False, 'date_repaired': datetime.datetime(2021, 4, 11, 16, 0), 'repair_delay': 16, 'OGI_sp_covered': 1}, {'leak_ID': 'ABRAND00302_0000000006', 'facility_ID': 'ABRAND00302', 'equipment_group': 5, 'rate': 0.010943130835547106, 'lat': 54.24, 'lon': -116.84, 'status': 'repaired', 'days_active': 120, 'days_active_prog_start': 0, 'tagged': True, 'component': 'unknown', 'date_began': datetime.datetime(2021, 6, 5, 0, 0), 'date_tagged': datetime.datetime(2021, 10, 3, 0, 0), 'tagged_by_company': 'natural', 'tagged_by_crew': 1, 'init_detect_by': 'natural', 'init_detect_date': datetime.datetime(2021, 10, 3, 0, 0), 'requires_shutdown': False, 'date_repaired': datetime.datetime(2021, 10, 3, 16, 0), 'repair_delay': 0, 'OGI_sp_covered': 1}, {'leak_ID': 'ABRAND00302_0000000007', 'facility_ID': 'ABRAND00302', 'equipment_group': 4, 'rate': 0.11752549162025716, 'lat': 54.24, 'lon': -116.84, 'status': 'repaired', 'days_active': 45, 'days_active_prog_start': 0, 'tagged': True, 'component': 'unknown', 'date_began': datetime.datetime(2021, 8, 24, 0, 0), 'date_tagged': datetime.datetime(2021, 9, 22, 10, 30), 'tagged_by_company': 'OGI', 'tagged_by_crew': 1, 'init_detect_by': 'OGI', 'init_detect_date': datetime.datetime(2021, 9, 22, 10, 30), 'requires_shutdown': False, 'date_repaired': datetime.datetime(2021, 10, 8, 16, 0), 'repair_delay': 16, 'OGI_sp_covered': 1}]",[],0,False,,,,2,4,40,30,False,6,7,1,8,18.90917517856784,1921.9292620833462,0.43887775551102204,0.7475260913453871,1.063473116307898
ABRAND01142,601,54.83,-110.63,2,6,2,2,2,120,1,30,20,120,1,lognorm,0.062287158377333125,[1.462],"['kilogram', 'hour']",<scipy.stats._distn_infrastructure.rv_frozen object at 0x000002073C01D1C8>,0,7,60,7123.650253143014,"[{'leak_ID': 'ABRAND01142_0000000006', 'facility_ID': 'ABRAND01142', 'equipment_group': 2, 'rate': 0.006147639691079146, 'lat': 54.83, 'lon': -110.63, 'status': 'active', 'days_active': 61, 'days_active_prog_start': 0, 'tagged': False, 'component': 'unknown', 'date_began': datetime.datetime(2021, 10, 30, 0, 0), 'date_tagged': None, 'tagged_by_company': None, 'tagged_by_crew': None, 'init_detect_by': None, 'init_detect_date': None, 'requires_shutdown': False, 'date_repaired': None, 'repair_delay': None, 'OGI_sp_covered': 1}]","[{'leak_ID': 'ABRAND01142_0000000000', 'facility_ID': 'ABRAND01142', 'equipment_group': 1, 'rate': 0.2803226569308866, 'lat': 54.83, 'lon': -110.63, 'status': 'repaired', 'days_active': 88, 'days_active_prog_start': 0, 'tagged': True, 'component': 'unknown', 'date_began': datetime.datetime(2017, 5, 13, 0, 0), 'date_tagged': datetime.datetime(2017, 7, 24, 10, 30), 'tagged_by_company': 'OGI', 'tagged_by_crew': 2, 'init_detect_by': 'OGI', 'init_detect_date': datetime.datetime(2017, 7, 24, 10, 30), 'requires_shutdown': False, 'date_repaired': datetime.datetime(2017, 8, 9, 16, 0), 'repair_delay': 16, 'OGI_sp_covered': 1}, {'leak_ID': 'ABRAND01142_0000000001', 'facility_ID': 'ABRAND01142', 'equipment_group': 1, 'rate': 1.3180623441497124, 'lat': 54.83, 'lon': -110.63, 'status': 'repaired', 'days_active': 38, 'days_active_prog_start': 0, 'tagged': True, 'component': 'unknown', 'date_began': datetime.datetime(2017, 7, 2, 0, 0), 'date_tagged': datetime.datetime(2017, 7, 24, 10, 30), 'tagged_by_company': 'OGI', 'tagged_by_crew': 2, 'init_detect_by': 'OGI', 'init_detect_date': datetime.datetime(2017, 7, 24, 10, 30), 'requires_shutdown': False, 'date_repaired': datetime.datetime(2017, 8, 9, 16, 0), 'repair_delay': 16, 'OGI_sp_covered': 1}, {'leak_ID': 'ABRAND01142_0000000002', 'facility_ID': 'ABRAND01142', 'equipment_group': 1, 'rate': 0.05702238296031677, 'lat': 54.83, 'lon': -110.63, 'status': 'repaired', 'days_active': 36, 'days_active_prog_start': 0, 'tagged': True, 'component': 'unknown', 'date_began': datetime.datetime(2018, 3, 6, 0, 0), 'date_tagged': datetime.datetime(2018, 3, 26, 10, 30), 'tagged_by_company': 'OGI', 'tagged_by_crew': 2, 'init_detect_by': 'OGI', 'init_detect_date': datetime.datetime(2018, 3, 26, 10, 30), 'requires_shutdown': False, 'date_repaired': datetime.datetime(2018, 4, 11, 16, 0), 'repair_delay': 16, 'OGI_sp_covered': 1}, {'leak_ID': 'ABRAND01142_0000000003', 'facility_ID': 'ABRAND01142', 'equipment_group': 1, 'rate': 0.006280305287756213, 'lat': 54.83, 'lon': -110.63, 'status': 'repaired', 'days_active': 120, 'days_active_prog_start': 0, 'tagged': True, 'component': 'unknown', 'date_began': datetime.datetime(2018, 6, 14, 0, 0), 'date_tagged': datetime.datetime(2018, 10, 12, 0, 0), 'tagged_by_company': 'natural', 'tagged_by_crew': 1, 'init_detect_by': 'natural', 'init_detect_date': datetime.datetime(2018, 10, 12, 0, 0), 'requires_shutdown': False, 'date_repaired': datetime.datetime(2018, 10, 12, 16, 0), 'repair_delay': 0, 'OGI_sp_covered': 1}, {'leak_ID': 'ABRAND01142_0000000004', 'facility_ID': 'ABRAND01142', 'equipment_group': 1, 'rate': 0.000945798412071929, 'lat': 54.83, 'lon': -110.63, 'status': 'repaired', 'days_active': 120, 'days_active_prog_start': 0, 'tagged': True, 'component': 'unknown', 'date_began': datetime.datetime(2020, 2, 1, 0, 0), 'date_tagged': datetime.datetime(2020, 5, 31, 0, 0), 'tagged_by_company': 'natural', 'tagged_by_crew': 1, 'init_detect_by': 'natural', 'init_detect_date': datetime.datetime(2020, 5, 31, 0, 0), 'requires_shutdown': False, 'date_repaired': datetime.datetime(2020, 5, 31, 16, 0), 'repair_delay': 0, 'OGI_sp_covered': 1}, {'leak_ID': 'ABRAND01142_0000000005', 'facility_ID': 'ABRAND01142', 'equipment_group': 2, 'rate': 0.0721303043993458, 'lat': 54.83, 'lon': -110.63, 'status': 'repaired', 'days_active': 61, 'days_active_prog_start': 0, 'tagged': True, 'component': 'unknown', 'date_began': datetime.datetime(2021, 8, 8, 0, 0), 'date_tagged': datetime.datetime(2021, 9, 22, 10, 30), 'tagged_by_company': 'OGI', 'tagged_by_crew': 2, 'init_detect_by': 'OGI', 'init_detect_date': datetime.datetime(2021, 9, 22, 10, 30), 'requires_shutdown': False, 'date_repaired': datetime.datetime(2021, 10, 8, 16, 0), 'repair_delay': 16, 'OGI_sp_covered': 1}]",[],0,False,,,,2,4,40,30,False,6,3,1,6,32.40052022786354,7091.249732915151,0.4408817635270541,0.7490974877667967,3.9033700017221995
ABRAND00676,361,52.93,-115.07,3,6,2,2,2,120,1,30,20,120,1,lognorm,0.062287158377333125,[1.462],"['kilogram', 'hour']",<scipy.stats._distn_infrastructure.rv_frozen object at 0x000002073C01D1C8>,0,3,60,987.5459667036595,[],"[{'leak_ID': 'ABRAND00676_0000000000', 'facility_ID': 'ABRAND00676', 'equipment_group': 1, 'rate': 0.002123056833840863, 'lat': 52.93, 'lon': -115.07, 'status': 'repaired', 'days_active': 120, 'days_active_prog_start': 0, 'tagged': True, 'component': 'unknown', 'date_began': datetime.datetime(2017, 10, 18, 0, 0), 'date_tagged': datetime.datetime(2018, 2, 15, 0, 0), 'tagged_by_company': 'natural', 'tagged_by_crew': 1, 'init_detect_by': 'natural', 'init_detect_date': datetime.datetime(2018, 2, 15, 0, 0), 'requires_shutdown': False, 'date_repaired': datetime.datetime(2018, 2, 15, 16, 0), 'repair_delay': 0, 'OGI_sp_covered': 1}, {'leak_ID': 'ABRAND00676_0000000001', 'facility_ID': 'ABRAND00676', 'equipment_group': 3, 'rate': 0.030866610674310117, 'lat': 52.93, 'lon': -115.07, 'status': 'repaired', 'days_active': 120, 'days_active_prog_start': 0, 'tagged': True, 'component': 'unknown', 'date_began': datetime.datetime(2019, 5, 8, 0, 0), 'date_tagged': datetime.datetime(2019, 9, 5, 0, 0), 'tagged_by_company': 'natural', 'tagged_by_crew': 1, 'init_detect_by': 'natural', 'init_detect_date': datetime.datetime(2019, 9, 5, 0, 0), 'requires_shutdown': False, 'date_repaired': datetime.datetime(2019, 9, 5, 16, 0), 'repair_delay': 0, 'OGI_sp_covered': 1}, {'leak_ID': 'ABRAND00676_0000000002', 'facility_ID': 'ABRAND00676', 'equipment_group': 2, 'rate': 0.10376625096115452, 'lat': 52.93, 'lon': -115.07, 'status': 'repaired', 'days_active': 72, 'days_active_prog_start': 0, 'tagged': True, 'component': 'unknown', 'date_began': datetime.datetime(2021, 7, 28, 0, 0), 'date_tagged': datetime.datetime(2021, 9, 22, 10, 30), 'tagged_by_company': 'OGI', 'tagged_by_crew': 3, 'init_detect_by': 'OGI', 'init_detect_date': datetime.datetime(2021, 9, 22, 10, 30), 'requires_shutdown': False, 'date_repaired': datetime.datetime(2021, 10, 8, 16, 0), 'repair_delay': 16, 'OGI_sp_covered': 1}]",[],0,False,,,,2,4,40,30,False,6,3,0,3,0.0,987.5459667036595,0.44288577154308617,0.7506650060151894,0.5411210776458408
ABRAND00944,361,52.45,-114.16,5,6,2,2,2,120,1,30,20,120,1,lognorm,0.062287158377333125,[1.462],"['kilogram', 'hour']",<scipy.stats._distn_infrastructure.rv_frozen object at 0x000002073C01D1C8>,1,6,60,1176.8480240824572,[],"[{'leak_ID': 'ABRAND00944_0000000001', 'facility_ID': 'ABRAND00944', 'equipment_group': 3, 'rate': 0.24749980747102532, 'lat': 52.45, 'lon': -114.16, 'status': 'repaired', 'days_active': 120, 'days_active_prog_start': 93, 'tagged': True, 'component': 'unknown', 'date_began': datetime.datetime(2016, 9, 30, 0, 0), 'date_tagged': datetime.datetime(2017, 1, 27, 0, 0), 'tagged_by_company': 'natural', 'tagged_by_crew': 1, 'init_detect_by': 'OGI', 'init_detect_date': datetime.datetime(2017, 1, 25, 13, 0), 'requires_shutdown': False, 'date_repaired': datetime.datetime(2017, 1, 27, 16, 0), 'repair_delay': 0, 'OGI_sp_covered': 1}, {'leak_ID': 'ABRAND00944_0000000001', 'facility_ID': 'ABRAND00944', 'equipment_group': 2, 'rate': 0.0024488824461908693, 'lat': 52.45, 'lon': -114.16, 'status': 'repaired', 'days_active': 120, 'days_active_prog_start': 0, 'tagged': True, 'component': 'unknown', 'date_began': datetime.datetime(2017, 5, 21, 0, 0), 'date_tagged': datetime.datetime(2017, 9, 18, 0, 0), 'tagged_by_company': 'natural', 'tagged_by_crew': 1, 'init_detect_by': 'natural', 'init_detect_date': datetime.datetime(2017, 9, 18, 0, 0), 'requires_shutdown': False, 'date_repaired': datetime.datetime(2017, 9, 18, 16, 0), 'repair_delay': 0, 'OGI_sp_covered': 1}, {'leak_ID': 'ABRAND00944_0000000002', 'facility_ID': 'ABRAND00944', 'equipment_group': 5, 'rate': 0.058245548293662665, 'lat': 52.45, 'lon': -114.16, 'status': 'repaired', 'days_active': 40, 'days_active_prog_start': 0, 'tagged': True, 'component': 'unknown', 'date_began': datetime.datetime(2018, 10, 28, 0, 0), 'date_tagged': datetime.datetime(2018, 11, 21, 13, 0), 'tagged_by_company': 'OGI', 'tagged_by_crew': 1, 'init_detect_by': 'OGI', 'init_detect_date': datetime.datetime(2018, 11, 21, 13, 0), 'requires_shutdown': False, 'date_repaired': datetime.datetime(2018, 12, 7, 16, 0), 'repair_delay': 16, 'OGI_sp_covered': 1}, {'leak_ID': 'ABRAND00944_0000000003', 'facility_ID': 'ABRAND00944', 'equipment_group': 2, 'rate': 0.006545948438385414, 'lat': 52.45, 'lon': -114.16, 'status': 'repaired', 'days_active': 120, 'days_active_prog_start': 0, 'tagged': True, 'component': 'unknown', 'date_began': datetime.datetime(2018, 11, 5, 0, 0), 'date_tagged': datetime.datetime(2019, 3, 5, 0, 0), 'tagged_by_company': 'natural', 'tagged_by_crew': 1, 'init_detect_by': 'natural', 'init_detect_date': datetime.datetime(2019, 3, 5, 0, 0), 'requires_shutdown': False, 'date_repaired': datetime.datetime(2019, 3, 5, 16, 0), 'repair_delay': 0, 'OGI_sp_covered': 1}, {'leak_ID': 'ABRAND00944_0000000004', 'facility_ID': 'ABRAND00944', 'equipment_group': 1, 'rate': 0.021475501972088723, 'lat': 52.45, 'lon': -114.16, 'status': 'repaired', 'days_active': 120, 'days_active_prog_start': 0, 'tagged': True, 'component': 'unknown', 'date_began': datetime.datetime(2020, 7, 12, 0, 0), 'date_tagged': datetime.datetime(2020, 11, 9, 0, 0), 'tagged_by_company': 'natural', 'tagged_by_crew': 1, 'init_detect_by': 'natural', 'init_detect_date': datetime.datetime(2020, 11, 9, 0, 0), 'requires_shutdown': False, 'date_repaired': datetime.datetime(2020, 11, 9, 16, 0), 'repair_delay': 0, 'OGI_sp_covered': 1}, {'leak_ID': 'ABRAND00944_0000000005', 'facility_ID': 'ABRAND00944', 'equipment_group': 1, 'rate': 0.00793474606995064, 'lat': 52.45, 'lon': -114.16, 'status': 'repaired', 'days_active': 120, 'days_active_prog_start': 0, 'tagged': True, 'component': 'unknown', 'date_began': datetime.datetime(2021, 5, 9, 0, 0), 'date_tagged': datetime.datetime(2021, 9, 6, 0, 0), 'tagged_by_company': 'natural', 'tagged_by_crew': 1, 'init_detect_by': 'natural', 'init_detect_date': datetime.datetime(2021, 9, 6, 0, 0), 'requires_shutdown': False, 'date_repaired': datetime.datetime(2021, 9, 6, 16, 0), 'repair_delay': 0, 'OGI_sp_covered': 1}]",[],1,False,,,,3,4,40,30,False,6,8,0,6,0.0,1176.8480240824572,0.44488977955911824,0.7522292588825263,0.6448482323739492
ABRAND00326,621,53.45,-116.27,3,6,2,2,2,120,1,30,20,120,1,lognorm,0.062287158377333125,[1.462],"['kilogram', 'hour']",<scipy.stats._distn_infrastructure.rv_frozen object at 0x000002073C01D1C8>,0,3,60,904.4978508489487,[],"[{'leak_ID': 'ABRAND00326_0000000000', 'facility_ID': 'ABRAND00326', 'equipment_group': 1, 'rate': 0.006726875577214333, 'lat': 53.45, 'lon': -116.27, 'status': 'repaired', 'days_active': 120, 'days_active_prog_start': 0, 'tagged': True, 'component': 'unknown', 'date_began': datetime.datetime(2017, 1, 5, 0, 0), 'date_tagged': datetime.datetime(2017, 5, 5, 0, 0), 'tagged_by_company': 'natural', 'tagged_by_crew': 1, 'init_detect_by': 'natural', 'init_detect_date': datetime.datetime(2017, 5, 5, 0, 0), 'requires_shutdown': False, 'date_repaired': datetime.datetime(2017, 5, 5, 16, 0), 'repair_delay': 0, 'OGI_sp_covered': 1}, {'leak_ID': 'ABRAND00326_0000000001', 'facility_ID': 'ABRAND00326', 'equipment_group': 1, 'rate': 0.04618020761769801, 'lat': 53.45, 'lon': -116.27, 'status': 'repaired', 'days_active': 120, 'days_active_prog_start': 0, 'tagged': True, 'component': 'unknown', 'date_began': datetime.datetime(2017, 3, 9, 0, 0), 'date_tagged': datetime.datetime(2017, 7, 7, 0, 0), 'tagged_by_company': 'natural', 'tagged_by_crew': 1, 'init_detect_by': 'natural', 'init_detect_date': datetime.datetime(2017, 7, 7, 0, 0), 'requires_shutdown': False, 'date_repaired': datetime.datetime(2017, 7, 7, 16, 0), 'repair_delay': 0, 'OGI_sp_covered': 0}, {'leak_ID': 'ABRAND00326_0000000002', 'facility_ID': 'ABRAND00326', 'equipment_group': 2, 'rate': 0.03433229285147545, 'lat': 53.45, 'lon': -116.27, 'status': 'repaired', 'days_active': 120, 'days_active_prog_start': 0, 'tagged': True, 'component': 'unknown', 'date_began': datetime.datetime(2020, 7, 2, 0, 0), 'date_tagged': datetime.datetime(2020, 10, 30, 0, 0), 'tagged_by_company': 'natural', 'tagged_by_crew': 1, 'init_detect_by': 'natural', 'init_detect_date': datetime.datetime(2020, 10, 30, 0, 0), 'requires_shutdown': False, 'date_repaired': datetime.datetime(2020, 10, 30, 16, 0), 'repair_delay': 0, 'OGI_sp_covered': 0}]",[],0,False,,,,2,4,40,30,False,6,3,0,3,0.0,904.4978508489487,0.4468937875751503,0.7537926172618136,0.49561526073914997
ABRAND00850,311,52.46,-114.36,2,6,2,2,2,120,1,30,20,120,1,lognorm,0.062287158377333125,[1.462],"['kilogram', 'hour']",<scipy.stats._distn_infrastructure.rv_frozen object at 0x000002073C01D1C8>,2,4,60,1048.6759891277954,[],"[{'leak_ID': 'ABRAND00850_0000000001', 'facility_ID': 'ABRAND00850', 'equipment_group': 2, 'rate': 0.03939552465216599, 'lat': 52.46, 'lon': -114.36, 'status': 'repaired', 'days_active': 120, 'days_active_prog_start': 103, 'tagged': True, 'component': 'unknown', 'date_began': datetime.datetime(2016, 9, 20, 0, 0), 'date_tagged': datetime.datetime(2017, 1, 17, 0, 0), 'tagged_by_company': 'natural', 'tagged_by_crew': 1, 'init_detect_by': 'natural', 'init_detect_date': datetime.datetime(2017, 1, 17, 0, 0), 'requires_shutdown': False, 'date_repaired': datetime.datetime(2017, 1, 17, 16, 0), 'repair_delay': 0}, {'leak_ID': 'ABRAND00850_0000000002', 'facility_ID': 'ABRAND00850', 'equipment_group': 2, 'rate': 0.001676995041798524, 'lat': 52.46, 'lon': -114.36, 'status': 'repaired', 'days_active': 120, 'days_active_prog_start': 22, 'tagged': True, 'component': 'unknown', 'date_began': datetime.datetime(2016, 12, 10, 0, 0), 'date_tagged': datetime.datetime(2017, 4, 8, 0, 0), 'tagged_by_company': 'natural', 'tagged_by_crew': 1, 'init_detect_by': 'natural', 'init_detect_date': datetime.datetime(2017, 4, 8, 0, 0), 'requires_shutdown': False, 'date_repaired': datetime.datetime(2017, 4, 8, 16, 0), 'repair_delay': 0, 'OGI_sp_covered': 1}, {'leak_ID': 'ABRAND00850_0000000002', 'facility_ID': 'ABRAND00850', 'equipment_group': 2, 'rate': 0.03751740235593123, 'lat': 52.46, 'lon': -114.36, 'status': 'repaired', 'days_active': 59, 'days_active_prog_start': 0, 'tagged': True, 'component': 'unknown', 'date_began': datetime.datetime(2017, 4, 12, 0, 0), 'date_tagged': datetime.datetime(2017, 5, 25, 13, 0), 'tagged_by_company': 'OGI', 'tagged_by_crew': 3, 'init_detect_by': 'OGI', 'init_detect_date': datetime.datetime(2017, 5, 25, 13, 0), 'requires_shutdown': False, 'date_repaired': datetime.datetime(2017, 6, 10, 16, 0), 'repair_delay': 16, 'OGI_sp_covered': 1}, {'leak_ID': 'ABRAND00850_0000000003', 'facility_ID': 'ABRAND00850', 'equipment_group': 1, 'rate': 0.14661060331749973, 'lat': 52.46, 'lon': -114.36, 'status': 'repaired', 'days_active': 62, 'days_active_prog_start': 0, 'tagged': True, 'component': 'unknown', 'date_began': datetime.datetime(2020, 6, 7, 0, 0), 'date_tagged': datetime.datetime(2020, 7, 23, 13, 0), 'tagged_by_company': 'OGI', 'tagged_by_crew': 3, 'init_detect_by': 'OGI', 'init_detect_date': datetime.datetime(2020, 7, 23, 13, 0), 'requires_shutdown': False, 'date_repaired': datetime.datetime(2020, 8, 8, 16, 0), 'repair_delay': 16, 'OGI_sp_covered': 1}]",[],2,False,,,,3,4,40,30,False,6,2,0,4,0.0,1048.6759891277954,0.44889779559118237,0.7553518626428293,0.5746169803439976
ABRAND00611,361,53.06,-115.28,1,6,2,2,2,120,1,30,20,120,1,lognorm,0.062287158377333125,[1.462],"['kilogram', 'hour']",<scipy.stats._distn_infrastructure.rv_frozen object at 0x000002073C01D1C8>,0,4,60,1410.050173478634,[],"[{'leak_ID': 'ABRAND00611_0000000000', 'facility_ID': 'ABRAND00611', 'equipment_group': 1, 'rate': 0.056353517387330396, 'lat': 53.06, 'lon': -115.28, 'status': 'repaired', 'days_active': 39, 'days_active_prog_start': 0, 'tagged': True, 'component': 'unknown', 'date_began': datetime.datetime(2018, 5, 3, 0, 0), 'date_tagged': datetime.datetime(2018, 5, 26, 8, 0), 'tagged_by_company': 'OGI', 'tagged_by_crew': 1, 'init_detect_by': 'OGI', 'init_detect_date': datetime.datetime(2018, 5, 26, 8, 0), 'requires_shutdown': False, 'date_repaired': datetime.datetime(2018, 6, 11, 16, 0), 'repair_delay': 16, 'OGI_sp_covered': 1}, {'leak_ID': 'ABRAND00611_0000000001', 'facility_ID': 'ABRAND00611', 'equipment_group': 1, 'rate': 0.22136513045642683, 'lat': 53.06, 'lon': -115.28, 'status': 'repaired', 'days_active': 35, 'days_active_prog_start': 0, 'tagged': True, 'component': 'unknown', 'date_began': datetime.datetime(2018, 7, 6, 0, 0), 'date_tagged': datetime.datetime(2018, 7, 25, 8, 0), 'tagged_by_company': 'OGI', 'tagged_by_crew': 1, 'init_detect_by': 'OGI', 'init_detect_date': datetime.datetime(2018, 7, 25, 8, 0), 'requires_shutdown': False, 'date_repaired': datetime.datetime(2018, 8, 10, 16, 0), 'repair_delay': 16, 'OGI_sp_covered': 1}, {'leak_ID': 'ABRAND00611_0000000002', 'facility_ID': 'ABRAND00611', 'equipment_group': 1, 'rate': 0.0791237775202762, 'lat': 53.06, 'lon': -115.28, 'status': 'repaired', 'days_active': 29, 'days_active_prog_start': 0, 'tagged': True, 'component': 'unknown', 'date_began': datetime.datetime(2019, 5, 13, 0, 0), 'date_tagged': datetime.datetime(2019, 5, 26, 8, 0), 'tagged_by_company': 'OGI', 'tagged_by_crew': 1, 'init_detect_by': 'OGI', 'init_detect_date': datetime.datetime(2019, 5, 26, 8, 0), 'requires_shutdown': False, 'date_repaired': datetime.datetime(2019, 6, 11, 16, 0), 'repair_delay': 16, 'OGI_sp_covered': 1}, {'leak_ID': 'ABRAND00611_0000000003', 'facility_ID': 'ABRAND00611', 'equipment_group': 1, 'rate': 0.03399890719861561, 'lat': 53.06, 'lon': -115.28, 'status': 'repaired', 'days_active': 120, 'days_active_prog_start': 0, 'tagged': True, 'component': 'unknown', 'date_began': datetime.datetime(2019, 11, 13, 0, 0), 'date_tagged': datetime.datetime(2020, 3, 12, 0, 0), 'tagged_by_company': 'natural', 'tagged_by_crew': 1, 'init_detect_by': 'natural', 'init_detect_date': datetime.datetime(2020, 3, 12, 0, 0), 'requires_shutdown': False, 'date_repaired': datetime.datetime(2020, 3, 12, 16, 0), 'repair_delay': 0, 'OGI_sp_covered': 1}]",[],0,False,,,,2,4,39,30,False,6,2,0,4,0.0,1410.050173478634,0.45090180360721444,0.7568948984038231,0.7726302320430871
ABRAND00554,601,52.85,-115.53,3,6,2,2,2,120,1,30,20,120,1,lognorm,0.062287158377333125,[1.462],"['kilogram', 'hour']",<scipy.stats._distn_infrastructure.rv_frozen object at 0x000002073C01D1C8>,0,6,60,553.3414733683202,"[{'leak_ID': 'ABRAND00554_0000000005', 'facility_ID': 'ABRAND00554', 'equipment_group': 1, 'rate': 0.0053264204350313435, 'lat': 52.85, 'lon': -115.53, 'status': 'active', 'days_active': 97, 'days_active_prog_start': 0, 'tagged': False, 'component': 'unknown', 'date_began': datetime.datetime(2021, 9, 24, 0, 0), 'date_tagged': None, 'tagged_by_company': None, 'tagged_by_crew': None, 'init_detect_by': None, 'init_detect_date': None, 'requires_shutdown': False, 'date_repaired': None, 'repair_delay': None, 'OGI_sp_covered': 1}]","[{'leak_ID': 'ABRAND00554_0000000000', 'facility_ID': 'ABRAND00554', 'equipment_group': 1, 'rate': 0.18368794484136208, 'lat': 52.85, 'lon': -115.53, 'status': 'repaired', 'days_active': 16, 'days_active_prog_start': 0, 'tagged': True, 'component': 'unknown', 'date_began': datetime.datetime(2017, 3, 27, 0, 0), 'date_tagged': datetime.datetime(2017, 3, 27, 8, 0), 'tagged_by_company': 'OGI', 'tagged_by_crew': 2, 'init_detect_by': 'OGI', 'init_detect_date': datetime.datetime(2017, 3, 27, 8, 0), 'requires_shutdown': False, 'date_repaired': datetime.datetime(2017, 4, 12, 16, 0), 'repair_delay': 16, 'OGI_sp_covered': 1}, {'leak_ID': 'ABRAND00554_0000000001', 'facility_ID': 'ABRAND00554', 'equipment_group': 3, 'rate': 0.0012797771263328844, 'lat': 52.85, 'lon': -115.53, 'status': 'repaired', 'days_active': 120, 'days_active_prog_start': 0, 'tagged': True, 'component': 'unknown', 'date_began': datetime.datetime(2018, 5, 22, 0, 0), 'date_tagged': datetime.datetime(2018, 9, 19, 0, 0), 'tagged_by_company': 'natural', 'tagged_by_crew': 1, 'init_detect_by': 'natural', 'init_detect_date': datetime.datetime(2018, 9, 19, 0, 0), 'requires_shutdown': False, 'date_repaired': datetime.datetime(2018, 9, 19, 16, 0), 'repair_delay': 0, 'OGI_sp_covered': 1}, {'leak_ID': 'ABRAND00554_0000000002', 'facility_ID': 'ABRAND00554', 'equipment_group': 2, 'rate': 0.003822355262891878, 'lat': 52.85, 'lon': -115.53, 'status': 'repaired', 'days_active': 120, 'days_active_prog_start': 0, 'tagged': True, 'component': 'unknown', 'date_began': datetime.datetime(2018, 5, 28, 0, 0), 'date_tagged': datetime.datetime(2018, 9, 25, 0, 0), 'tagged_by_company': 'natural', 'tagged_by_crew': 1, 'init_detect_by': 'natural', 'init_detect_date': datetime.datetime(2018, 9, 25, 0, 0), 'requires_shutdown': False, 'date_repaired': datetime.datetime(2018, 9, 25, 16, 0), 'repair_delay': 0, 'OGI_sp_covered': 1}, {'leak_ID': 'ABRAND00554_0000000003', 'facility_ID': 'ABRAND00554', 'equipment_group': 3, 'rate': 0.04509135798265, 'lat': 52.85, 'lon': -115.53, 'status': 'repaired', 'days_active': 36, 'days_active_prog_start': 0, 'tagged': True, 'component': 'unknown', 'date_began': datetime.datetime(2019, 3, 7, 0, 0), 'date_tagged': datetime.datetime(2019, 3, 27, 8, 0), 'tagged_by_company': 'OGI', 'tagged_by_crew': 2, 'init_detect_by': 'OGI', 'init_detect_date': datetime.datetime(2019, 3, 27, 8, 0), 'requires_shutdown': False, 'date_repaired': datetime.datetime(2019, 4, 12, 16, 0), 'repair_delay': 16, 'OGI_sp_covered': 1}, {'leak_ID': 'ABRAND00554_0000000004', 'facility_ID': 'ABRAND00554', 'equipment_group': 1, 'rate': 0.005943337727333488, 'lat': 52.85, 'lon': -115.53, 'status': 'repaired', 'days_active': 120, 'days_active_prog_start': 0, 'tagged': True, 'component': 'unknown', 'date_began': datetime.datetime(2020, 11, 2, 0, 0), 'date_tagged': datetime.datetime(2021, 3, 2, 0, 0), 'tagged_by_company': 'natural', 'tagged_by_crew': 1, 'init_detect_by': 'natural', 'init_detect_date': datetime.datetime(2021, 3, 2, 0, 0), 'requires_shutdown': False, 'date_repaired': datetime.datetime(2021, 3, 2, 0, 0), 'repair_delay': 0, 'OGI_sp_covered': 1}]",[],0,False,,,,2,4,39,30,False,6,5,1,5,44.639664381910684,508.70180898640945,0.4529058116232465,0.7584362110244773,0.30320080732510696
ABRAND00912,601,52.41,-114.23,2,6,2,2,2,120,1,30,20,120,1,lognorm,0.062287158377333125,[1.462],"['kilogram', 'hour']",<scipy.stats._distn_infrastructure.rv_frozen object at 0x000002073C01D1C8>,0,2,60,894.6312502957176,[],"[{'leak_ID': 'ABRAND00912_0000000000', 'facility_ID': 'ABRAND00912', 'equipment_group': 2, 'rate': 0.1684246003718009, 'lat': 52.41, 'lon': -114.23, 'status': 'repaired', 'days_active': 58, 'days_active_prog_start': 0, 'tagged': True, 'component': 'unknown', 'date_began': datetime.datetime(2018, 6, 13, 0, 0), 'date_tagged': datetime.datetime(2018, 7, 25, 8, 0), 'tagged_by_company': 'OGI', 'tagged_by_crew': 3, 'init_detect_by': 'OGI', 'init_detect_date': datetime.datetime(2018, 7, 25, 8, 0), 'requires_shutdown': False, 'date_repaired': datetime.datetime(2018, 8, 10, 16, 0), 'repair_delay': 16, 'OGI_sp_covered': 1}, {'leak_ID': 'ABRAND00912_0000000001', 'facility_ID': 'ABRAND00912', 'equipment_group': 2, 'rate': 0.0048825128194973765, 'lat': 52.41, 'lon': -114.23, 'status': 'repaired', 'days_active': 120, 'days_active_prog_start': 0, 'tagged': True, 'component': 'unknown', 'date_began': datetime.datetime(2018, 9, 5, 0, 0), 'date_tagged': datetime.datetime(2019, 1, 3, 0, 0), 'tagged_by_company': 'natural', 'tagged_by_crew': 1, 'init_detect_by': 'natural', 'init_detect_date': datetime.datetime(2019, 1, 3, 0, 0), 'requires_shutdown': False, 'date_repaired': datetime.datetime(2019, 1, 3, 16, 0), 'repair_delay': 0, 'OGI_sp_covered': 1}]",[],0,False,,,,3,4,39,30,False,6,2,0,2,0.0,894.6312502957176,0.45490981963927857,0.7599739054350624,0.49020890427162606
ABRAND01056,601,54.6,-112.86,1,6,2,2,2,120,1,30,20,120,1,lognorm,0.062287158377333125,[1.462],"['kilogram', 'hour']",<scipy.stats._distn_infrastructure.rv_frozen object at 0x000002073C01D1C8>,0,4,60,1944.2967141823706,[],"[{'leak_ID': 'ABRAND01056_0000000000', 'facility_ID': 'ABRAND01056', 'equipment_group': 1, 'rate': 0.1389171710221913, 'lat': 54.6, 'lon': -112.86, 'status': 'repaired', 'days_active': 73, 'days_active_prog_start': 0, 'tagged': True, 'component': 'unknown', 'date_began': datetime.datetime(2019, 1, 29, 0, 0), 'date_tagged': datetime.datetime(2019, 3, 27, 10, 30), 'tagged_by_company': 'OGI', 'tagged_by_crew': 1, 'init_detect_by': 'OGI', 'init_detect_date': datetime.datetime(2019, 3, 27, 10, 30), 'requires_shutdown': False, 'date_repaired': datetime.datetime(2019, 4, 12, 16, 0), 'repair_delay': 16, 'OGI_sp_covered': 1}, {'leak_ID': 'ABRAND01056_0000000001', 'facility_ID': 'ABRAND01056', 'equipment_group': 1, 'rate': 0.0944667467411229, 'lat': 54.6, 'lon': -112.86, 'status': 'repaired', 'days_active': 57, 'days_active_prog_start': 0, 'tagged': True, 'component': 'unknown', 'date_began': datetime.datetime(2019, 4, 15, 0, 0), 'date_tagged': datetime.datetime(2019, 5, 26, 10, 30), 'tagged_by_company': 'OGI', 'tagged_by_crew': 1, 'init_detect_by': 'OGI', 'init_detect_date': datetime.datetime(2019, 5, 26, 10, 30), 'requires_shutdown': False, 'date_repaired': datetime.datetime(2019, 6, 11, 16, 0), 'repair_delay': 16, 'OGI_sp_covered': 1}, {'leak_ID': 'ABRAND01056_0000000002', 'facility_ID': 'ABRAND01056', 'equipment_group': 1, 'rate': 0.0085359441944804, 'lat': 54.6, 'lon': -112.86, 'status': 'repaired', 'days_active': 120, 'days_active_prog_start': 0, 'tagged': True, 'component': 'unknown', 'date_began': datetime.datetime(2019, 8, 24, 0, 0), 'date_tagged': datetime.datetime(2019, 12, 22, 0, 0), 'tagged_by_company': 'natural', 'tagged_by_crew': 1, 'init_detect_by': 'natural', 'init_detect_date': datetime.datetime(2019, 12, 22, 0, 0), 'requires_shutdown': False, 'date_repaired': datetime.datetime(2019, 12, 22, 16, 0), 'repair_delay': 0, 'OGI_sp_covered': 1}, {'leak_ID': 'ABRAND01056_0000000003', 'facility_ID': 'ABRAND01056', 'equipment_group': 1, 'rate': 0.09020549757157527, 'lat': 54.6, 'lon': -112.86, 'status': 'repaired', 'days_active': 66, 'days_active_prog_start': 0, 'tagged': True, 'component': 'unknown', 'date_began': datetime.datetime(2021, 8, 4, 0, 0), 'date_tagged': datetime.datetime(2021, 9, 23, 10, 30), 'tagged_by_company': 'OGI', 'tagged_by_crew': 1, 'init_detect_by': 'OGI', 'init_detect_date': datetime.datetime(2021, 9, 23, 10, 30), 'requires_shutdown': False, 'date_repaired': datetime.datetime(2021, 10, 9, 16, 0), 'repair_delay': 16, 'OGI_sp_covered': 1}]",[],0,False,,,,2,4,39,30,False,6,2,0,4,0.0,1944.2967141823706,0.45691382765531063,0.7615114231508457,1.0653680625656825
ABRAND00434,311,53.24,-115.9,1,6,2,2,2,120,1,30,20,120,1,lognorm,0.062287158377333125,[1.462],"['kilogram', 'hour']",<scipy.stats._distn_infrastructure.rv_frozen object at 0x000002073C01D1C8>,0,8,60,1386.5028289730758,[],"[{'leak_ID': 'ABRAND00434_0000000000', 'facility_ID': 'ABRAND00434', 'equipment_group': 1, 'rate': 0.0037297231668742513, 'lat': 53.24, 'lon': -115.9, 'status': 'repaired', 'days_active': 120, 'days_active_prog_start': 0, 'tagged': True, 'component': 'unknown', 'date_began': datetime.datetime(2017, 1, 17, 0, 0), 'date_tagged': datetime.datetime(2017, 5, 17, 0, 0), 'tagged_by_company': 'natural', 'tagged_by_crew': 1, 'init_detect_by': 'natural', 'init_detect_date': datetime.datetime(2017, 5, 17, 0, 0), 'requires_shutdown': False, 'date_repaired': datetime.datetime(2017, 5, 17, 16, 0), 'repair_delay': 0, 'OGI_sp_covered': 1}, {'leak_ID': 'ABRAND00434_0000000001', 'facility_ID': 'ABRAND00434', 'equipment_group': 1, 'rate': 0.023334564709388834, 'lat': 53.24, 'lon': -115.9, 'status': 'repaired', 'days_active': 120, 'days_active_prog_start': 0, 'tagged': True, 'component': 'unknown', 'date_began': datetime.datetime(2017, 3, 22, 0, 0), 'date_tagged': datetime.datetime(2017, 7, 20, 0, 0), 'tagged_by_company': 'natural', 'tagged_by_crew': 1, 'init_detect_by': 'natural', 'init_detect_date': datetime.datetime(2017, 7, 20, 0, 0), 'requires_shutdown': False, 'date_repaired': datetime.datetime(2017, 7, 20, 16, 0), 'repair_delay': 0, 'OGI_sp_covered': 1}, {'leak_ID': 'ABRAND00434_0000000002', 'facility_ID': 'ABRAND00434', 'equipment_group': 1, 'rate': 0.0029474131759438197, 'lat': 53.24, 'lon': -115.9, 'status': 'repaired', 'days_active': 120, 'days_active_prog_start': 0, 'tagged': True, 'component': 'unknown', 'date_began': datetime.datetime(2017, 7, 3, 0, 0), 'date_tagged': datetime.datetime(2017, 10, 31, 0, 0), 'tagged_by_company': 'natural', 'tagged_by_crew': 1, 'init_detect_by': 'natural', 'init_detect_date': datetime.datetime(2017, 10, 31, 0, 0), 'requires_shutdown': False, 'date_repaired': datetime.datetime(2017, 10, 31, 16, 0), 'repair_delay': 0, 'OGI_sp_covered': 1}, {'leak_ID': 'ABRAND00434_0000000003', 'facility_ID': 'ABRAND00434', 'equipment_group': 1, 'rate': 0.008629607321649095, 'lat': 53.24, 'lon': -115.9, 'status': 'repaired', 'days_active': 120, 'days_active_prog_start': 0, 'tagged': True, 'component': 'unknown', 'date_began': datetime.datetime(2019, 4, 6, 0, 0), 'date_tagged': datetime.datetime(2019, 8, 4, 0, 0), 'tagged_by_company': 'natural', 'tagged_by_crew': 1, 'init_detect_by': 'natural', 'init_detect_date': datetime.datetime(2019, 8, 4, 0, 0), 'requires_shutdown': False, 'date_repaired': datetime.datetime(2019, 8, 4, 16, 0), 'repair_delay': 0, 'OGI_sp_covered': 0}, {'leak_ID': 'ABRAND00434_0000000004', 'facility_ID': 'ABRAND00434', 'equipment_group': 1, 'rate': 0.004367900882462252, 'lat': 53.24, 'lon': -115.9, 'status': 'repaired', 'days_active': 120, 'days_active_prog_start': 0, 'tagged': True, 'component': 'unknown', 'date_began': datetime.datetime(2020, 2, 12, 0, 0), 'date_tagged': datetime.datetime(2020, 6, 11, 0, 0), 'tagged_by_company': 'natural', 'tagged_by_crew': 1, 'init_detect_by': 'natural', 'init_detect_date': datetime.datetime(2020, 6, 11, 0, 0), 'requires_shutdown': False, 'date_repaired': datetime.datetime(2020, 6, 11, 16, 0), 'repair_delay': 0, 'OGI_sp_covered': 1}, {'leak_ID': 'ABRAND00434_0000000005', 'facility_ID': 'ABRAND00434', 'equipment_group': 1, 'rate': 0.03553745286766164, 'lat': 53.24, 'lon': -115.9, 'status': 'repaired', 'days_active': 120, 'days_active_prog_start': 0, 'tagged': True, 'component': 'unknown', 'date_began': datetime.datetime(2020, 4, 20, 0, 0), 'date_tagged': datetime.datetime(2020, 8, 18, 0, 0), 'tagged_by_company': 'natural', 'tagged_by_crew': 1, 'init_detect_by': 'natural', 'init_detect_date': datetime.datetime(2020, 8, 18, 0, 0), 'requires_shutdown': False, 'date_repaired': datetime.datetime(2020, 8, 18, 16, 0), 'repair_delay': 0, 'OGI_sp_covered': 1}, {'leak_ID': 'ABRAND00434_0000000006', 'facility_ID': 'ABRAND00434', 'equipment_group': 1, 'rate': 0.09013237163897939, 'lat': 53.24, 'lon': -115.9, 'status': 'repaired', 'days_active': 73, 'days_active_prog_start': 0, 'tagged': True, 'component': 'unknown', 'date_began': datetime.datetime(2021, 1, 29, 0, 0), 'date_tagged': datetime.datetime(2021, 3, 27, 10, 30), 'tagged_by_company': 'OGI', 'tagged_by_crew': 2, 'init_detect_by': 'OGI', 'init_detect_date': datetime.datetime(2021, 3, 27, 10, 30), 'requires_shutdown': False, 'date_repaired': datetime.datetime(2021, 4, 12, 16, 0), 'repair_delay': 16, 'OGI_sp_covered': 1}, {'leak_ID': 'ABRAND00434_0000000007', 'facility_ID': 'ABRAND00434', 'equipment_group': 1, 'rate': 0.0003518655160379452, 'lat': 53.24, 'lon': -115.9, 'status': 'repaired', 'days_active': 120, 'days_active_prog_start': 0, 'tagged': True, 'component': 'unknown', 'date_began': datetime.datetime(2021, 5, 12, 0, 0), 'date_tagged': datetime.datetime(2021, 9, 9, 0, 0), 'tagged_by_company': 'natural', 'tagged_by_crew': 1, 'init_detect_by': 'natural', 'init_detect_date': datetime.datetime(2021, 9, 9, 0, 0), 'requires_shutdown': False, 'date_repaired': datetime.datetime(2021, 9, 9, 16, 0), 'repair_delay': 0, 'OGI_sp_covered': 1}]",[],0,False,,,,2,4,39,30,False,6,10,0,8,0.0,1386.5028289730758,0.4589178356713427,0.7630475582419566,0.7597275775194936
ABRAND00516,401,53.65,-115.64,3,6,2,2,2,120,1,30,20,120,1,lognorm,0.062287158377333125,[1.462],"['kilogram', 'hour']",<scipy.stats._distn_infrastructure.rv_frozen object at 0x000002073C01D1C8>,0,4,60,966.2539820338732,[],"[{'leak_ID': 'ABRAND00516_0000000000', 'facility_ID': 'ABRAND00516', 'equipment_group': 3, 'rate': 0.04593484687953638, 'lat': 53.65, 'lon': -115.64, 'status': 'repaired', 'days_active': 45, 'days_active_prog_start': 0, 'tagged': True, 'component': 'unknown', 'date_began': datetime.datetime(2017, 2, 26, 0, 0), 'date_tagged': datetime.datetime(2017, 3, 27, 10, 30), 'tagged_by_company': 'OGI', 'tagged_by_crew': 3, 'init_detect_by': 'OGI', 'init_detect_date': datetime.datetime(2017, 3, 27, 10, 30), 'requires_shutdown': False, 'date_repaired': datetime.datetime(2017, 4, 12, 16, 0), 'repair_delay': 16, 'OGI_sp_covered': 1}, {'leak_ID': 'ABRAND00516_0000000001', 'facility_ID': 'ABRAND00516', 'equipment_group': 2, 'rate': 0.03244780309515766, 'lat': 53.65, 'lon': -115.64, 'status': 'repaired', 'days_active': 120, 'days_active_prog_start': 0, 'tagged': True, 'component': 'unknown', 'date_began': datetime.datetime(2017, 10, 29, 0, 0), 'date_tagged': datetime.datetime(2018, 2, 26, 0, 0), 'tagged_by_company': 'natural', 'tagged_by_crew': 1, 'init_detect_by': 'natural', 'init_detect_date': datetime.datetime(2018, 2, 26, 0, 0), 'requires_shutdown': False, 'date_repaired': datetime.datetime(2018, 2, 26, 13, 30), 'repair_delay': 0, 'OGI_sp_covered': 1}, {'leak_ID': 'ABRAND00516_0000000003', 'facility_ID': 'ABRAND00516', 'equipment_group': 2, 'rate': 0.08340183152232417, 'lat': 53.65, 'lon': -115.64, 'status': 'repaired', 'days_active': 58, 'days_active_prog_start': 0, 'tagged': True, 'component': 'unknown', 'date_began': datetime.datetime(2021, 2, 13, 0, 0), 'date_tagged': datetime.datetime(2021, 3, 27, 10, 30), 'tagged_by_company': 'OGI', 'tagged_by_crew': 3, 'init_detect_by': 'OGI', 'init_detect_date': datetime.datetime(2021, 3, 27, 10, 30), 'requires_shutdown': False, 'date_repaired': datetime.datetime(2021, 4, 12, 16, 0), 'repair_delay': 16, 'OGI_sp_covered': 1}, {'leak_ID': 'ABRAND00516_0000000002', 'facility_ID': 'ABRAND00516', 'equipment_group': 1, 'rate': 0.0032115371094685687, 'lat': 53.65, 'lon': -115.64, 'status': 'repaired', 'days_active': 120, 'days_active_prog_start': 0, 'tagged': True, 'component': 'unknown', 'date_began': datetime.datetime(2021, 1, 30, 0, 0), 'date_tagged': datetime.datetime(2021, 5, 30, 0, 0), 'tagged_by_company': 'natural', 'tagged_by_crew': 1, 'init_detect_by': 'natural', 'init_detect_date': datetime.datetime(2021, 5, 30, 0, 0), 'requires_shutdown': False, 'date_repaired': datetime.datetime(2021, 5, 30, 16, 0), 'repair_delay': 0, 'OGI_sp_covered': 1}]",[],0,False,,,,2,4,39,30,False,6,2,0,4,0.0,966.2539820338732,0.46092184368737477,0.7645814446158137,0.5294542367308894
ABRAND00768,311,52.04,-114.62,2,6,2,2,2,120,1,30,20,120,1,lognorm,0.062287158377333125,[1.462],"['kilogram', 'hour']",<scipy.stats._distn_infrastructure.rv_frozen object at 0x000002073C01D1C8>,0,5,60,1098.1012759650253,[],"[{'leak_ID': 'ABRAND00768_0000000000', 'facility_ID': 'ABRAND00768', 'equipment_group': 1, 'rate': 0.021066086635509833, 'lat': 52.04, 'lon': -114.62, 'status': 'repaired', 'days_active': 120, 'days_active_prog_start': 0, 'tagged': True, 'component': 'unknown', 'date_began': datetime.datetime(2017, 5, 6, 0, 0), 'date_tagged': datetime.datetime(2017, 9, 3, 0, 0), 'tagged_by_company': 'natural', 'tagged_by_crew': 1, 'init_detect_by': 'natural', 'init_detect_date': datetime.datetime(2017, 9, 3, 0, 0), 'requires_shutdown': False, 'date_repaired': datetime.datetime(2017, 9, 3, 16, 0), 'repair_delay': 0, 'OGI_sp_covered': 1}, {'leak_ID': 'ABRAND00768_0000000001', 'facility_ID': 'ABRAND00768', 'equipment_group': 2, 'rate': 0.11068673739913058, 'lat': 52.04, 'lon': -114.62, 'status': 'repaired', 'days_active': 29, 'days_active_prog_start': 0, 'tagged': True, 'component': 'unknown', 'date_began': datetime.datetime(2017, 9, 10, 0, 0), 'date_tagged': datetime.datetime(2017, 9, 23, 13, 0), 'tagged_by_company': 'OGI', 'tagged_by_crew': 1, 'init_detect_by': 'OGI', 'init_detect_date': datetime.datetime(2017, 9, 23, 13, 0), 'requires_shutdown': False, 'date_repaired': datetime.datetime(2017, 10, 9, 16, 0), 'repair_delay': 16, 'OGI_sp_covered': 1}, {'leak_ID': 'ABRAND00768_0000000002', 'facility_ID': 'ABRAND00768', 'equipment_group': 1, 'rate': 0.03663769983281602, 'lat': 52.04, 'lon': -114.62, 'status': 'repaired', 'days_active': 72, 'days_active_prog_start': 0, 'tagged': True, 'component': 'unknown', 'date_began': datetime.datetime(2018, 5, 30, 0, 0), 'date_tagged': datetime.datetime(2018, 7, 25, 13, 0), 'tagged_by_company': 'OGI', 'tagged_by_crew': 1, 'init_detect_by': 'OGI', 'init_detect_date': datetime.datetime(2018, 7, 25, 13, 0), 'requires_shutdown': False, 'date_repaired': datetime.datetime(2018, 8, 10, 16, 0), 'repair_delay': 16, 'OGI_sp_covered': 1}, {'leak_ID': 'ABRAND00768_0000000004', 'facility_ID': 'ABRAND00768', 'equipment_group': 2, 'rate': 0.05196771272801987, 'lat': 52.04, 'lon': -114.62, 'status': 'repaired', 'days_active': 27, 'days_active_prog_start': 0, 'tagged': True, 'component': 'unknown', 'date_began': datetime.datetime(2021, 3, 16, 0, 0), 'date_tagged': datetime.datetime(2021, 3, 27, 13, 0), 'tagged_by_company': 'OGI', 'tagged_by_crew': 1, 'init_detect_by': 'OGI', 'init_detect_date': datetime.datetime(2021, 3, 27, 13, 0), 'requires_shutdown': False, 'date_repaired': datetime.datetime(2021, 4, 12, 16, 0), 'repair_delay': 16, 'OGI_sp_covered': 1}, {'leak_ID': 'ABRAND00768_0000000003', 'facility_ID': 'ABRAND00768', 'equipment_group': 2, 'rate': 0.02442180913666002, 'lat': 52.04, 'lon': -114.62, 'status': 'repaired', 'days_active': 120, 'days_active_prog_start': 0, 'tagged': True, 'component': 'unknown', 'date_began': datetime.datetime(2021, 2, 3, 0, 0), 'date_tagged': datetime.datetime(2021, 6, 3, 0, 0), 'tagged_by_company': 'natural', 'tagged_by_crew': 1, 'init_detect_by': 'natural', 'init_detect_date': datetime.datetime(2021, 6, 3, 0, 0), 'requires_shutdown': False, 'date_repaired': datetime.datetime(2021, 6, 3, 16, 0), 'repair_delay': 0, 'OGI_sp_covered': 0}]",[],0,False,,,,3,4,39,30,False,6,2,0,5,0.0,1098.1012759650253,0.46292585170340683,0.7661121507365853,0.6016993292959042
ABRAND00606,311,53.3,-115.3,1,6,2,2,2,120,1,30,20,120,1,lognorm,0.062287158377333125,[1.462],"['kilogram', 'hour']",<scipy.stats._distn_infrastructure.rv_frozen object at 0x000002073C01D1C8>,0,5,60,1182.3926226099459,"[{'leak_ID': 'ABRAND00606_0000000004', 'facility_ID': 'ABRAND00606', 'equipment_group': 1, 'rate': 0.016436214359925743, 'lat': 53.3, 'lon': -115.3, 'status': 'active', 'days_active': 60, 'days_active_prog_start': 0, 'tagged': False, 'component': 'unknown', 'date_began': datetime.datetime(2021, 10, 31, 0, 0), 'date_tagged': None, 'tagged_by_company': None, 'tagged_by_crew': None, 'init_detect_by': None, 'init_detect_date': None, 'requires_shutdown': False, 'date_repaired': None, 'repair_delay': None, 'OGI_sp_covered': 1}]","[{'leak_ID': 'ABRAND00606_0000000000', 'facility_ID': 'ABRAND00606', 'equipment_group': 1, 'rate': 0.0462590791442993, 'lat': 53.3, 'lon': -115.3, 'status': 'repaired', 'days_active': 58, 'days_active_prog_start': 0, 'tagged': True, 'component': 'unknown', 'date_began': datetime.datetime(2018, 6, 13, 0, 0), 'date_tagged': datetime.datetime(2018, 7, 25, 13, 0), 'tagged_by_company': 'OGI', 'tagged_by_crew': 2, 'init_detect_by': 'OGI', 'init_detect_date': datetime.datetime(2018, 7, 25, 13, 0), 'requires_shutdown': False, 'date_repaired': datetime.datetime(2018, 8, 10, 16, 0), 'repair_delay': 16, 'OGI_sp_covered': 1}, {'leak_ID': 'ABRAND00606_0000000001', 'facility_ID': 'ABRAND00606', 'equipment_group': 1, 'rate': 0.012906053612231946, 'lat': 53.3, 'lon': -115.3, 'status': 'repaired', 'days_active': 120, 'days_active_prog_start': 0, 'tagged': True, 'component': 'unknown', 'date_began': datetime.datetime(2020, 1, 15, 0, 0), 'date_tagged': datetime.datetime(2020, 5, 14, 0, 0), 'tagged_by_company': 'natural', 'tagged_by_crew': 1, 'init_detect_by': 'natural', 'init_detect_date': datetime.datetime(2020, 5, 14, 0, 0), 'requires_shutdown': False, 'date_repaired': datetime.datetime(2020, 5, 14, 16, 0), 'repair_delay': 0, 'OGI_sp_covered': 1}, {'leak_ID': 'ABRAND00606_0000000003', 'facility_ID': 'ABRAND00606', 'equipment_group': 1, 'rate': 0.10067665113153282, 'lat': 53.3, 'lon': -115.3, 'status': 'repaired', 'days_active': 73, 'days_active_prog_start': 0, 'tagged': True, 'component': 'unknown', 'date_began': datetime.datetime(2020, 3, 29, 0, 0), 'date_tagged': datetime.datetime(2020, 5, 25, 13, 0), 'tagged_by_company': 'OGI', 'tagged_by_crew': 2, 'init_detect_by': 'OGI', 'init_detect_date': datetime.datetime(2020, 5, 25, 13, 0), 'requires_shutdown': False, 'date_repaired': datetime.datetime(2020, 6, 10, 16, 0), 'repair_delay': 16, 'OGI_sp_covered': 1}, {'leak_ID': 'ABRAND00606_0000000002', 'facility_ID': 'ABRAND00606', 'equipment_group': 1, 'rate': 0.009314819839096593, 'lat': 53.3, 'lon': -115.3, 'status': 'repaired', 'days_active': 120, 'days_active_prog_start': 0, 'tagged': True, 'component': 'unknown', 'date_began': datetime.datetime(2020, 2, 13, 0, 0), 'date_tagged': datetime.datetime(2020, 6, 12, 0, 0), 'tagged_by_company': 'natural', 'tagged_by_crew': 1, 'init_detect_by': 'natural', 'init_detect_date': datetime.datetime(2020, 6, 12, 0, 0), 'requires_shutdown': False, 'date_repaired': datetime.datetime(2020, 6, 12, 16, 0), 'repair_delay': 0, 'OGI_sp_covered': 1}]",[],0,False,,,,2,4,39,30,False,6,4,1,4,85.20533524185507,1097.187287368091,0.4649298597194389,0.7676412794474203,0.647886368553395
ABRAND01166,601,54.76,-110.4,4,6,2,2,2,120,1,30,20,120,1,lognorm,0.062287158377333125,[1.462],"['kilogram', 'hour']",<scipy.stats._distn_infrastructure.rv_frozen object at 0x000002073C01D1C8>,1,8,60,685.0902312585213,[],"[{'leak_ID': 'ABRAND01166_0000000001', 'facility_ID': 'ABRAND01166', 'equipment_group': 4, 'rate': 0.0416920983487182, 'lat': 54.76, 'lon': -110.4, 'status': 'repaired', 'days_active': 46, 'days_active_prog_start': 4, 'tagged': True, 'component': 'unknown', 'date_began': datetime.datetime(2016, 12, 28, 0, 0), 'date_tagged': datetime.datetime(2017, 1, 26, 13, 0), 'tagged_by_company': 'OGI', 'tagged_by_crew': 3, 'init_detect_by': 'OGI', 'init_detect_date': datetime.datetime(2017, 1, 26, 13, 0), 'requires_shutdown': False, 'date_repaired': datetime.datetime(2017, 2, 11, 16, 0), 'repair_delay': 16, 'OGI_sp_covered': 1}, {'leak_ID': 'ABRAND01166_0000000001', 'facility_ID': 'ABRAND01166', 'equipment_group': 1, 'rate': 0.0016760576011911913, 'lat': 54.76, 'lon': -110.4, 'status': 'repaired', 'days_active': 120, 'days_active_prog_start': 0, 'tagged': True, 'component': 'unknown', 'date_began': datetime.datetime(2017, 6, 24, 0, 0), 'date_tagged': datetime.datetime(2017, 10, 22, 0, 0), 'tagged_by_company': 'natural', 'tagged_by_crew': 1, 'init_detect_by': 'natural', 'init_detect_date': datetime.datetime(2017, 10, 22, 0, 0), 'requires_shutdown': False, 'date_repaired': datetime.datetime(2017, 10, 22, 16, 0), 'repair_delay': 0, 'OGI_sp_covered': 1}, {'leak_ID': 'ABRAND01166_0000000002', 'facility_ID': 'ABRAND01166', 'equipment_group': 2, 'rate': 0.0054937893176499695, 'lat': 54.76, 'lon': -110.4, 'status': 'repaired', 'days_active': 120, 'days_active_prog_start': 0, 'tagged': True, 'component': 'unknown', 'date_began': datetime.datetime(2017, 8, 12, 0, 0), 'date_tagged': datetime.datetime(2017, 12, 10, 0, 0), 'tagged_by_company': 'natural', 'tagged_by_crew': 1, 'init_detect_by': 'natural', 'init_detect_date': datetime.datetime(2017, 12, 10, 0, 0), 'requires_shutdown': False, 'date_repaired': datetime.datetime(2017, 12, 10, 16, 0), 'repair_delay': 0, 'OGI_sp_covered': 1}, {'leak_ID': 'ABRAND01166_0000000003', 'facility_ID': 'ABRAND01166', 'equipment_group': 4, 'rate': 0.044678357309605676, 'lat': 54.76, 'lon': -110.4, 'status': 'repaired', 'days_active': 84, 'days_active_prog_start': 0, 'tagged': True, 'component': 'unknown', 'date_began': datetime.datetime(2018, 5, 18, 0, 0), 'date_tagged': datetime.datetime(2018, 7, 25, 13, 0), 'tagged_by_company': 'OGI', 'tagged_by_crew': 3, 'init_detect_by': 'OGI', 'init_detect_date': datetime.datetime(2018, 7, 25, 13, 0), 'requires_shutdown': False, 'date_repaired': datetime.datetime(2018, 8, 10, 16, 0), 'repair_delay': 16, 'OGI_sp_covered': 1}, {'leak_ID': 'ABRAND01166_0000000004', 'facility_ID': 'ABRAND01166', 'equipment_group': 4, 'rate': 0.0015559063233409603, 'lat': 54.76, 'lon': -110.4, 'status': 'repaired', 'days_active': 120, 'days_active_prog_start': 0, 'tagged': True, 'component': 'unknown', 'date_began': datetime.datetime(2018, 8, 7, 0, 0), 'date_tagged': datetime.datetime(2018, 12, 5, 0, 0), 'tagged_by_company': 'natural', 'tagged_by_crew': 1, 'init_detect_by': 'natural', 'init_detect_date': datetime.datetime(2018, 12, 5, 0, 0), 'requires_shutdown': False, 'date_repaired': datetime.datetime(2018, 12, 5, 16, 0), 'repair_delay': 0, 'OGI_sp_covered': 1}, {'leak_ID': 'ABRAND01166_0000000005', 'facility_ID': 'ABRAND01166', 'equipment_group': 2, 'rate': 0.004467498373087809, 'lat': 54.76, 'lon': -110.4, 'status': 'repaired', 'days_active': 120, 'days_active_prog_start': 0, 'tagged': True, 'component': 'unknown', 'date_began': datetime.datetime(2018, 11, 7, 0, 0), 'date_tagged': datetime.datetime(2019, 3, 7, 0, 0), 'tagged_by_company': 'natural', 'tagged_by_crew': 1, 'init_detect_by': 'natural', 'init_detect_date': datetime.datetime(2019, 3, 7, 0, 0), 'requires_shutdown': False, 'date_repaired': datetime.datetime(2019, 3, 7, 16, 0), 'repair_delay': 0, 'OGI_sp_covered': 0}, {'leak_ID': 'ABRAND01166_0000000006', 'facility_ID': 'ABRAND01166', 'equipment_group': 3, 'rate': 0.003070839593468724, 'lat': 54.76, 'lon': -110.4, 'status': 'repaired', 'days_active': 120, 'days_active_prog_start': 0, 'tagged': True, 'component': 'unknown', 'date_began': datetime.datetime(2018, 12, 21, 0, 0), 'date_tagged': datetime.datetime(2019, 4, 20, 0, 0), 'tagged_by_company': 'natural', 'tagged_by_crew': 1, 'init_detect_by': 'natural', 'init_detect_date': datetime.datetime(2019, 4, 20, 0, 0), 'requires_shutdown': False, 'date_repaired': datetime.datetime(2019, 4, 20, 16, 0), 'repair_delay': 0, 'OGI_sp_covered': 0}, {'leak_ID': 'ABRAND01166_0000000007', 'facility_ID': 'ABRAND01166', 'equipment_group': 3, 'rate': 0.003946199952574869, 'lat': 54.76, 'lon': -110.4, 'status': 'repaired', 'days_active': 120, 'days_active_prog_start': 0, 'tagged': True, 'component': 'unknown', 'date_began': datetime.datetime(2019, 11, 12, 0, 0), 'date_tagged': datetime.datetime(2020, 3, 11, 0, 0), 'tagged_by_company': 'natural', 'tagged_by_crew': 1, 'init_detect_by': 'natural', 'init_detect_date': datetime.datetime(2020, 3, 11, 0, 0), 'requires_shutdown': False, 'date_repaired': datetime.datetime(2020, 3, 11, 16, 0), 'repair_delay': 0, 'OGI_sp_covered': 0}]",[],1,False,,,,2,4,39,30,False,6,8,0,8,0.0,685.0902312585213,0.46693386773547096,0.7691701976364785,0.37539190753891577
ABRAND00930,351,52.81,-114.19,5,6,2,2,2,120,1,30,20,120,1,lognorm,0.062287158377333125,[1.462],"['kilogram', 'hour']",<scipy.stats._distn_infrastructure.rv_frozen object at 0x000002073C01D1C8>,0,6,60,1010.497625562147,[],"[{'leak_ID': 'ABRAND00930_0000000000', 'facility_ID': 'ABRAND00930', 'equipment_group': 5, 'rate': 0.006276725369428183, 'lat': 52.81, 'lon': -114.19, 'status': 'repaired', 'days_active': 120, 'days_active_prog_start': 0, 'tagged': True, 'component': 'unknown', 'date_began': datetime.datetime(2017, 2, 24, 0, 0), 'date_tagged': datetime.datetime(2017, 6, 24, 0, 0), 'tagged_by_company': 'natural', 'tagged_by_crew': 1, 'init_detect_by': 'natural', 'init_detect_date': datetime.datetime(2017, 6, 24, 0, 0), 'requires_shutdown': False, 'date_repaired': datetime.datetime(2017, 6, 24, 16, 0), 'repair_delay': 0, 'OGI_sp_covered': 1}, {'leak_ID': 'ABRAND00930_0000000001', 'facility_ID': 'ABRAND00930', 'equipment_group': 5, 'rate': 0.006730980879689411, 'lat': 52.81, 'lon': -114.19, 'status': 'repaired', 'days_active': 120, 'days_active_prog_start': 0, 'tagged': True, 'component': 'unknown', 'date_began': datetime.datetime(2018, 2, 12, 0, 0), 'date_tagged': datetime.datetime(2018, 6, 12, 0, 0), 'tagged_by_company': 'natural', 'tagged_by_crew': 1, 'init_detect_by': 'natural', 'init_detect_date': datetime.datetime(2018, 6, 12, 0, 0), 'requires_shutdown': False, 'date_repaired': datetime.datetime(2018, 6, 12, 16, 0), 'repair_delay': 0, 'OGI_sp_covered': 1}, {'leak_ID': 'ABRAND00930_0000000002', 'facility_ID': 'ABRAND00930', 'equipment_group': 3, 'rate': 0.0615740666530293, 'lat': 52.81, 'lon': -114.19, 'status': 'repaired', 'days_active': 22, 'days_active_prog_start': 0, 'tagged': True, 'component': 'unknown', 'date_began': datetime.datetime(2018, 7, 20, 0, 0), 'date_tagged': datetime.datetime(2018, 7, 26, 8, 0), 'tagged_by_company': 'OGI', 'tagged_by_crew': 1, 'init_detect_by': 'OGI', 'init_detect_date': datetime.datetime(2018, 7, 26, 8, 0), 'requires_shutdown': False, 'date_repaired': datetime.datetime(2018, 8, 11, 16, 0), 'repair_delay': 16, 'OGI_sp_covered': 1}, {'leak_ID': 'ABRAND00930_0000000003', 'facility_ID': 'ABRAND00930', 'equipment_group': 4, 'rate': 0.005689182056050102, 'lat': 52.81, 'lon': -114.19, 'status': 'repaired', 'days_active': 120, 'days_active_prog_start': 0, 'tagged': True, 'component': 'unknown', 'date_began': datetime.datetime(2020, 6, 19, 0, 0), 'date_tagged': datetime.datetime(2020, 10, 17, 0, 0), 'tagged_by_company': 'natural', 'tagged_by_crew': 1, 'init_detect_by': 'natural', 'init_detect_date': datetime.datetime(2020, 10, 17, 0, 0), 'requires_shutdown': False, 'date_repaired': datetime.datetime(2020, 10, 17, 16, 0), 'repair_delay': 0, 'OGI_sp_covered': 1}, {'leak_ID': 'ABRAND00930_0000000004', 'facility_ID': 'ABRAND00930', 'equipment_group': 2, 'rate': 0.041217999195438865, 'lat': 52.81, 'lon': -114.19, 'status': 'repaired', 'days_active': 120, 'days_active_prog_start': 0, 'tagged': True, 'component': 'unknown', 'date_began': datetime.datetime(2021, 2, 23, 0, 0), 'date_tagged': datetime.datetime(2021, 6, 23, 0, 0), 'tagged_by_company': 'natural', 'tagged_by_crew': 1, 'init_detect_by': 'natural', 'init_detect_date': datetime.datetime(2021, 6, 23, 0, 0), 'requires_shutdown': False, 'date_repaired': datetime.datetime(2021, 6, 23, 16, 0), 'repair_delay': 0, 'OGI_sp_covered': 0}, {'leak_ID': 'ABRAND00930_0000000005', 'facility_ID': 'ABRAND00930', 'equipment_group': 5, 'rate': 0.037965763897503925, 'lat': 52.81, 'lon': -114.19, 'status': 'repaired', 'days_active': 83, 'days_active_prog_start': 0, 'tagged': True, 'component': 'unknown', 'date_began': datetime.datetime(2021, 7, 19, 0, 0), 'date_tagged': datetime.datetime(2021, 9, 24, 8, 0), 'tagged_by_company': 'OGI', 'tagged_by_crew': 1, 'init_detect_by': 'OGI', 'init_detect_date': datetime.datetime(2021, 9, 24, 8, 0), 'requires_shutdown': False, 'date_repaired': datetime.datetime(2021, 10, 10, 16, 0), 'repair_delay': 16, 'OGI_sp_covered': 1}]",[],0,False,,,,2,4,38,30,False,6,6,0,6,0.0,1010.497625562147,0.46893787575150303,0.7706953153967303,0.553697329075149
ABRAND00150,351,54.71,-119.13,5,6,2,2,2,120,1,30,20,120,1,lognorm,0.062287158377333125,[1.462],"['kilogram', 'hour']",<scipy.stats._distn_infrastructure.rv_frozen object at 0x000002073C01D1C8>,0,3,60,500.34853452968616,[],"[{'leak_ID': 'ABRAND00150_0000000000', 'facility_ID': 'ABRAND00150', 'equipment_group': 4, 'rate': 0.01642353656071401, 'lat': 54.71, 'lon': -119.13, 'status': 'repaired', 'days_active': 120, 'days_active_prog_start': 0, 'tagged': True, 'component': 'unknown', 'date_began': datetime.datetime(2017, 2, 20, 0, 0), 'date_tagged': datetime.datetime(2017, 6, 20, 0, 0), 'tagged_by_company': 'natural', 'tagged_by_crew': 1, 'init_detect_by': 'natural', 'init_detect_date': datetime.datetime(2017, 6, 20, 0, 0), 'requires_shutdown': False, 'date_repaired': datetime.datetime(2017, 6, 20, 16, 0), 'repair_delay': 0, 'OGI_sp_covered': 1}, {'leak_ID': 'ABRAND00150_0000000001', 'facility_ID': 'ABRAND00150', 'equipment_group': 3, 'rate': 0.025776612889411795, 'lat': 54.71, 'lon': -119.13, 'status': 'repaired', 'days_active': 120, 'days_active_prog_start': 0, 'tagged': True, 'component': 'unknown', 'date_began': datetime.datetime(2019, 7, 6, 0, 0), 'date_tagged': datetime.datetime(2019, 11, 3, 0, 0), 'tagged_by_company': 'natural', 'tagged_by_crew': 1, 'init_detect_by': 'natural', 'init_detect_date': datetime.datetime(2019, 11, 3, 0, 0), 'requires_shutdown': False, 'date_repaired': datetime.datetime(2019, 11, 3, 16, 0), 'repair_delay': 0, 'OGI_sp_covered': 1}, {'leak_ID': 'ABRAND00150_0000000002', 'facility_ID': 'ABRAND00150', 'equipment_group': 4, 'rate': 0.0060587755623825006, 'lat': 54.71, 'lon': -119.13, 'status': 'repaired', 'days_active': 120, 'days_active_prog_start': 0, 'tagged': True, 'component': 'unknown', 'date_began': datetime.datetime(2019, 10, 27, 0, 0), 'date_tagged': datetime.datetime(2020, 2, 24, 0, 0), 'tagged_by_company': 'natural', 'tagged_by_crew': 1, 'init_detect_by': 'natural', 'init_detect_date': datetime.datetime(2020, 2, 24, 0, 0), 'requires_shutdown': False, 'date_repaired': datetime.datetime(2020, 2, 24, 16, 0), 'repair_delay': 0, 'OGI_sp_covered': 1}]",[],0,False,,,,2,4,38,30,False,6,5,0,3,0.0,500.34853452968616,0.4709418837675351,0.7722192624871416,0.2741635805642116
ABRAND00474,311,53.07,-115.8,5,6,2,2,2,120,1,30,20,120,1,lognorm,0.062287158377333125,[1.462],"['kilogram', 'hour']",<scipy.stats._distn_infrastructure.rv_frozen object at 0x000002073C01D1C8>,0,8,60,1476.1170740956452,[],"[{'leak_ID': 'ABRAND00474_0000000000', 'facility_ID': 'ABRAND00474', 'equipment_group': 5, 'rate': 0.029297775932161988, 'lat': 53.07, 'lon': -115.8, 'status': 'repaired', 'days_active': 120, 'days_active_prog_start': 0, 'tagged': True, 'component': 'unknown', 'date_began': datetime.datetime(2018, 3, 30, 0, 0), 'date_tagged': datetime.datetime(2018, 7, 28, 0, 0), 'tagged_by_company': 'natural', 'tagged_by_crew': 1, 'init_detect_by': 'natural', 'init_detect_date': datetime.datetime(2018, 7, 28, 0, 0), 'requires_shutdown': False, 'date_repaired': datetime.datetime(2018, 7, 28, 16, 0), 'repair_delay': 0, 'OGI_sp_covered': 1}, {'leak_ID': 'ABRAND00474_0000000001', 'facility_ID': 'ABRAND00474', 'equipment_group': 5, 'rate': 0.10448747506840976, 'lat': 53.07, 'lon': -115.8, 'status': 'repaired', 'days_active': 38, 'days_active_prog_start': 0, 'tagged': True, 'component': 'unknown', 'date_began': datetime.datetime(2018, 7, 4, 0, 0), 'date_tagged': datetime.datetime(2018, 7, 26, 8, 0), 'tagged_by_company': 'OGI', 'tagged_by_crew': 3, 'init_detect_by': 'OGI', 'init_detect_date': datetime.datetime(2018, 7, 26, 8, 0), 'requires_shutdown': False, 'date_repaired': datetime.datetime(2018, 8, 11, 16, 0), 'repair_delay': 16, 'OGI_sp_covered': 1}, {'leak_ID': 'ABRAND00474_0000000002', 'facility_ID': 'ABRAND00474', 'equipment_group': 5, 'rate': 0.0010373927501538072, 'lat': 53.07, 'lon': -115.8, 'status': 'repaired', 'days_active': 120, 'days_active_prog_start': 0, 'tagged': True, 'component': 'unknown', 'date_began': datetime.datetime(2019, 4, 11, 0, 0), 'date_tagged': datetime.datetime(2019, 8, 9, 0, 0), 'tagged_by_company': 'natural', 'tagged_by_crew': 1, 'init_detect_by': 'natural', 'init_detect_date': datetime.datetime(2019, 8, 9, 0, 0), 'requires_shutdown': False, 'date_repaired': datetime.datetime(2019, 8, 9, 16, 0), 'repair_delay': 0, 'OGI_sp_covered': 1}, {'leak_ID': 'ABRAND00474_0000000003', 'facility_ID': 'ABRAND00474', 'equipment_group': 4, 'rate': 0.0397011529049319, 'lat': 53.07, 'lon': -115.8, 'status': 'repaired', 'days_active': 34, 'days_active_prog_start': 0, 'tagged': True, 'component': 'unknown', 'date_began': datetime.datetime(2019, 7, 8, 0, 0), 'date_tagged': datetime.datetime(2019, 7, 26, 8, 0), 'tagged_by_company': 'OGI', 'tagged_by_crew': 3, 'init_detect_by': 'OGI', 'init_detect_date': datetime.datetime(2019, 7, 26, 8, 0), 'requires_shutdown': False, 'date_repaired': datetime.datetime(2019, 8, 11, 16, 0), 'repair_delay': 16, 'OGI_sp_covered': 1}, {'leak_ID': 'ABRAND00474_0000000004', 'facility_ID': 'ABRAND00474', 'equipment_group': 1, 'rate': 0.0014188353351428213, 'lat': 53.07, 'lon': -115.8, 'status': 'repaired', 'days_active': 120, 'days_active_prog_start': 0, 'tagged': True, 'component': 'unknown', 'date_began': datetime.datetime(2019, 9, 6, 0, 0), 'date_tagged': datetime.datetime(2020, 1, 4, 0, 0), 'tagged_by_company': 'natural', 'tagged_by_crew': 1, 'init_detect_by': 'natural', 'init_detect_date': datetime.datetime(2020, 1, 4, 0, 0), 'requires_shutdown': False, 'date_repaired': datetime.datetime(2020, 1, 4, 16, 0), 'repair_delay': 0, 'OGI_sp_covered': 1}, {'leak_ID': 'ABRAND00474_0000000005', 'facility_ID': 'ABRAND00474', 'equipment_group': 2, 'rate': 0.1665163282942962, 'lat': 53.07, 'lon': -115.8, 'status': 'repaired', 'days_active': 32, 'days_active_prog_start': 0, 'tagged': True, 'component': 'unknown', 'date_began': datetime.datetime(2020, 7, 9, 0, 0), 'date_tagged': datetime.datetime(2020, 7, 25, 8, 0), 'tagged_by_company': 'OGI', 'tagged_by_crew': 3, 'init_detect_by': 'OGI', 'init_detect_date': datetime.datetime(2020, 7, 25, 8, 0), 'requires_shutdown': False, 'date_repaired': datetime.datetime(2020, 8, 10, 16, 0), 'repair_delay': 16, 'OGI_sp_covered': 1}, {'leak_ID': 'ABRAND00474_0000000006', 'facility_ID': 'ABRAND00474', 'equipment_group': 2, 'rate': 0.011661350536206988, 'lat': 53.07, 'lon': -115.8, 'status': 'repaired', 'days_active': 120, 'days_active_prog_start': 0, 'tagged': True, 'component': 'unknown', 'date_began': datetime.datetime(2020, 8, 30, 0, 0), 'date_tagged': datetime.datetime(2020, 12, 28, 0, 0), 'tagged_by_company': 'natural', 'tagged_by_crew': 1, 'init_detect_by': 'natural', 'init_detect_date': datetime.datetime(2020, 12, 28, 0, 0), 'requires_shutdown': False, 'date_repaired': datetime.datetime(2020, 12, 28, 0, 0), 'repair_delay': 0, 'OGI_sp_covered': 1}, {'leak_ID': 'ABRAND00474_0000000007', 'facility_ID': 'ABRAND00474', 'equipment_group': 2, 'rate': 0.010216333786365665, 'lat': 53.07, 'lon': -115.8, 'status': 'repaired', 'days_active': 120, 'days_active_prog_start': 0, 'tagged': True, 'component': 'unknown', 'date_began': datetime.datetime(2021, 4, 7, 0, 0), 'date_tagged': datetime.datetime(2021, 8, 5, 0, 0), 'tagged_by_company': 'natural', 'tagged_by_crew': 1, 'init_detect_by': 'natural', 'init_detect_date': datetime.datetime(2021, 8, 5, 0, 0), 'requires_shutdown': False, 'date_repaired': datetime.datetime(2021, 8, 5, 16, 0), 'repair_delay': 0, 'OGI_sp_covered': 0}]",[],0,False,,,,2,4,38,30,False,6,8,0,8,0.0,1476.1170740956452,0.4729458917835671,0.7737412743459385,0.8088312734770658
ABRAND00972,351,53.04,-114.08,3,6,2,2,2,120,1,30,20,120,1,lognorm,0.062287158377333125,[1.462],"['kilogram', 'hour']",<scipy.stats._distn_infrastructure.rv_frozen object at 0x000002073C01D1C8>,1,4,60,1915.1297952398127,[],"[{'leak_ID': 'ABRAND00972_0000000001', 'facility_ID': 'ABRAND00972', 'equipment_group': 1, 'rate': 0.4771137916446128, 'lat': 53.04, 'lon': -114.08, 'status': 'repaired', 'days_active': 120, 'days_active_prog_start': 87, 'tagged': True, 'component': 'unknown', 'date_began': datetime.datetime(2016, 10, 6, 0, 0), 'date_tagged': datetime.datetime(2017, 2, 2, 0, 0), 'tagged_by_company': 'natural', 'tagged_by_crew': 1, 'init_detect_by': 'OGI', 'init_detect_date': datetime.datetime(2017, 1, 27, 10, 30), 'requires_shutdown': False, 'date_repaired': datetime.datetime(2017, 2, 2, 16, 0), 'repair_delay': 0, 'OGI_sp_covered': 1}, {'leak_ID': 'ABRAND00972_0000000001', 'facility_ID': 'ABRAND00972', 'equipment_group': 3, 'rate': 0.03612307317900009, 'lat': 53.04, 'lon': -114.08, 'status': 'repaired', 'days_active': 120, 'days_active_prog_start': 0, 'tagged': True, 'component': 'unknown', 'date_began': datetime.datetime(2019, 1, 23, 0, 0), 'date_tagged': datetime.datetime(2019, 5, 23, 0, 0), 'tagged_by_company': 'natural', 'tagged_by_crew': 1, 'init_detect_by': 'natural', 'init_detect_date': datetime.datetime(2019, 5, 23, 0, 0), 'requires_shutdown': False, 'date_repaired': datetime.datetime(2019, 5, 23, 16, 0), 'repair_delay': 0, 'OGI_sp_covered': 1}, {'leak_ID': 'ABRAND00972_0000000002', 'facility_ID': 'ABRAND00972', 'equipment_group': 1, 'rate': 0.0061133103522718986, 'lat': 53.04, 'lon': -114.08, 'status': 'repaired', 'days_active': 120, 'days_active_prog_start': 0, 'tagged': True, 'component': 'unknown', 'date_began': datetime.datetime(2020, 1, 18, 0, 0), 'date_tagged': datetime.datetime(2020, 5, 17, 0, 0), 'tagged_by_company': 'natural', 'tagged_by_crew': 1, 'init_detect_by': 'natural', 'init_detect_date': datetime.datetime(2020, 5, 17, 0, 0), 'requires_shutdown': False, 'date_repaired': datetime.datetime(2020, 5, 17, 16, 0), 'repair_delay': 0, 'OGI_sp_covered': 1}, {'leak_ID': 'ABRAND00972_0000000003', 'facility_ID': 'ABRAND00972', 'equipment_group': 3, 'rate': 0.011272774696225346, 'lat': 53.04, 'lon': -114.08, 'status': 'repaired', 'days_active': 120, 'days_active_prog_start': 0, 'tagged': True, 'component': 'unknown', 'date_began': datetime.datetime(2020, 7, 12, 0, 0), 'date_tagged': datetime.datetime(2020, 11, 9, 0, 0), 'tagged_by_company': 'natural', 'tagged_by_crew': 1, 'init_detect_by': 'natural', 'init_detect_date': datetime.datetime(2020, 11, 9, 0, 0), 'requires_shutdown': False, 'date_repaired': datetime.datetime(2020, 11, 9, 16, 0), 'repair_delay': 0, 'OGI_sp_covered': 0}]",[],1,False,,,,2,4,38,30,False,6,5,0,4,0.0,1915.1297952398127,0.4749498997995992,0.7752580631904402,1.0493861891725
ABRAND00350,601,53.2,-116.16,2,6,2,2,2,120,1,30,20,120,1,lognorm,0.062287158377333125,[1.462],"['kilogram', 'hour']",<scipy.stats._distn_infrastructure.rv_frozen object at 0x000002073C01D1C8>,0,6,60,809.7642618721103,[],"[{'leak_ID': 'ABRAND00350_0000000000', 'facility_ID': 'ABRAND00350', 'equipment_group': 2, 'rate': 0.011705793356926364, 'lat': 53.2, 'lon': -116.16, 'status': 'repaired', 'days_active': 120, 'days_active_prog_start': 0, 'tagged': True, 'component': 'unknown', 'date_began': datetime.datetime(2018, 2, 17, 0, 0), 'date_tagged': datetime.datetime(2018, 6, 17, 0, 0), 'tagged_by_company': 'natural', 'tagged_by_crew': 1, 'init_detect_by': 'natural', 'init_detect_date': datetime.datetime(2018, 6, 17, 0, 0), 'requires_shutdown': False, 'date_repaired': datetime.datetime(2018, 6, 17, 16, 0), 'repair_delay': 0, 'OGI_sp_covered': 1}, {'leak_ID': 'ABRAND00350_0000000001', 'facility_ID': 'ABRAND00350', 'equipment_group': 1, 'rate': 0.029784930672198756, 'lat': 53.2, 'lon': -116.16, 'status': 'repaired', 'days_active': 120, 'days_active_prog_start': 0, 'tagged': True, 'component': 'unknown', 'date_began': datetime.datetime(2018, 12, 13, 0, 0), 'date_tagged': datetime.datetime(2019, 4, 12, 0, 0), 'tagged_by_company': 'natural', 'tagged_by_crew': 1, 'init_detect_by': 'natural', 'init_detect_date': datetime.datetime(2019, 4, 12, 0, 0), 'requires_shutdown': False, 'date_repaired': datetime.datetime(2019, 4, 12, 16, 0), 'repair_delay': 0, 'OGI_sp_covered': 0}, {'leak_ID': 'ABRAND00350_0000000002', 'facility_ID': 'ABRAND00350', 'equipment_group': 2, 'rate': 0.04484515025803863, 'lat': 53.2, 'lon': -116.16, 'status': 'repaired', 'days_active': 36, 'days_active_prog_start': 0, 'tagged': True, 'component': 'unknown', 'date_began': datetime.datetime(2019, 7, 6, 0, 0), 'date_tagged': datetime.datetime(2019, 7, 26, 10, 30), 'tagged_by_company': 'OGI', 'tagged_by_crew': 2, 'init_detect_by': 'OGI', 'init_detect_date': datetime.datetime(2019, 7, 26, 10, 30), 'requires_shutdown': False, 'date_repaired': datetime.datetime(2019, 8, 11, 16, 0), 'repair_delay': 16, 'OGI_sp_covered': 1}, {'leak_ID': 'ABRAND00350_0000000003', 'facility_ID': 'ABRAND00350', 'equipment_group': 1, 'rate': 0.008928916943558936, 'lat': 53.2, 'lon': -116.16, 'status': 'repaired', 'days_active': 120, 'days_active_prog_start': 0, 'tagged': True, 'component': 'unknown', 'date_began': datetime.datetime(2020, 3, 20, 0, 0), 'date_tagged': datetime.datetime(2020, 7, 18, 0, 0), 'tagged_by_company': 'natural', 'tagged_by_crew': 1, 'init_detect_by': 'natural', 'init_detect_date': datetime.datetime(2020, 7, 18, 0, 0), 'requires_shutdown': False, 'date_repaired': datetime.datetime(2020, 7, 18, 16, 0), 'repair_delay': 0, 'OGI_sp_covered': 1}, {'leak_ID': 'ABRAND00350_0000000004', 'facility_ID': 'ABRAND00350', 'equipment_group': 2, 'rate': 0.007939381494074622, 'lat': 53.2, 'lon': -116.16, 'status': 'repaired', 'days_active': 120, 'days_active_prog_start': 0, 'tagged': True, 'component': 'unknown', 'date_began': datetime.datetime(2020, 6, 2, 0, 0), 'date_tagged': datetime.datetime(2020, 9, 30, 0, 0), 'tagged_by_company': 'natural', 'tagged_by_crew': 1, 'init_detect_by': 'natural', 'init_detect_date': datetime.datetime(2020, 9, 30, 0, 0), 'requires_shutdown': False, 'date_repaired': datetime.datetime(2020, 9, 30, 16, 0), 'repair_delay': 0, 'OGI_sp_covered': 1}, {'leak_ID': 'ABRAND00350_0000000005', 'facility_ID': 'ABRAND00350', 'equipment_group': 2, 'rate': 0.006289695367877401, 'lat': 53.2, 'lon': -116.16, 'status': 'repaired', 'days_active': 120, 'days_active_prog_start': 0, 'tagged': True, 'component': 'unknown', 'date_began': datetime.datetime(2021, 4, 3, 0, 0), 'date_tagged': datetime.datetime(2021, 8, 1, 0, 0), 'tagged_by_company': 'natural', 'tagged_by_crew': 1, 'init_detect_by': 'natural', 'init_detect_date': datetime.datetime(2021, 8, 1, 0, 0), 'requires_shutdown': False, 'date_repaired': datetime.datetime(2021, 8, 1, 16, 0), 'repair_delay': 0, 'OGI_sp_covered': 0}]",[],0,False,,,,2,4,38,30,False,6,8,0,6,0.0,809.7642618721103,0.47695390781563124,0.7767744456466692,0.4437064448614303
ABRAND00164,351,54.52,-119.01,5,6,2,2,2,120,1,30,20,120,1,lognorm,0.062287158377333125,[1.462],"['kilogram', 'hour']",<scipy.stats._distn_infrastructure.rv_frozen object at 0x000002073C01D1C8>,0,6,60,721.1071199359726,"[{'leak_ID': 'ABRAND00164_0000000004', 'facility_ID': 'ABRAND00164', 'equipment_group': 4, 'rate': 0.005168193995875733, 'lat': 54.52, 'lon': -119.01, 'status': 'active', 'days_active': 45, 'days_active_prog_start': 0, 'tagged': False, 'component': 'unknown', 'date_began': datetime.datetime(2021, 11, 15, 0, 0), 'date_tagged': None, 'tagged_by_company': None, 'tagged_by_crew': None, 'init_detect_by': None, 'init_detect_date': None, 'requires_shutdown': False, 'date_repaired': None, 'repair_delay': None, 'OGI_sp_covered': 1}, {'leak_ID': 'ABRAND00164_0000000005', 'facility_ID': 'ABRAND00164', 'equipment_group': 4, 'rate': 0.01065992674674364, 'lat': 54.52, 'lon': -119.01, 'status': 'active', 'days_active': 5, 'days_active_prog_start': 0, 'tagged': False, 'component': 'unknown', 'date_began': datetime.datetime(2021, 12, 25, 0, 0), 'date_tagged': None, 'tagged_by_company': None, 'tagged_by_crew': None, 'init_detect_by': None, 'init_detect_date': None, 'requires_shutdown': False, 'date_repaired': None, 'repair_delay': None}]","[{'leak_ID': 'ABRAND00164_0000000000', 'facility_ID': 'ABRAND00164', 'equipment_group': 1, 'rate': 0.011842035314732645, 'lat': 54.52, 'lon': -119.01, 'status': 'repaired', 'days_active': 120, 'days_active_prog_start': 0, 'tagged': True, 'component': 'unknown', 'date_began': datetime.datetime(2017, 12, 16, 0, 0), 'date_tagged': datetime.datetime(2018, 4, 15, 0, 0), 'tagged_by_company': 'natural', 'tagged_by_crew': 1, 'init_detect_by': 'natural', 'init_detect_date': datetime.datetime(2018, 4, 15, 0, 0), 'requires_shutdown': False, 'date_repaired': datetime.datetime(2018, 4, 15, 16, 0), 'repair_delay': 0, 'OGI_sp_covered': 1}, {'leak_ID': 'ABRAND00164_0000000001', 'facility_ID': 'ABRAND00164', 'equipment_group': 4, 'rate': 0.003276617916134745, 'lat': 54.52, 'lon': -119.01, 'status': 'repaired', 'days_active': 120, 'days_active_prog_start': 0, 'tagged': True, 'component': 'unknown', 'date_began': datetime.datetime(2019, 3, 8, 0, 0), 'date_tagged': datetime.datetime(2019, 7, 6, 0, 0), 'tagged_by_company': 'natural', 'tagged_by_crew': 1, 'init_detect_by': 'natural', 'init_detect_date': datetime.datetime(2019, 7, 6, 0, 0), 'requires_shutdown': False, 'date_repaired': datetime.datetime(2019, 7, 6, 16, 0), 'repair_delay': 0, 'OGI_sp_covered': 1}, {'leak_ID': 'ABRAND00164_0000000002', 'facility_ID': 'ABRAND00164', 'equipment_group': 3, 'rate': 0.09656356381150139, 'lat': 54.52, 'lon': -119.01, 'status': 'repaired', 'days_active': 23, 'days_active_prog_start': 0, 'tagged': True, 'component': 'unknown', 'date_began': datetime.datetime(2020, 3, 20, 0, 0), 'date_tagged': datetime.datetime(2020, 3, 27, 10, 30), 'tagged_by_company': 'OGI', 'tagged_by_crew': 3, 'init_detect_by': 'OGI', 'init_detect_date': datetime.datetime(2020, 3, 27, 10, 30), 'requires_shutdown': False, 'date_repaired': datetime.datetime(2020, 4, 12, 16, 0), 'repair_delay': 16, 'OGI_sp_covered': 1}, {'leak_ID': 'ABRAND00164_0000000003', 'facility_ID': 'ABRAND00164', 'equipment_group': 4, 'rate': 0.033542320854703475, 'lat': 54.52, 'lon': -119.01, 'status': 'repaired', 'days_active': 120, 'days_active_prog_start': 0, 'tagged': True, 'component': 'unknown', 'date_began': datetime.datetime(2020, 6, 20, 0, 0), 'date_tagged': datetime.datetime(2020, 10, 18, 0, 0), 'tagged_by_company': 'natural', 'tagged_by_crew': 1, 'init_detect_by': 'natural', 'init_detect_date': datetime.datetime(2020, 10, 18, 0, 0), 'requires_shutdown': False, 'date_repaired': datetime.datetime(2020, 10, 18, 16, 0), 'repair_delay': 0, 'OGI_sp_covered': 1}]",[],0,False,,,,2,4,38,30,False,6,6,2,4,24.699026610558104,696.4080933254145,0.4789579158316633,0.7782903952759861,0.3951271890060124
ABRAND00795,351,52.54,-114.52,2,6,2,2,2,120,1,30,20,120,1,lognorm,0.062287158377333125,[1.462],"['kilogram', 'hour']",<scipy.stats._distn_infrastructure.rv_frozen object at 0x000002073C01D1C8>,1,7,60,735.7752357390871,"[{'leak_ID': 'ABRAND00795_0000000006', 'facility_ID': 'ABRAND00795', 'equipment_group': 1, 'rate': 0.0012869719853959565, 'lat': 52.54, 'lon': -114.52, 'status': 'active', 'days_active': 16, 'days_active_prog_start': 0, 'tagged': False, 'component': 'unknown', 'date_began': datetime.datetime(2021, 12, 14, 0, 0), 'date_tagged': None, 'tagged_by_company': None, 'tagged_by_crew': None, 'init_detect_by': None, 'init_detect_date': None, 'requires_shutdown': False, 'date_repaired': None, 'repair_delay': None}]","[{'leak_ID': 'ABRAND00795_0000000001', 'facility_ID': 'ABRAND00795', 'equipment_group': 2, 'rate': 0.0020044873754598686, 'lat': 52.54, 'lon': -114.52, 'status': 'repaired', 'days_active': 120, 'days_active_prog_start': 87, 'tagged': True, 'component': 'unknown', 'date_began': datetime.datetime(2016, 10, 6, 0, 0), 'date_tagged': datetime.datetime(2017, 2, 2, 0, 0), 'tagged_by_company': 'natural', 'tagged_by_crew': 1, 'init_detect_by': 'natural', 'init_detect_date': datetime.datetime(2017, 2, 2, 0, 0), 'requires_shutdown': False, 'date_repaired': datetime.datetime(2017, 2, 2, 16, 0), 'repair_delay': 0, 'OGI_sp_covered': 0}, {'leak_ID': 'ABRAND00795_0000000001', 'facility_ID': 'ABRAND00795', 'equipment_group': 1, 'rate': 0.03961040896533835, 'lat': 52.54, 'lon': -114.52, 'status': 'repaired', 'days_active': 31, 'days_active_prog_start': 0, 'tagged': True, 'component': 'unknown', 'date_began': datetime.datetime(2018, 3, 13, 0, 0), 'date_tagged': datetime.datetime(2018, 3, 28, 13, 0), 'tagged_by_company': 'OGI', 'tagged_by_crew': 1, 'init_detect_by': 'OGI', 'init_detect_date': datetime.datetime(2018, 3, 28, 13, 0), 'requires_shutdown': False, 'date_repaired': datetime.datetime(2018, 4, 13, 16, 0), 'repair_delay': 16, 'OGI_sp_covered': 1}, {'leak_ID': 'ABRAND00795_0000000002', 'facility_ID': 'ABRAND00795', 'equipment_group': 1, 'rate': 0.02811580436857275, 'lat': 52.54, 'lon': -114.52, 'status': 'repaired', 'days_active': 120, 'days_active_prog_start': 0, 'tagged': True, 'component': 'unknown', 'date_began': datetime.datetime(2018, 8, 4, 0, 0), 'date_tagged': datetime.datetime(2018, 12, 2, 0, 0), 'tagged_by_company': 'natural', 'tagged_by_crew': 1, 'init_detect_by': 'natural', 'init_detect_date': datetime.datetime(2018, 12, 2, 0, 0), 'requires_shutdown': False, 'date_repaired': datetime.datetime(2018, 12, 2, 16, 0), 'repair_delay': 0, 'OGI_sp_covered': 1}, {'leak_ID': 'ABRAND00795_0000000003', 'facility_ID': 'ABRAND00795', 'equipment_group': 1, 'rate': 0.004329945192384257, 'lat': 52.54, 'lon': -114.52, 'status': 'repaired', 'days_active': 120, 'days_active_prog_start': 0, 'tagged': True, 'component': 'unknown', 'date_began': datetime.datetime(2019, 6, 22, 0, 0), 'date_tagged': datetime.datetime(2019, 10, 20, 0, 0), 'tagged_by_company': 'natural', 'tagged_by_crew': 1, 'init_detect_by': 'natural', 'init_detect_date': datetime.datetime(2019, 10, 20, 0, 0), 'requires_shutdown': False, 'date_repaired': datetime.datetime(2019, 10, 20, 16, 0), 'repair_delay': 0, 'OGI_sp_covered': 1}, {'leak_ID': 'ABRAND00795_0000000004', 'facility_ID': 'ABRAND00795', 'equipment_group': 1, 'rate': 0.017983291664840206, 'lat': 52.54, 'lon': -114.52, 'status': 'repaired', 'days_active': 120, 'days_active_prog_start': 0, 'tagged': True, 'component': 'unknown', 'date_began': datetime.datetime(2019, 11, 10, 0, 0), 'date_tagged': datetime.datetime(2020, 3, 9, 0, 0), 'tagged_by_company': 'natural', 'tagged_by_crew': 1, 'init_detect_by': 'natural', 'init_detect_date': datetime.datetime(2020, 3, 9, 0, 0), 'requires_shutdown': False, 'date_repaired': datetime.datetime(2020, 3, 9, 16, 0), 'repair_delay': 0, 'OGI_sp_covered': 1}, {'leak_ID': 'ABRAND00795_0000000005', 'facility_ID': 'ABRAND00795', 'equipment_group': 2, 'rate': 0.009581415167798679, 'lat': 52.54, 'lon': -114.52, 'status': 'repaired', 'days_active': 120, 'days_active_prog_start': 0, 'tagged': True, 'component': 'unknown', 'date_began': datetime.datetime(2021, 8, 15, 0, 0), 'date_tagged': datetime.datetime(2021, 12, 13, 0, 0), 'tagged_by_company': 'natural', 'tagged_by_crew': 1, 'init_detect_by': 'natural', 'init_detect_date': datetime.datetime(2021, 12, 13, 0, 0), 'requires_shutdown': False, 'date_repaired': datetime.datetime(2021, 12, 13, 16, 0), 'repair_delay': 0, 'OGI_sp_covered': 1}]",[],1,False,,,,3,4,38,30,False,6,7,1,6,1.7791100726113704,733.9961256664757,0.48096192384769537,0.7797852785215044,0.4031645127337463
ABRAND00335,351,53.25,-116.23,5,6,2,2,2,120,1,30,20,120,1,lognorm,0.062287158377333125,[1.462],"['kilogram', 'hour']",<scipy.stats._distn_infrastructure.rv_frozen object at 0x000002073C01D1C8>,0,7,60,1619.9306701269659,[],"[{'leak_ID': 'ABRAND00335_0000000000', 'facility_ID': 'ABRAND00335', 'equipment_group': 5, 'rate': 0.006612291425527665, 'lat': 53.25, 'lon': -116.23, 'status': 'repaired', 'days_active': 120, 'days_active_prog_start': 0, 'tagged': True, 'component': 'unknown', 'date_began': datetime.datetime(2017, 1, 18, 0, 0), 'date_tagged': datetime.datetime(2017, 5, 18, 0, 0), 'tagged_by_company': 'natural', 'tagged_by_crew': 1, 'init_detect_by': 'natural', 'init_detect_date': datetime.datetime(2017, 5, 18, 0, 0), 'requires_shutdown': False, 'date_repaired': datetime.datetime(2017, 5, 18, 16, 0), 'repair_delay': 0, 'OGI_sp_covered': 1}, {'leak_ID': 'ABRAND00335_0000000001', 'facility_ID': 'ABRAND00335', 'equipment_group': 3, 'rate': 0.11444491486433546, 'lat': 53.25, 'lon': -116.23, 'status': 'repaired', 'days_active': 68, 'days_active_prog_start': 0, 'tagged': True, 'component': 'unknown', 'date_began': datetime.datetime(2019, 2, 4, 0, 0), 'date_tagged': datetime.datetime(2019, 3, 28, 13, 0), 'tagged_by_company': 'OGI', 'tagged_by_crew': 2, 'init_detect_by': 'OGI', 'init_detect_date': datetime.datetime(2019, 3, 28, 13, 0), 'requires_shutdown': False, 'date_repaired': datetime.datetime(2019, 4, 13, 16, 0), 'repair_delay': 16, 'OGI_sp_covered': 1}, {'leak_ID': 'ABRAND00335_0000000002', 'facility_ID': 'ABRAND00335', 'equipment_group': 3, 'rate': 0.005912907368831991, 'lat': 53.25, 'lon': -116.23, 'status': 'repaired', 'days_active': 120, 'days_active_prog_start': 0, 'tagged': True, 'component': 'unknown', 'date_began': datetime.datetime(2019, 9, 17, 0, 0), 'date_tagged': datetime.datetime(2020, 1, 15, 0, 0), 'tagged_by_company': 'natural', 'tagged_by_crew': 1, 'init_detect_by': 'natural', 'init_detect_date': datetime.datetime(2020, 1, 15, 0, 0), 'requires_shutdown': False, 'date_repaired': datetime.datetime(2020, 1, 15, 16, 0), 'repair_delay': 0, 'OGI_sp_covered': 1}, {'leak_ID': 'ABRAND00335_0000000004', 'facility_ID': 'ABRAND00335', 'equipment_group': 2, 'rate': 0.13946125329852507, 'lat': 53.25, 'lon': -116.23, 'status': 'repaired', 'days_active': 21, 'days_active_prog_start': 0, 'tagged': True, 'component': 'unknown', 'date_began': datetime.datetime(2020, 7, 20, 0, 0), 'date_tagged': datetime.datetime(2020, 7, 25, 13, 0), 'tagged_by_company': 'OGI', 'tagged_by_crew': 2, 'init_detect_by': 'OGI', 'init_detect_date': datetime.datetime(2020, 7, 25, 13, 0), 'requires_shutdown': False, 'date_repaired': datetime.datetime(2020, 8, 10, 16, 0), 'repair_delay': 16, 'OGI_sp_covered': 1}, {'leak_ID': 'ABRAND00335_0000000003', 'facility_ID': 'ABRAND00335', 'equipment_group': 5, 'rate': 0.00689427462003459, 'lat': 53.25, 'lon': -116.23, 'status': 'repaired', 'days_active': 120, 'days_active_prog_start': 0, 'tagged': True, 'component': 'unknown', 'date_began': datetime.datetime(2020, 5, 30, 0, 0), 'date_tagged': datetime.datetime(2020, 9, 27, 0, 0), 'tagged_by_company': 'natural', 'tagged_by_crew': 1, 'init_detect_by': 'natural', 'init_detect_date': datetime.datetime(2020, 9, 27, 0, 0), 'requires_shutdown': False, 'date_repaired': datetime.datetime(2020, 9, 27, 16, 0), 'repair_delay': 0, 'OGI_sp_covered': 1}, {'leak_ID': 'ABRAND00335_0000000005', 'facility_ID': 'ABRAND00335', 'equipment_group': 1, 'rate': 0.0929868838178702, 'lat': 53.25, 'lon': -116.23, 'status': 'repaired', 'days_active': 50, 'days_active_prog_start': 0, 'tagged': True, 'component': 'unknown', 'date_began': datetime.datetime(2021, 2, 22, 0, 0), 'date_tagged': datetime.datetime(2021, 3, 28, 13, 0), 'tagged_by_company': 'OGI', 'tagged_by_crew': 2, 'init_detect_by': 'OGI', 'init_detect_date': datetime.datetime(2021, 3, 28, 13, 0), 'requires_shutdown': False, 'date_repaired': datetime.datetime(2021, 4, 13, 16, 0), 'repair_delay': 16, 'OGI_sp_covered': 1}, {'leak_ID': 'ABRAND00335_0000000006', 'facility_ID': 'ABRAND00335', 'equipment_group': 1, 'rate': 0.008821467002077487, 'lat': 53.25, 'lon': -116.23, 'status': 'repaired', 'days_active': 120, 'days_active_prog_start': 0, 'tagged': True, 'component': 'unknown', 'date_began': datetime.datetime(2021, 4, 3, 0, 0), 'date_tagged': datetime.datetime(2021, 8, 1, 0, 0), 'tagged_by_company': 'natural', 'tagged_by_crew': 1, 'init_detect_by': 'natural', 'init_detect_date': datetime.datetime(2021, 8, 1, 0, 0), 'requires_shutdown': False, 'date_repaired': datetime.datetime(2021, 8, 1, 16, 0), 'repair_delay': 0, 'OGI_sp_covered': 1}]",[],0,False,,,,2,4,38,30,False,6,7,0,7,0.0,1619.9306701269659,0.48296593186372744,0.7812794641492227,0.8876332439051868
ABRAND00292,322,53.97,-117.25,5,6,2,2,2,120,1,30,20,120,1,lognorm,0.062287158377333125,[1.462],"['kilogram', 'hour']",<scipy.stats._distn_infrastructure.rv_frozen object at 0x000002073C01D1C8>,0,4,60,733.8331221069776,[],"[{'leak_ID': 'ABRAND00292_0000000000', 'facility_ID': 'ABRAND00292', 'equipment_group': 4, 'rate': 0.022399347883423015, 'lat': 53.97, 'lon': -117.25, 'status': 'repaired', 'days_active': 120, 'days_active_prog_start': 0, 'tagged': True, 'component': 'unknown', 'date_began': datetime.datetime(2018, 3, 8, 0, 0), 'date_tagged': datetime.datetime(2018, 7, 6, 0, 0), 'tagged_by_company': 'natural', 'tagged_by_crew': 1, 'init_detect_by': 'natural', 'init_detect_date': datetime.datetime(2018, 7, 6, 0, 0), 'requires_shutdown': False, 'date_repaired': datetime.datetime(2018, 7, 6, 16, 0), 'repair_delay': 0, 'OGI_sp_covered': 1}, {'leak_ID': 'ABRAND00292_0000000001', 'facility_ID': 'ABRAND00292', 'equipment_group': 4, 'rate': 0.017645092903264752, 'lat': 53.97, 'lon': -117.25, 'status': 'repaired', 'days_active': 120, 'days_active_prog_start': 0, 'tagged': True, 'component': 'unknown', 'date_began': datetime.datetime(2018, 5, 1, 0, 0), 'date_tagged': datetime.datetime(2018, 8, 29, 0, 0), 'tagged_by_company': 'natural', 'tagged_by_crew': 1, 'init_detect_by': 'natural', 'init_detect_date': datetime.datetime(2018, 8, 29, 0, 0), 'requires_shutdown': False, 'date_repaired': datetime.datetime(2018, 8, 29, 0, 0), 'repair_delay': 0, 'OGI_sp_covered': 1}, {'leak_ID': 'ABRAND00292_0000000003', 'facility_ID': 'ABRAND00292', 'equipment_group': 2, 'rate': 0.06906135606364756, 'lat': 53.97, 'lon': -117.25, 'status': 'repaired', 'days_active': 24, 'days_active_prog_start': 0, 'tagged': True, 'component': 'unknown', 'date_began': datetime.datetime(2019, 7, 18, 0, 0), 'date_tagged': datetime.datetime(2019, 7, 26, 13, 0), 'tagged_by_company': 'OGI', 'tagged_by_crew': 3, 'init_detect_by': 'OGI', 'init_detect_date': datetime.datetime(2019, 7, 26, 13, 0), 'requires_shutdown': False, 'date_repaired': datetime.datetime(2019, 8, 11, 16, 0), 'repair_delay': 16, 'OGI_sp_covered': 1}, {'leak_ID': 'ABRAND00292_0000000002', 'facility_ID': 'ABRAND00292', 'equipment_group': 2, 'rate': 0.016921945611209414, 'lat': 53.97, 'lon': -117.25, 'status': 'repaired', 'days_active': 120, 'days_active_prog_start': 0, 'tagged': True, 'component': 'unknown', 'date_began': datetime.datetime(2019, 6, 17, 0, 0), 'date_tagged': datetime.datetime(2019, 10, 15, 0, 0), 'tagged_by_company': 'natural', 'tagged_by_crew': 1, 'init_detect_by': 'natural', 'init_detect_date': datetime.datetime(2019, 10, 15, 0, 0), 'requires_shutdown': False, 'date_repaired': datetime.datetime(2019, 10, 15, 16, 0), 'repair_delay': 0, 'OGI_sp_covered': 1}]",[],0,False,,,,2,4,38,30,False,6,4,0,4,0.0,733.8331221069776,0.4849699398797595,0.7827677082937675,0.4021003408805357
ABRAND00536,351,53.7,-115.6,2,6,2,2,2,120,1,30,20,120,1,lognorm,0.062287158377333125,[1.462],"['kilogram', 'hour']",<scipy.stats._distn_infrastructure.rv_frozen object at 0x000002073C01D1C8>,1,2,60,321.58885288135355,[],"[{'leak_ID': 'ABRAND00536_0000000001', 'facility_ID': 'ABRAND00536', 'equipment_group': 2, 'rate': 0.014494324332681408, 'lat': 53.7, 'lon': -115.6, 'status': 'repaired', 'days_active': 120, 'days_active_prog_start': 54, 'tagged': True, 'component': 'unknown', 'date_began': datetime.datetime(2016, 11, 8, 0, 0), 'date_tagged': datetime.datetime(2017, 3, 7, 0, 0), 'tagged_by_company': 'natural', 'tagged_by_crew': 1, 'init_detect_by': 'natural', 'init_detect_date': datetime.datetime(2017, 3, 7, 0, 0), 'requires_shutdown': False, 'date_repaired': datetime.datetime(2017, 3, 7, 16, 0), 'repair_delay': 0, 'OGI_sp_covered': 0}, {'leak_ID': 'ABRAND00536_0000000001', 'facility_ID': 'ABRAND00536', 'equipment_group': 2, 'rate': 0.023045564989069352, 'lat': 53.7, 'lon': -115.6, 'status': 'repaired', 'days_active': 120, 'days_active_prog_start': 0, 'tagged': True, 'component': 'unknown', 'date_began': datetime.datetime(2018, 5, 9, 0, 0), 'date_tagged': datetime.datetime(2018, 9, 6, 0, 0), 'tagged_by_company': 'natural', 'tagged_by_crew': 1, 'init_detect_by': 'natural', 'init_detect_date': datetime.datetime(2018, 9, 6, 0, 0), 'requires_shutdown': False, 'date_repaired': datetime.datetime(2018, 9, 6, 16, 0), 'repair_delay': 0, 'OGI_sp_covered': 1}]",[],1,False,,,,2,4,37,30,False,6,2,0,2,0.0,321.58885288135355,0.48697394789579157,0.784251264349471,0.17621307007197454
ABRAND00215,601,54.36,-118.7,1,6,2,2,2,120,1,30,20,120,1,lognorm,0.062287158377333125,[1.462],"['kilogram', 'hour']",<scipy.stats._distn_infrastructure.rv_frozen object at 0x000002073C01D1C8>,0,4,60,1343.2200341017087,[],"[{'leak_ID': 'ABRAND00215_0000000000', 'facility_ID': 'ABRAND00215', 'equipment_group': 1, 'rate': 0.0005406542455319693, 'lat': 54.36, 'lon': -118.7, 'status': 'repaired', 'days_active': 120, 'days_active_prog_start': 0, 'tagged': True, 'component': 'unknown', 'date_began': datetime.datetime(2017, 4, 8, 0, 0), 'date_tagged': datetime.datetime(2017, 8, 6, 0, 0), 'tagged_by_company': 'natural', 'tagged_by_crew': 1, 'init_detect_by': 'natural', 'init_detect_date': datetime.datetime(2017, 8, 6, 0, 0), 'requires_shutdown': False, 'date_repaired': datetime.datetime(2017, 8, 6, 16, 0), 'repair_delay': 0, 'OGI_sp_covered': 1}, {'leak_ID': 'ABRAND00215_0000000001', 'facility_ID': 'ABRAND00215', 'equipment_group': 1, 'rate': 0.17835231254597433, 'lat': 54.36, 'lon': -118.7, 'status': 'repaired', 'days_active': 68, 'days_active_prog_start': 0, 'tagged': True, 'component': 'unknown', 'date_began': datetime.datetime(2018, 2, 5, 0, 0), 'date_tagged': datetime.datetime(2018, 3, 29, 8, 0), 'tagged_by_company': 'OGI', 'tagged_by_crew': 2, 'init_detect_by': 'OGI', 'init_detect_date': datetime.datetime(2018, 3, 29, 8, 0), 'requires_shutdown': False, 'date_repaired': datetime.datetime(2018, 4, 14, 16, 0), 'repair_delay': 16, 'OGI_sp_covered': 1}, {'leak_ID': 'ABRAND00215_0000000002', 'facility_ID': 'ABRAND00215', 'equipment_group': 1, 'rate': 0.02673088938353212, 'lat': 54.36, 'lon': -118.7, 'status': 'repaired', 'days_active': 120, 'days_active_prog_start': 0, 'tagged': True, 'component': 'unknown', 'date_began': datetime.datetime(2018, 4, 4, 0, 0), 'date_tagged': datetime.datetime(2018, 8, 2, 0, 0), 'tagged_by_company': 'natural', 'tagged_by_crew': 1, 'init_detect_by': 'natural', 'init_detect_date': datetime.datetime(2018, 8, 2, 0, 0), 'requires_shutdown': False, 'date_repaired': datetime.datetime(2018, 8, 2, 16, 0), 'repair_delay': 0, 'OGI_sp_covered': 1}, {'leak_ID': 'ABRAND00215_0000000003', 'facility_ID': 'ABRAND00215', 'equipment_group': 1, 'rate': 0.0012165473654961142, 'lat': 54.36, 'lon': -118.7, 'status': 'repaired', 'days_active': 120, 'days_active_prog_start': 0, 'tagged': True, 'component': 'unknown', 'date_began': datetime.datetime(2020, 1, 30, 0, 0), 'date_tagged': datetime.datetime(2020, 5, 29, 0, 0), 'tagged_by_company': 'natural', 'tagged_by_crew': 1, 'init_detect_by': 'natural', 'init_detect_date': datetime.datetime(2020, 5, 29, 0, 0), 'requires_shutdown': False, 'date_repaired': datetime.datetime(2020, 5, 29, 16, 0), 'repair_delay': 0, 'OGI_sp_covered': 0}]",[],0,False,,,,2,4,37,30,False,6,4,0,4,0.0,1343.2200341017087,0.48897795591182364,0.7857317367828485,0.7360109775899774
ABRAND00276,361,54.23,-117.52,2,6,2,2,2,120,1,30,20,120,1,lognorm,0.062287158377333125,[1.462],"['kilogram', 'hour']",<scipy.stats._distn_infrastructure.rv_frozen object at 0x000002073C01D1C8>,0,2,60,299.27064134823297,[],"[{'leak_ID': 'ABRAND00276_0000000000', 'facility_ID': 'ABRAND00276', 'equipment_group': 1, 'rate': 0.02443163646563358, 'lat': 54.23, 'lon': -117.52, 'status': 'repaired', 'days_active': 120, 'days_active_prog_start': 0, 'tagged': True, 'component': 'unknown', 'date_began': datetime.datetime(2018, 10, 21, 0, 0), 'date_tagged': datetime.datetime(2019, 2, 18, 0, 0), 'tagged_by_company': 'natural', 'tagged_by_crew': 1, 'init_detect_by': 'natural', 'init_detect_date': datetime.datetime(2019, 2, 18, 0, 0), 'requires_shutdown': False, 'date_repaired': datetime.datetime(2019, 2, 18, 16, 0), 'repair_delay': 0, 'OGI_sp_covered': 1}, {'leak_ID': 'ABRAND00276_0000000001', 'facility_ID': 'ABRAND00276', 'equipment_group': 1, 'rate': 0.004433201627367282, 'lat': 54.23, 'lon': -117.52, 'status': 'repaired', 'days_active': 120, 'days_active_prog_start': 0, 'tagged': True, 'component': 'unknown', 'date_began': datetime.datetime(2021, 8, 1, 0, 0), 'date_tagged': datetime.datetime(2021, 11, 29, 0, 0), 'tagged_by_company': 'natural', 'tagged_by_crew': 1, 'init_detect_by': 'natural', 'init_detect_date': datetime.datetime(2021, 11, 29, 0, 0), 'requires_shutdown': False, 'date_repaired': datetime.datetime(2021, 11, 29, 16, 0), 'repair_delay': 0, 'OGI_sp_covered': 1}]",[],0,False,,,,2,4,37,30,False,6,3,0,2,0.0,299.27064134823297,0.4909819639278557,0.7872117521097776,0.1639839130675249
ABRAND01092,601,55.24,-111.44,4,6,2,2,2,120,1,30,20,120,1,lognorm,0.062287158377333125,[1.462],"['kilogram', 'hour']",<scipy.stats._distn_infrastructure.rv_frozen object at 0x000002073C01D1C8>,0,9,60,2012.0932861557178,"[{'leak_ID': 'ABRAND01092_0000000006', 'facility_ID': 'ABRAND01092', 'equipment_group': 1, 'rate': 0.021242690840825987, 'lat': 55.24, 'lon': -111.44, 'status': 'active', 'days_active': 106, 'days_active_prog_start': 0, 'tagged': False, 'component': 'unknown', 'date_began': datetime.datetime(2021, 9, 15, 0, 0), 'date_tagged': None, 'tagged_by_company': None, 'tagged_by_crew': None, 'init_detect_by': None, 'init_detect_date': None, 'requires_shutdown': False, 'date_repaired': None, 'repair_delay': None, 'OGI_sp_covered': 1}, {'leak_ID': 'ABRAND01092_0000000007', 'facility_ID': 'ABRAND01092', 'equipment_group': 3, 'rate': 0.03239801720731914, 'lat': 55.24, 'lon': -111.44, 'status': 'active', 'days_active': 94, 'days_active_prog_start': 0, 'tagged': False, 'component': 'unknown', 'date_began': datetime.datetime(2021, 9, 27, 0, 0), 'date_tagged': None, 'tagged_by_company': None, 'tagged_by_crew': None, 'init_detect_by': None, 'init_detect_date': None, 'requires_shutdown': False, 'date_repaired': None, 'repair_delay': None, 'OGI_sp_covered': 1}, {'leak_ID': 'ABRAND01092_0000000008', 'facility_ID': 'ABRAND01092', 'equipment_group': 1, 'rate': 0.05690817576820322, 'lat': 55.24, 'lon': -111.44, 'status': 'active', 'days_active': 47, 'days_active_prog_start': 0, 'tagged': False, 'component': 'unknown', 'date_began': datetime.datetime(2021, 11, 13, 0, 0), 'date_tagged': None, 'tagged_by_company': None, 'tagged_by_crew': None, 'init_detect_by': None, 'init_detect_date': None, 'requires_shutdown': False, 'date_repaired': None, 'repair_delay': None, 'OGI_sp_covered': 0}]","[{'leak_ID': 'ABRAND01092_0000000000', 'facility_ID': 'ABRAND01092', 'equipment_group': 3, 'rate': 0.06347129542291367, 'lat': 55.24, 'lon': -111.44, 'status': 'repaired', 'days_active': 62, 'days_active_prog_start': 0, 'tagged': True, 'component': 'unknown', 'date_began': datetime.datetime(2017, 2, 11, 0, 0), 'date_tagged': datetime.datetime(2017, 3, 29, 10, 30), 'tagged_by_company': 'OGI', 'tagged_by_crew': 1, 'init_detect_by': 'OGI', 'init_detect_date': datetime.datetime(2017, 3, 29, 10, 30), 'requires_shutdown': False, 'date_repaired': datetime.datetime(2017, 4, 14, 16, 0), 'repair_delay': 16, 'OGI_sp_covered': 1}, {'leak_ID': 'ABRAND01092_0000000001', 'facility_ID': 'ABRAND01092', 'equipment_group': 4, 'rate': 0.03329549807778544, 'lat': 55.24, 'lon': -111.44, 'status': 'repaired', 'days_active': 120, 'days_active_prog_start': 0, 'tagged': True, 'component': 'unknown', 'date_began': datetime.datetime(2017, 2, 19, 0, 0), 'date_tagged': datetime.datetime(2017, 6, 19, 0, 0), 'tagged_by_company': 'natural', 'tagged_by_crew': 1, 'init_detect_by': 'natural', 'init_detect_date': datetime.datetime(2017, 6, 19, 0, 0), 'requires_shutdown': False, 'date_repaired': datetime.datetime(2017, 6, 19, 16, 0), 'repair_delay': 0, 'OGI_sp_covered': 1}, {'leak_ID': 'ABRAND01092_0000000002', 'facility_ID': 'ABRAND01092', 'equipment_group': 4, 'rate': 0.00037724559006955963, 'lat': 55.24, 'lon': -111.44, 'status': 'repaired', 'days_active': 120, 'days_active_prog_start': 0, 'tagged': True, 'component': 'unknown', 'date_began': datetime.datetime(2017, 12, 14, 0, 0), 'date_tagged': datetime.datetime(2018, 4, 13, 0, 0), 'tagged_by_company': 'natural', 'tagged_by_crew': 1, 'init_detect_by': 'natural', 'init_detect_date': datetime.datetime(2018, 4, 13, 0, 0), 'requires_shutdown': False, 'date_repaired': datetime.datetime(2018, 4, 13, 16, 0), 'repair_delay': 0, 'OGI_sp_covered': 1}, {'leak_ID': 'ABRAND01092_0000000003', 'facility_ID': 'ABRAND01092', 'equipment_group': 3, 'rate': 0.07150407132648266, 'lat': 55.24, 'lon': -111.44, 'status': 'repaired', 'days_active': 52, 'days_active_prog_start': 0, 'tagged': True, 'component': 'unknown', 'date_began': datetime.datetime(2019, 2, 21, 0, 0), 'date_tagged': datetime.datetime(2019, 3, 29, 10, 30), 'tagged_by_company': 'OGI', 'tagged_by_crew': 1, 'init_detect_by': 'OGI', 'init_detect_date': datetime.datetime(2019, 3, 29, 10, 30), 'requires_shutdown': False, 'date_repaired': datetime.datetime(2019, 4, 14, 16, 0), 'repair_delay': 16, 'OGI_sp_covered': 1}, {'leak_ID': 'ABRAND01092_0000000004', 'facility_ID': 'ABRAND01092', 'equipment_group': 3, 'rate': 0.04577378590397566, 'lat': 55.24, 'lon': -111.44, 'status': 'repaired', 'days_active': 61, 'days_active_prog_start': 0, 'tagged': True, 'component': 'unknown', 'date_began': datetime.datetime(2019, 4, 13, 0, 0), 'date_tagged': datetime.datetime(2019, 5, 28, 10, 30), 'tagged_by_company': 'OGI', 'tagged_by_crew': 1, 'init_detect_by': 'OGI', 'init_detect_date': datetime.datetime(2019, 5, 28, 10, 30), 'requires_shutdown': False, 'date_repaired': datetime.datetime(2019, 6, 13, 16, 0), 'repair_delay': 16, 'OGI_sp_covered': 1}, {'leak_ID': 'ABRAND01092_0000000005', 'facility_ID': 'ABRAND01092', 'equipment_group': 3, 'rate': 0.006916095205911928, 'lat': 55.24, 'lon': -111.44, 'status': 'repaired', 'days_active': 120, 'days_active_prog_start': 0, 'tagged': True, 'component': 'unknown', 'date_began': datetime.datetime(2021, 8, 5, 0, 0), 'date_tagged': datetime.datetime(2021, 12, 3, 0, 0), 'tagged_by_company': 'natural', 'tagged_by_crew': 1, 'init_detect_by': 'natural', 'init_detect_date': datetime.datetime(2021, 12, 3, 0, 0), 'requires_shutdown': False, 'date_repaired': datetime.datetime(2021, 12, 3, 16, 0), 'repair_delay': 0, 'OGI_sp_covered': 1}]",[],0,False,,,,2,4,37,30,False,6,7,3,6,688.7655165071035,1323.3277696486143,0.49298597194388777,0.7886822741712042,1.1025168691264207
ABRAND00641,361,52.42,-115.18,4,6,2,2,2,120,1,30,20,120,1,lognorm,0.062287158377333125,[1.462],"['kilogram', 'hour']",<scipy.stats._distn_infrastructure.rv_frozen object at 0x000002073C01D1C8>,0,4,60,306.8606251161489,[],"[{'leak_ID': 'ABRAND00641_0000000000', 'facility_ID': 'ABRAND00641', 'equipment_group': 3, 'rate': 0.000555615143423497, 'lat': 52.42, 'lon': -115.18, 'status': 'repaired', 'days_active': 120, 'days_active_prog_start': 0, 'tagged': True, 'component': 'unknown', 'date_began': datetime.datetime(2017, 12, 17, 0, 0), 'date_tagged': datetime.datetime(2018, 4, 16, 0, 0), 'tagged_by_company': 'natural', 'tagged_by_crew': 1, 'init_detect_by': 'natural', 'init_detect_date': datetime.datetime(2018, 4, 16, 0, 0), 'requires_shutdown': False, 'date_repaired': datetime.datetime(2018, 4, 16, 16, 0), 'repair_delay': 0, 'OGI_sp_covered': 1}, {'leak_ID': 'ABRAND00641_0000000001', 'facility_ID': 'ABRAND00641', 'equipment_group': 3, 'rate': 0.007987245112719109, 'lat': 52.42, 'lon': -115.18, 'status': 'repaired', 'days_active': 120, 'days_active_prog_start': 0, 'tagged': True, 'component': 'unknown', 'date_began': datetime.datetime(2018, 4, 5, 0, 0), 'date_tagged': datetime.datetime(2018, 8, 3, 0, 0), 'tagged_by_company': 'natural', 'tagged_by_crew': 1, 'init_detect_by': 'natural', 'init_detect_date': datetime.datetime(2018, 8, 3, 0, 0), 'requires_shutdown': False, 'date_repaired': datetime.datetime(2018, 8, 3, 16, 0), 'repair_delay': 0, 'OGI_sp_covered': 1}, {'leak_ID': 'ABRAND00641_0000000002', 'facility_ID': 'ABRAND00641', 'equipment_group': 2, 'rate': 0.004030942287062769, 'lat': 52.42, 'lon': -115.18, 'status': 'repaired', 'days_active': 120, 'days_active_prog_start': 0, 'tagged': True, 'component': 'unknown', 'date_began': datetime.datetime(2018, 5, 9, 0, 0), 'date_tagged': datetime.datetime(2018, 9, 6, 0, 0), 'tagged_by_company': 'natural', 'tagged_by_crew': 1, 'init_detect_by': 'natural', 'init_detect_date': datetime.datetime(2018, 9, 6, 0, 0), 'requires_shutdown': False, 'date_repaired': datetime.datetime(2018, 9, 6, 16, 0), 'repair_delay': 0, 'OGI_sp_covered': 1}, {'leak_ID': 'ABRAND00641_0000000003', 'facility_ID': 'ABRAND00641', 'equipment_group': 2, 'rate': 0.017023094169386147, 'lat': 52.42, 'lon': -115.18, 'status': 'repaired', 'days_active': 120, 'days_active_prog_start': 0, 'tagged': True, 'component': 'unknown', 'date_began': datetime.datetime(2019, 3, 10, 0, 0), 'date_tagged': datetime.datetime(2019, 7, 8, 0, 0), 'tagged_by_company': 'natural', 'tagged_by_crew': 1, 'init_detect_by': 'natural', 'init_detect_date': datetime.datetime(2019, 7, 8, 0, 0), 'requires_shutdown': False, 'date_repaired': datetime.datetime(2019, 7, 8, 16, 0), 'repair_delay': 0, 'OGI_sp_covered': 1}]",[],0,False,,,,3,4,37,30,False,6,6,0,4,0.0,306.8606251161489,0.49498997995991983,0.7901497107715564,0.16814280828282133
ABRAND00410,322,53.04,-115.96,1,6,2,2,2,120,1,30,20,120,1,lognorm,0.062287158377333125,[1.462],"['kilogram', 'hour']",<scipy.stats._distn_infrastructure.rv_frozen object at 0x000002073C01D1C8>,0,3,60,1307.2614858028835,[],"[{'leak_ID': 'ABRAND00410_0000000000', 'facility_ID': 'ABRAND00410', 'equipment_group': 1, 'rate': 0.010352633336001357, 'lat': 53.04, 'lon': -115.96, 'status': 'repaired', 'days_active': 120, 'days_active_prog_start': 0, 'tagged': True, 'component': 'unknown', 'date_began': datetime.datetime(2017, 8, 10, 0, 0), 'date_tagged': datetime.datetime(2017, 12, 8, 0, 0), 'tagged_by_company': 'natural', 'tagged_by_crew': 1, 'init_detect_by': 'natural', 'init_detect_date': datetime.datetime(2017, 12, 8, 0, 0), 'requires_shutdown': False, 'date_repaired': datetime.datetime(2017, 12, 8, 16, 0), 'repair_delay': 0, 'OGI_sp_covered': 1}, {'leak_ID': 'ABRAND00410_0000000001', 'facility_ID': 'ABRAND00410', 'equipment_group': 1, 'rate': 0.02649167485690792, 'lat': 53.04, 'lon': -115.96, 'status': 'repaired', 'days_active': 120, 'days_active_prog_start': 0, 'tagged': True, 'component': 'unknown', 'date_began': datetime.datetime(2017, 9, 22, 0, 0), 'date_tagged': datetime.datetime(2018, 1, 20, 0, 0), 'tagged_by_company': 'natural', 'tagged_by_crew': 1, 'init_detect_by': 'natural', 'init_detect_date': datetime.datetime(2018, 1, 20, 0, 0), 'requires_shutdown': False, 'date_repaired': datetime.datetime(2018, 1, 20, 16, 0), 'repair_delay': 0, 'OGI_sp_covered': 1}, {'leak_ID': 'ABRAND00410_0000000002', 'facility_ID': 'ABRAND00410', 'equipment_group': 1, 'rate': 0.19831526458736284, 'lat': 53.04, 'lon': -115.96, 'status': 'repaired', 'days_active': 54, 'days_active_prog_start': 0, 'tagged': True, 'component': 'unknown', 'date_began': datetime.datetime(2019, 2, 19, 0, 0), 'date_tagged': datetime.datetime(2019, 3, 29, 10, 30), 'tagged_by_company': 'OGI', 'tagged_by_crew': 3, 'init_detect_by': 'OGI', 'init_detect_date': datetime.datetime(2019, 3, 29, 10, 30), 'requires_shutdown': False, 'date_repaired': datetime.datetime(2019, 4, 14, 16, 0), 'repair_delay': 16, 'OGI_sp_covered': 1}]",[],0,False,,,,2,4,37,30,False,6,3,0,3,0.0,1307.2614858028835,0.4969939879759519,0.7916120028228137,0.7163076634536348
ABRAND00315,362,53.18,-116.33,4,6,2,2,2,120,1,30,20,120,1,lognorm,0.062287158377333125,[1.462],"['kilogram', 'hour']",<scipy.stats._distn_infrastructure.rv_frozen object at 0x000002073C01D1C8>,1,6,60,2021.7883442411644,[],"[{'leak_ID': 'ABRAND00315_0000000001', 'facility_ID': 'ABRAND00315', 'equipment_group': 3, 'rate': 0.2442929488438144, 'lat': 53.18, 'lon': -116.33, 'status': 'repaired', 'days_active': 120, 'days_active_prog_start': 86, 'tagged': True, 'component': 'unknown', 'date_began': datetime.datetime(2016, 10, 7, 0, 0), 'date_tagged': datetime.datetime(2017, 2, 3, 0, 0), 'tagged_by_company': 'natural', 'tagged_by_crew': 1, 'init_detect_by': 'OGI', 'init_detect_date': datetime.datetime(2017, 1, 28, 13, 0), 'requires_shutdown': False, 'date_repaired': datetime.datetime(2017, 2, 3, 16, 0), 'repair_delay': 0, 'OGI_sp_covered': 1}, {'leak_ID': 'ABRAND00315_0000000001', 'facility_ID': 'ABRAND00315', 'equipment_group': 3, 'rate': 0.12285293764484569, 'lat': 53.18, 'lon': -116.33, 'status': 'repaired', 'days_active': 32, 'days_active_prog_start': 0, 'tagged': True, 'component': 'unknown', 'date_began': datetime.datetime(2017, 1, 12, 0, 0), 'date_tagged': datetime.datetime(2017, 1, 28, 13, 0), 'tagged_by_company': 'OGI', 'tagged_by_crew': 1, 'init_detect_by': 'OGI', 'init_detect_date': datetime.datetime(2017, 1, 28, 13, 0), 'requires_shutdown': False, 'date_repaired': datetime.datetime(2017, 2, 13, 16, 0), 'repair_delay': 16, 'OGI_sp_covered': 1}, {'leak_ID': 'ABRAND00315_0000000002', 'facility_ID': 'ABRAND00315', 'equipment_group': 1, 'rate': 0.010927663448641356, 'lat': 53.18, 'lon': -116.33, 'status': 'repaired', 'days_active': 120, 'days_active_prog_start': 0, 'tagged': True, 'component': 'unknown', 'date_began': datetime.datetime(2017, 1, 21, 0, 0), 'date_tagged': datetime.datetime(2017, 5, 21, 0, 0), 'tagged_by_company': 'natural', 'tagged_by_crew': 1, 'init_detect_by': 'natural', 'init_detect_date': datetime.datetime(2017, 5, 21, 0, 0), 'requires_shutdown': False, 'date_repaired': datetime.datetime(2017, 5, 21, 16, 0), 'repair_delay': 0, 'OGI_sp_covered': 0}, {'leak_ID': 'ABRAND00315_0000000003', 'facility_ID': 'ABRAND00315', 'equipment_group': 3, 'rate': 0.11039739948692932, 'lat': 53.18, 'lon': -116.33, 'status': 'repaired', 'days_active': 27, 'days_active_prog_start': 0, 'tagged': True, 'component': 'unknown', 'date_began': datetime.datetime(2018, 1, 17, 0, 0), 'date_tagged': datetime.datetime(2018, 1, 28, 13, 0), 'tagged_by_company': 'OGI', 'tagged_by_crew': 1, 'init_detect_by': 'OGI', 'init_detect_date': datetime.datetime(2018, 1, 28, 13, 0), 'requires_shutdown': False, 'date_repaired': datetime.datetime(2018, 2, 13, 16, 0), 'repair_delay': 16, 'OGI_sp_covered': 1}, {'leak_ID': 'ABRAND00315_0000000004', 'facility_ID': 'ABRAND00315', 'equipment_group': 4, 'rate': 0.004815478828468062, 'lat': 53.18, 'lon': -116.33, 'status': 'repaired', 'days_active': 120, 'days_active_prog_start': 0, 'tagged': True, 'component': 'unknown', 'date_began': datetime.datetime(2018, 8, 22, 0, 0), 'date_tagged': datetime.datetime(2018, 12, 20, 0, 0), 'tagged_by_company': 'natural', 'tagged_by_crew': 1, 'init_detect_by': 'natural', 'init_detect_date': datetime.datetime(2018, 12, 20, 0, 0), 'requires_shutdown': False, 'date_repaired': datetime.datetime(2018, 12, 20, 16, 0), 'repair_delay': 0, 'OGI_sp_covered': 1}, {'leak_ID': 'ABRAND00315_0000000005', 'facility_ID': 'ABRAND00315', 'equipment_group': 4, 'rate': 0.07233525211059584, 'lat': 53.18, 'lon': -116.33, 'status': 'repaired', 'days_active': 87, 'days_active_prog_start': 0, 'tagged': True, 'component': 'unknown', 'date_began': datetime.datetime(2020, 11, 18, 0, 0), 'date_tagged': datetime.datetime(2021, 1, 28, 13, 0), 'tagged_by_company': 'OGI', 'tagged_by_crew': 1, 'init_detect_by': 'OGI', 'init_detect_date': datetime.datetime(2021, 1, 28, 13, 0), 'requires_shutdown': False, 'date_repaired': datetime.datetime(2021, 2, 13, 16, 0), 'repair_delay': 16, 'OGI_sp_covered': 1}]",[],1,False,,,,2,4,37,30,False,6,3,0,6,0.0,2021.7883442411644,0.49899799599198397,0.793067862281743,1.107829229721186
ABRAND00938,351,52.81,-114.18,5,6,2,2,2,120,1,30,20,120,1,lognorm,0.062287158377333125,[1.462],"['kilogram', 'hour']",<scipy.stats._distn_infrastructure.rv_frozen object at 0x000002073C01D1C8>,0,8,60,2126.255297528713,[],"[{'leak_ID': 'ABRAND00938_0000000001', 'facility_ID': 'ABRAND00938', 'equipment_group': 1, 'rate': 0.04815119313831562, 'lat': 52.81, 'lon': -114.18, 'status': 'repaired', 'days_active': 68, 'days_active_prog_start': 0, 'tagged': True, 'component': 'unknown', 'date_began': datetime.datetime(2017, 2, 5, 0, 0), 'date_tagged': datetime.datetime(2017, 3, 29, 13, 0), 'tagged_by_company': 'OGI', 'tagged_by_crew': 2, 'init_detect_by': 'OGI', 'init_detect_date': datetime.datetime(2017, 3, 29, 13, 0), 'requires_shutdown': False, 'date_repaired': datetime.datetime(2017, 4, 14, 16, 0), 'repair_delay': 16, 'OGI_sp_covered': 1}, {'leak_ID': 'ABRAND00938_0000000000', 'facility_ID': 'ABRAND00938', 'equipment_group': 3, 'rate': 0.026034191755935736, 'lat': 52.81, 'lon': -114.18, 'status': 'repaired', 'days_active': 120, 'days_active_prog_start': 0, 'tagged': True, 'component': 'unknown', 'date_began': datetime.datetime(2017, 1, 2, 0, 0), 'date_tagged': datetime.datetime(2017, 5, 2, 0, 0), 'tagged_by_company': 'natural', 'tagged_by_crew': 1, 'init_detect_by': 'natural', 'init_detect_date': datetime.datetime(2017, 5, 2, 0, 0), 'requires_shutdown': False, 'date_repaired': datetime.datetime(2017, 5, 2, 16, 0), 'repair_delay': 0, 'OGI_sp_covered': 1}, {'leak_ID': 'ABRAND00938_0000000002', 'facility_ID': 'ABRAND00938', 'equipment_group': 2, 'rate': 0.06561380226349933, 'lat': 52.81, 'lon': -114.18, 'status': 'repaired', 'days_active': 49, 'days_active_prog_start': 0, 'tagged': True, 'component': 'unknown', 'date_began': datetime.datetime(2017, 12, 26, 0, 0), 'date_tagged': datetime.datetime(2018, 1, 28, 13, 0), 'tagged_by_company': 'OGI', 'tagged_by_crew': 2, 'init_detect_by': 'OGI', 'init_detect_date': datetime.datetime(2018, 1, 28, 13, 0), 'requires_shutdown': False, 'date_repaired': datetime.datetime(2018, 2, 13, 16, 0), 'repair_delay': 16, 'OGI_sp_covered': 1}, {'leak_ID': 'ABRAND00938_0000000003', 'facility_ID': 'ABRAND00938', 'equipment_group': 2, 'rate': 0.014574387535871158, 'lat': 52.81, 'lon': -114.18, 'status': 'repaired', 'days_active': 120, 'days_active_prog_start': 0, 'tagged': True, 'component': 'unknown', 'date_began': datetime.datetime(2018, 2, 15, 0, 0), 'date_tagged': datetime.datetime(2018, 6, 15, 0, 0), 'tagged_by_company': 'natural', 'tagged_by_crew': 1, 'init_detect_by': 'natural', 'init_detect_date': datetime.datetime(2018, 6, 15, 0, 0), 'requires_shutdown': False, 'date_repaired': datetime.datetime(2018, 6, 15, 16, 0), 'repair_delay': 0, 'OGI_sp_covered': 0}, {'leak_ID': 'ABRAND00938_0000000004', 'facility_ID': 'ABRAND00938', 'equipment_group': 4, 'rate': 0.006425581871206471, 'lat': 52.81, 'lon': -114.18, 'status': 'repaired', 'days_active': 120, 'days_active_prog_start': 0, 'tagged': True, 'component': 'unknown', 'date_began': datetime.datetime(2018, 9, 14, 0, 0), 'date_tagged': datetime.datetime(2019, 1, 12, 0, 0), 'tagged_by_company': 'natural', 'tagged_by_crew': 1, 'init_detect_by': 'natural', 'init_detect_date': datetime.datetime(2019, 1, 12, 0, 0), 'requires_shutdown': False, 'date_repaired': datetime.datetime(2019, 1, 12, 16, 0), 'repair_delay': 0, 'OGI_sp_covered': 1}, {'leak_ID': 'ABRAND00938_0000000005', 'facility_ID': 'ABRAND00938', 'equipment_group': 3, 'rate': 0.011561954038832952, 'lat': 52.81, 'lon': -114.18, 'status': 'repaired', 'days_active': 120, 'days_active_prog_start': 0, 'tagged': True, 'component': 'unknown', 'date_began': datetime.datetime(2018, 10, 25, 0, 0), 'date_tagged': datetime.datetime(2019, 2, 22, 0, 0), 'tagged_by_company': 'natural', 'tagged_by_crew': 1, 'init_detect_by': 'natural', 'init_detect_date': datetime.datetime(2019, 2, 22, 0, 0), 'requires_shutdown': False, 'date_repaired': datetime.datetime(2019, 2, 22, 16, 0), 'repair_delay': 0, 'OGI_sp_covered': 1}, {'leak_ID': 'ABRAND00938_0000000006', 'facility_ID': 'ABRAND00938', 'equipment_group': 3, 'rate': 0.012793817686595975, 'lat': 52.81, 'lon': -114.18, 'status': 'repaired', 'days_active': 120, 'days_active_prog_start': 0, 'tagged': True, 'component': 'unknown', 'date_began': datetime.datetime(2020, 3, 2, 0, 0), 'date_tagged': datetime.datetime(2020, 6, 30, 0, 0), 'tagged_by_company': 'natural', 'tagged_by_crew': 1, 'init_detect_by': 'natural', 'init_detect_date': datetime.datetime(2020, 6, 30, 0, 0), 'requires_shutdown': False, 'date_repaired': datetime.datetime(2020, 6, 30, 16, 0), 'repair_delay': 0, 'OGI_sp_covered': 1}, {'leak_ID': 'ABRAND00938_0000000007', 'facility_ID': 'ABRAND00938', 'equipment_group': 5, 'rate': 0.0830720602005194, 'lat': 52.81, 'lon': -114.18, 'status': 'repaired', 'days_active': 115, 'days_active_prog_start': 0, 'tagged': True, 'component': 'unknown', 'date_began': datetime.datetime(2021, 8, 17, 0, 0), 'date_tagged': datetime.datetime(2021, 11, 24, 13, 0), 'tagged_by_company': 'OGI', 'tagged_by_crew': 2, 'init_detect_by': 'OGI', 'init_detect_date': datetime.datetime(2021, 11, 24, 13, 0), 'requires_shutdown': False, 'date_repaired': datetime.datetime(2021, 12, 10, 16, 0), 'repair_delay': 16, 'OGI_sp_covered': 1}]",[],0,False,,,,2,4,37,30,False,6,9,0,8,0.0,2126.255297528713,0.501002004008016,0.7945213687354948,1.165071395906144
ABRAND00130,601,54.61,-119.26,1,6,2,2,2,120,1,30,20,120,1,lognorm,0.062287158377333125,[1.462],"['kilogram', 'hour']",<scipy.stats._distn_infrastructure.rv_frozen object at 0x000002073C01D1C8>,0,8,60,1280.7440123942047,[],"[{'leak_ID': 'ABRAND00130_0000000000', 'facility_ID': 'ABRAND00130', 'equipment_group': 1, 'rate': 0.02993977963618178, 'lat': 54.61, 'lon': -119.26, 'status': 'repaired', 'days_active': 120, 'days_active_prog_start': 0, 'tagged': True, 'component': 'unknown', 'date_began': datetime.datetime(2017, 5, 19, 0, 0), 'date_tagged': datetime.datetime(2017, 9, 16, 0, 0), 'tagged_by_company': 'natural', 'tagged_by_crew': 1, 'init_detect_by': 'natural', 'init_detect_date': datetime.datetime(2017, 9, 16, 0, 0), 'requires_shutdown': False, 'date_repaired': datetime.datetime(2017, 9, 16, 16, 0), 'repair_delay': 0, 'OGI_sp_covered': 1}, {'leak_ID': 'ABRAND00130_0000000001', 'facility_ID': 'ABRAND00130', 'equipment_group': 1, 'rate': 0.061367166156578626, 'lat': 54.61, 'lon': -119.26, 'status': 'repaired', 'days_active': 39, 'days_active_prog_start': 0, 'tagged': True, 'component': 'unknown', 'date_began': datetime.datetime(2018, 3, 6, 0, 0), 'date_tagged': datetime.datetime(2018, 3, 29, 13, 0), 'tagged_by_company': 'OGI', 'tagged_by_crew': 3, 'init_detect_by': 'OGI', 'init_detect_date': datetime.datetime(2018, 3, 29, 13, 0), 'requires_shutdown': False, 'date_repaired': datetime.datetime(2018, 4, 14, 16, 0), 'repair_delay': 16, 'OGI_sp_covered': 1}, {'leak_ID': 'ABRAND00130_0000000002', 'facility_ID': 'ABRAND00130', 'equipment_group': 1, 'rate': 0.06301097448237257, 'lat': 54.61, 'lon': -119.26, 'status': 'repaired', 'days_active': 45, 'days_active_prog_start': 0, 'tagged': True, 'component': 'unknown', 'date_began': datetime.datetime(2018, 4, 29, 0, 0), 'date_tagged': datetime.datetime(2018, 5, 28, 13, 0), 'tagged_by_company': 'OGI', 'tagged_by_crew': 3, 'init_detect_by': 'OGI', 'init_detect_date': datetime.datetime(2018, 5, 28, 13, 0), 'requires_shutdown': False, 'date_repaired': datetime.datetime(2018, 6, 13, 16, 0), 'repair_delay': 16, 'OGI_sp_covered': 1}, {'leak_ID': 'ABRAND00130_0000000003', 'facility_ID': 'ABRAND00130', 'equipment_group': 1, 'rate': 0.005909820231713224, 'lat': 54.61, 'lon': -119.26, 'status': 'repaired', 'days_active': 120, 'days_active_prog_start': 0, 'tagged': True, 'component': 'unknown', 'date_began': datetime.datetime(2019, 3, 29, 0, 0), 'date_tagged': datetime.datetime(2019, 7, 27, 0, 0), 'tagged_by_company': 'natural', 'tagged_by_crew': 1, 'init_detect_by': 'natural', 'init_detect_date': datetime.datetime(2019, 7, 27, 0, 0), 'requires_shutdown': False, 'date_repaired': datetime.datetime(2019, 7, 27, 16, 0), 'repair_delay': 0, 'OGI_sp_covered': 1}, {'leak_ID': 'ABRAND00130_0000000005', 'facility_ID': 'ABRAND00130', 'equipment_group': 1, 'rate': 0.08474074075292, 'lat': 54.61, 'lon': -119.26, 'status': 'repaired', 'days_active': 40, 'days_active_prog_start': 0, 'tagged': True, 'component': 'unknown', 'date_began': datetime.datetime(2019, 7, 3, 0, 0), 'date_tagged': datetime.datetime(2019, 7, 27, 13, 0), 'tagged_by_company': 'OGI', 'tagged_by_crew': 3, 'init_detect_by': 'OGI', 'init_detect_date': datetime.datetime(2019, 7, 27, 13, 0), 'requires_shutdown': False, 'date_repaired': datetime.datetime(2019, 8, 12, 16, 0), 'repair_delay': 16, 'OGI_sp_covered': 1}, {'leak_ID': 'ABRAND00130_0000000004', 'facility_ID': 'ABRAND00130', 'equipment_group': 1, 'rate': 0.0053538439360241484, 'lat': 54.61, 'lon': -119.26, 'status': 'repaired', 'days_active': 120, 'days_active_prog_start': 0, 'tagged': True, 'component': 'unknown', 'date_began': datetime.datetime(2019, 6, 26, 0, 0), 'date_tagged': datetime.datetime(2019, 10, 24, 0, 0), 'tagged_by_company': 'natural', 'tagged_by_crew': 1, 'init_detect_by': 'natural', 'init_detect_date': datetime.datetime(2019, 10, 24, 0, 0), 'requires_shutdown': False, 'date_repaired': datetime.datetime(2019, 10, 24, 13, 30), 'repair_delay': 0, 'OGI_sp_covered': 1}, {'leak_ID': 'ABRAND00130_0000000006', 'facility_ID': 'ABRAND00130', 'equipment_group': 1, 'rate': 0.005324574878211681, 'lat': 54.61, 'lon': -119.26, 'status': 'repaired', 'days_active': 120, 'days_active_prog_start': 0, 'tagged': True, 'component': 'unknown', 'date_began': datetime.datetime(2020, 9, 7, 0, 0), 'date_tagged': datetime.datetime(2021, 1, 5, 0, 0), 'tagged_by_company': 'natural', 'tagged_by_crew': 1, 'init_detect_by': 'natural', 'init_detect_date': datetime.datetime(2021, 1, 5, 0, 0), 'requires_shutdown': False, 'date_repaired': datetime.datetime(2021, 1, 5, 16, 0), 'repair_delay': 0, 'OGI_sp_covered': 1}, {'leak_ID': 'ABRAND00130_0000000007', 'facility_ID': 'ABRAND00130', 'equipment_group': 1, 'rate': 0.005180173879929469, 'lat': 54.61, 'lon': -119.26, 'status': 'repaired', 'days_active': 120, 'days_active_prog_start': 0, 'tagged': True, 'component': 'unknown', 'date_began': datetime.datetime(2020, 12, 14, 0, 0), 'date_tagged': datetime.datetime(2021, 4, 13, 0, 0), 'tagged_by_company': 'natural', 'tagged_by_crew': 1, 'init_detect_by': 'natural', 'init_detect_date': datetime.datetime(2021, 4, 13, 0, 0), 'requires_shutdown': False, 'date_repaired': datetime.datetime(2021, 4, 13, 16, 0), 'repair_delay': 0, 'OGI_sp_covered': 1}]",[],0,False,,,,2,4,37,30,False,6,7,0,8,0.0,1280.7440123942047,0.503006012024048,0.7959678436205443,0.7017775410379203
ABRAND00529,311,52.94,-115.61,2,6,2,2,2,120,1,30,20,120,1,lognorm,0.062287158377333125,[1.462],"['kilogram', 'hour']",<scipy.stats._distn_infrastructure.rv_frozen object at 0x000002073C01D1C8>,0,2,60,92.50287528223566,[],"[{'leak_ID': 'ABRAND00529_0000000000', 'facility_ID': 'ABRAND00529', 'equipment_group': 2, 'rate': 0.007504861964284445, 'lat': 52.94, 'lon': -115.61, 'status': 'repaired', 'days_active': 120, 'days_active_prog_start': 0, 'tagged': True, 'component': 'unknown', 'date_began': datetime.datetime(2018, 2, 16, 0, 0), 'date_tagged': datetime.datetime(2018, 6, 16, 0, 0), 'tagged_by_company': 'natural', 'tagged_by_crew': 1, 'init_detect_by': 'natural', 'init_detect_date': datetime.datetime(2018, 6, 16, 0, 0), 'requires_shutdown': False, 'date_repaired': datetime.datetime(2018, 6, 16, 16, 0), 'repair_delay': 0, 'OGI_sp_covered': 1}, {'leak_ID': 'ABRAND00529_0000000001', 'facility_ID': 'ABRAND00529', 'equipment_group': 1, 'rate': 0.0014170974572274811, 'lat': 52.94, 'lon': -115.61, 'status': 'repaired', 'days_active': 120, 'days_active_prog_start': 0, 'tagged': True, 'component': 'unknown', 'date_began': datetime.datetime(2019, 12, 30, 0, 0), 'date_tagged': datetime.datetime(2020, 4, 28, 0, 0), 'tagged_by_company': 'natural', 'tagged_by_crew': 1, 'init_detect_by': 'natural', 'init_detect_date': datetime.datetime(2020, 4, 28, 0, 0), 'requires_shutdown': False, 'date_repaired': datetime.datetime(2020, 4, 28, 0, 0), 'repair_delay': 0, 'OGI_sp_covered': 1}]",[],0,False,,,,2,4,36,30,False,6,4,0,2,0.0,92.50287528223566,0.5050100200400801,0.7973916799960522,0.050686507003964744
ABRAND00746,621,52.76,-114.7,1,6,2,2,2,120,1,30,20,120,1,lognorm,0.062287158377333125,[1.462],"['kilogram', 'hour']",<scipy.stats._distn_infrastructure.rv_frozen object at 0x000002073C01D1C8>,0,4,60,998.5905982201057,[],"[{'leak_ID': 'ABRAND00746_0000000000', 'facility_ID': 'ABRAND00746', 'equipment_group': 1, 'rate': 0.011273542500462495, 'lat': 52.76, 'lon': -114.7, 'status': 'repaired', 'days_active': 120, 'days_active_prog_start': 0, 'tagged': True, 'component': 'unknown', 'date_began': datetime.datetime(2017, 2, 9, 0, 0), 'date_tagged': datetime.datetime(2017, 6, 9, 0, 0), 'tagged_by_company': 'natural', 'tagged_by_crew': 1, 'init_detect_by': 'natural', 'init_detect_date': datetime.datetime(2017, 6, 9, 0, 0), 'requires_shutdown': False, 'date_repaired': datetime.datetime(2017, 6, 9, 16, 0), 'repair_delay': 0, 'OGI_sp_covered': 1}, {'leak_ID': 'ABRAND00746_0000000001', 'facility_ID': 'ABRAND00746', 'equipment_group': 1, 'rate': 0.06952753982020343, 'lat': 52.76, 'lon': -114.7, 'status': 'repaired', 'days_active': 103, 'days_active_prog_start': 0, 'tagged': True, 'component': 'unknown', 'date_began': datetime.datetime(2017, 11, 3, 0, 0), 'date_tagged': datetime.datetime(2018, 1, 29, 8, 0), 'tagged_by_company': 'OGI', 'tagged_by_crew': 2, 'init_detect_by': 'OGI', 'init_detect_date': datetime.datetime(2018, 1, 29, 8, 0), 'requires_shutdown': False, 'date_repaired': datetime.datetime(2018, 2, 14, 16, 0), 'repair_delay': 16, 'OGI_sp_covered': 1}, {'leak_ID': 'ABRAND00746_0000000002', 'facility_ID': 'ABRAND00746', 'equipment_group': 1, 'rate': 0.01291495362365687, 'lat': 52.76, 'lon': -114.7, 'status': 'repaired', 'days_active': 120, 'days_active_prog_start': 0, 'tagged': True, 'component': 'unknown', 'date_began': datetime.datetime(2018, 6, 21, 0, 0), 'date_tagged': datetime.datetime(2018, 10, 19, 0, 0), 'tagged_by_company': 'natural', 'tagged_by_crew': 1, 'init_detect_by': 'natural', 'init_detect_date': datetime.datetime(2018, 10, 19, 0, 0), 'requires_shutdown': False, 'date_repaired': datetime.datetime(2018, 10, 19, 16, 0), 'repair_delay': 0, 'OGI_sp_covered': 1}, {'leak_ID': 'ABRAND00746_0000000003', 'facility_ID': 'ABRAND00746', 'equipment_group': 1, 'rate': 0.04037311938103154, 'lat': 52.76, 'lon': -114.7, 'status': 'repaired', 'days_active': 37, 'days_active_prog_start': 0, 'tagged': True, 'component': 'unknown', 'date_began': datetime.datetime(2020, 7, 6, 0, 0), 'date_tagged': datetime.datetime(2020, 7, 27, 8, 0), 'tagged_by_company': 'OGI', 'tagged_by_crew': 2, 'init_detect_by': 'OGI', 'init_detect_date': datetime.datetime(2020, 7, 27, 8, 0), 'requires_shutdown': False, 'date_repaired': datetime.datetime(2020, 8, 12, 16, 0), 'repair_delay': 16, 'OGI_sp_covered': 1}]",[],0,False,,,,2,4,36,30,False,6,4,0,4,0.0,998.5905982201057,0.5070140280561122,0.7988123756498352,0.5471729305315648
ABRAND00137,311,55.32,-119.23,3,6,2,2,2,120,1,30,20,120,1,lognorm,0.062287158377333125,[1.462],"['kilogram', 'hour']",<scipy.stats._distn_infrastructure.rv_frozen object at 0x000002073C01D1C8>,0,5,60,549.9694548307859,[],"[{'leak_ID': 'ABRAND00137_0000000000', 'facility_ID': 'ABRAND00137', 'equipment_group': 2, 'rate': 0.01410827967160471, 'lat': 55.32, 'lon': -119.23, 'status': 'repaired', 'days_active': 120, 'days_active_prog_start': 0, 'tagged': True, 'component': 'unknown', 'date_began': datetime.datetime(2017, 9, 4, 0, 0), 'date_tagged': datetime.datetime(2018, 1, 2, 0, 0), 'tagged_by_company': 'natural', 'tagged_by_crew': 1, 'init_detect_by': 'natural', 'init_detect_date': datetime.datetime(2018, 1, 2, 0, 0), 'requires_shutdown': False, 'date_repaired': datetime.datetime(2018, 1, 2, 16, 0), 'repair_delay': 0, 'OGI_sp_covered': 1}, {'leak_ID': 'ABRAND00137_0000000001', 'facility_ID': 'ABRAND00137', 'equipment_group': 3, 'rate': 0.0018912944527064463, 'lat': 55.32, 'lon': -119.23, 'status': 'repaired', 'days_active': 120, 'days_active_prog_start': 0, 'tagged': True, 'component': 'unknown', 'date_began': datetime.datetime(2018, 9, 22, 0, 0), 'date_tagged': datetime.datetime(2019, 1, 20, 0, 0), 'tagged_by_company': 'natural', 'tagged_by_crew': 1, 'init_detect_by': 'natural', 'init_detect_date': datetime.datetime(2019, 1, 20, 0, 0), 'requires_shutdown': False, 'date_repaired': datetime.datetime(2019, 1, 20, 16, 0), 'repair_delay': 0, 'OGI_sp_covered': 1}, {'leak_ID': 'ABRAND00137_0000000002', 'facility_ID': 'ABRAND00137', 'equipment_group': 2, 'rate': 0.010208001352411468, 'lat': 55.32, 'lon': -119.23, 'status': 'repaired', 'days_active': 120, 'days_active_prog_start': 0, 'tagged': True, 'component': 'unknown', 'date_began': datetime.datetime(2018, 11, 11, 0, 0), 'date_tagged': datetime.datetime(2019, 3, 11, 0, 0), 'tagged_by_company': 'natural', 'tagged_by_crew': 1, 'init_detect_by': 'natural', 'init_detect_date': datetime.datetime(2019, 3, 11, 0, 0), 'requires_shutdown': False, 'date_repaired': datetime.datetime(2019, 3, 11, 16, 0), 'repair_delay': 0, 'OGI_sp_covered': 1}, {'leak_ID': 'ABRAND00137_0000000003', 'facility_ID': 'ABRAND00137', 'equipment_group': 1, 'rate': 0.025141323804046187, 'lat': 55.32, 'lon': -119.23, 'status': 'repaired', 'days_active': 120, 'days_active_prog_start': 0, 'tagged': True, 'component': 'unknown', 'date_began': datetime.datetime(2019, 3, 29, 0, 0), 'date_tagged': datetime.datetime(2019, 7, 27, 0, 0), 'tagged_by_company': 'natural', 'tagged_by_crew': 1, 'init_detect_by': 'natural', 'init_detect_date': datetime.datetime(2019, 7, 27, 0, 0), 'requires_shutdown': False, 'date_repaired': datetime.datetime(2019, 7, 27, 16, 0), 'repair_delay': 0, 'OGI_sp_covered': 1}, {'leak_ID': 'ABRAND00137_0000000004', 'facility_ID': 'ABRAND00137', 'equipment_group': 1, 'rate': 0.0016959941249782816, 'lat': 55.32, 'lon': -119.23, 'status': 'repaired', 'days_active': 120, 'days_active_prog_start': 0, 'tagged': True, 'component': 'unknown', 'date_began': datetime.datetime(2019, 11, 17, 0, 0), 'date_tagged': datetime.datetime(2020, 3, 16, 0, 0), 'tagged_by_company': 'natural', 'tagged_by_crew': 1, 'init_detect_by': 'natural', 'init_detect_date': datetime.datetime(2020, 3, 16, 0, 0), 'requires_shutdown': False, 'date_repaired': datetime.datetime(2020, 3, 16, 16, 0), 'repair_delay': 0, 'OGI_sp_covered': 1}]",[],0,False,,,,1,4,36,30,False,6,9,0,5,0.0,549.9694548307859,0.5090180360721442,0.800226660321739,0.3013531259346772
ABRAND00487,362,53.65,-115.76,1,6,2,2,2,120,1,30,20,120,1,lognorm,0.062287158377333125,[1.462],"['kilogram', 'hour']",<scipy.stats._distn_infrastructure.rv_frozen object at 0x000002073C01D1C8>,0,2,60,426.7441142973403,[],"[{'leak_ID': 'ABRAND00487_0000000000', 'facility_ID': 'ABRAND00487', 'equipment_group': 1, 'rate': 0.031165347361544093, 'lat': 53.65, 'lon': -115.76, 'status': 'repaired', 'days_active': 120, 'days_active_prog_start': 0, 'tagged': True, 'component': 'unknown', 'date_began': datetime.datetime(2020, 2, 15, 0, 0), 'date_tagged': datetime.datetime(2020, 6, 14, 0, 0), 'tagged_by_company': 'natural', 'tagged_by_crew': 1, 'init_detect_by': 'natural', 'init_detect_date': datetime.datetime(2020, 6, 14, 0, 0), 'requires_shutdown': False, 'date_repaired': datetime.datetime(2020, 6, 14, 16, 0), 'repair_delay': 0, 'OGI_sp_covered': 1}, {'leak_ID': 'ABRAND00487_0000000001', 'facility_ID': 'ABRAND00487', 'equipment_group': 1, 'rate': 0.05711077648415515, 'lat': 53.65, 'lon': -115.76, 'status': 'repaired', 'days_active': 21, 'days_active_prog_start': 0, 'tagged': True, 'component': 'unknown', 'date_began': datetime.datetime(2021, 11, 20, 0, 0), 'date_tagged': datetime.datetime(2021, 11, 25, 10, 30), 'tagged_by_company': 'OGI', 'tagged_by_crew': 1, 'init_detect_by': 'OGI', 'init_detect_date': datetime.datetime(2021, 11, 25, 10, 30), 'requires_shutdown': False, 'date_repaired': datetime.datetime(2021, 12, 11, 16, 0), 'repair_delay': 16, 'OGI_sp_covered': 1}]",[],0,False,,,,2,4,36,30,False,6,1,0,2,0.0,426.7441142973403,0.5110220440881763,0.8016342265896601,0.2338323913958029
ABRAND00128,601,54.86,-119.27,3,6,2,2,2,120,1,30,20,120,1,lognorm,0.062287158377333125,[1.462],"['kilogram', 'hour']",<scipy.stats._distn_infrastructure.rv_frozen object at 0x000002073C01D1C8>,0,3,60,641.0819750638041,[],"[{'leak_ID': 'ABRAND00128_0000000000', 'facility_ID': 'ABRAND00128', 'equipment_group': 1, 'rate': 0.041775302326337284, 'lat': 54.86, 'lon': -119.27, 'status': 'repaired', 'days_active': 34, 'days_active_prog_start': 0, 'tagged': True, 'component': 'unknown', 'date_began': datetime.datetime(2019, 1, 11, 0, 0), 'date_tagged': datetime.datetime(2019, 1, 29, 10, 30), 'tagged_by_company': 'OGI', 'tagged_by_crew': 2, 'init_detect_by': 'OGI', 'init_detect_date': datetime.datetime(2019, 1, 29, 10, 30), 'requires_shutdown': False, 'date_repaired': datetime.datetime(2019, 2, 14, 16, 0), 'repair_delay': 16, 'OGI_sp_covered': 1}, {'leak_ID': 'ABRAND00128_0000000001', 'facility_ID': 'ABRAND00128', 'equipment_group': 1, 'rate': 0.04981482331775899, 'lat': 54.86, 'lon': -119.27, 'status': 'repaired', 'days_active': 66, 'days_active_prog_start': 0, 'tagged': True, 'component': 'unknown', 'date_began': datetime.datetime(2019, 4, 9, 0, 0), 'date_tagged': datetime.datetime(2019, 5, 29, 10, 30), 'tagged_by_company': 'OGI', 'tagged_by_crew': 2, 'init_detect_by': 'OGI', 'init_detect_date': datetime.datetime(2019, 5, 29, 10, 30), 'requires_shutdown': False, 'date_repaired': datetime.datetime(2019, 6, 14, 16, 0), 'repair_delay': 16, 'OGI_sp_covered': 1}, {'leak_ID': 'ABRAND00128_0000000002', 'facility_ID': 'ABRAND00128', 'equipment_group': 1, 'rate': 0.022598263740621797, 'lat': 54.86, 'lon': -119.27, 'status': 'repaired', 'days_active': 120, 'days_active_prog_start': 0, 'tagged': True, 'component': 'unknown', 'date_began': datetime.datetime(2021, 1, 17, 0, 0), 'date_tagged': datetime.datetime(2021, 5, 17, 0, 0), 'tagged_by_company': 'natural', 'tagged_by_crew': 1, 'init_detect_by': 'natural', 'init_detect_date': datetime.datetime(2021, 5, 17, 0, 0), 'requires_shutdown': False, 'date_repaired': datetime.datetime(2021, 5, 17, 16, 0), 'repair_delay': 0, 'OGI_sp_covered': 1}]",[],0,False,,,,2,4,36,30,False,6,1,0,3,0.0,641.0819750638041,0.5130260521042084,0.8030348163194555,0.35127779455550906
ABRAND00473,311,53.2,-115.8,5,6,2,2,2,120,1,30,20,120,1,lognorm,0.062287158377333125,[1.462],"['kilogram', 'hour']",<scipy.stats._distn_infrastructure.rv_frozen object at 0x000002073C01D1C8>,0,5,60,868.1774115089836,[],"[{'leak_ID': 'ABRAND00473_0000000000', 'facility_ID': 'ABRAND00473', 'equipment_group': 5, 'rate': 0.0010648984744214022, 'lat': 53.2, 'lon': -115.8, 'status': 'repaired', 'days_active': 120, 'days_active_prog_start': 0, 'tagged': True, 'component': 'unknown', 'date_began': datetime.datetime(2017, 3, 29, 0, 0), 'date_tagged': datetime.datetime(2017, 7, 27, 0, 0), 'tagged_by_company': 'natural', 'tagged_by_crew': 1, 'init_detect_by': 'natural', 'init_detect_date': datetime.datetime(2017, 7, 27, 0, 0), 'requires_shutdown': False, 'date_repaired': datetime.datetime(2017, 7, 27, 16, 0), 'repair_delay': 0, 'OGI_sp_covered': 1}, {'leak_ID': 'ABRAND00473_0000000001', 'facility_ID': 'ABRAND00473', 'equipment_group': 2, 'rate': 0.012797627378800141, 'lat': 53.2, 'lon': -115.8, 'status': 'repaired', 'days_active': 120, 'days_active_prog_start': 0, 'tagged': True, 'component': 'unknown', 'date_began': datetime.datetime(2018, 2, 28, 0, 0), 'date_tagged': datetime.datetime(2018, 6, 28, 0, 0), 'tagged_by_company': 'natural', 'tagged_by_crew': 1, 'init_detect_by': 'natural', 'init_detect_date': datetime.datetime(2018, 6, 28, 0, 0), 'requires_shutdown': False, 'date_repaired': datetime.datetime(2018, 6, 28, 0, 0), 'repair_delay': 0, 'OGI_sp_covered': 1}, {'leak_ID': 'ABRAND00473_0000000002', 'facility_ID': 'ABRAND00473', 'equipment_group': 1, 'rate': 0.0697254775853142, 'lat': 53.2, 'lon': -115.8, 'status': 'repaired', 'days_active': 81, 'days_active_prog_start': 0, 'tagged': True, 'component': 'unknown', 'date_began': datetime.datetime(2018, 11, 25, 0, 0), 'date_tagged': datetime.datetime(2019, 1, 29, 10, 30), 'tagged_by_company': 'OGI', 'tagged_by_crew': 3, 'init_detect_by': 'OGI', 'init_detect_date': datetime.datetime(2019, 1, 29, 10, 30), 'requires_shutdown': False, 'date_repaired': datetime.datetime(2019, 2, 14, 16, 0), 'repair_delay': 16, 'OGI_sp_covered': 1}, {'leak_ID': 'ABRAND00473_0000000003', 'facility_ID': 'ABRAND00473', 'equipment_group': 5, 'rate': 0.009366810020675447, 'lat': 53.2, 'lon': -115.8, 'status': 'repaired', 'days_active': 120, 'days_active_prog_start': 0, 'tagged': True, 'component': 'unknown', 'date_began': datetime.datetime(2018, 12, 10, 0, 0), 'date_tagged': datetime.datetime(2019, 4, 9, 0, 0), 'tagged_by_company': 'natural', 'tagged_by_crew': 1, 'init_detect_by': 'natural', 'init_detect_date': datetime.datetime(2019, 4, 9, 0, 0), 'requires_shutdown': False, 'date_repaired': datetime.datetime(2019, 4, 9, 16, 0), 'repair_delay': 0, 'OGI_sp_covered': 1}, {'leak_ID': 'ABRAND00473_0000000004', 'facility_ID': 'ABRAND00473', 'equipment_group': 1, 'rate': 0.013442214008039799, 'lat': 53.2, 'lon': -115.8, 'status': 'repaired', 'days_active': 120, 'days_active_prog_start': 0, 'tagged': True, 'component': 'unknown', 'date_began': datetime.datetime(2021, 5, 4, 0, 0), 'date_tagged': datetime.datetime(2021, 9, 1, 0, 0), 'tagged_by_company': 'natural', 'tagged_by_crew': 1, 'init_detect_by': 'natural', 'init_detect_date': datetime.datetime(2021, 9, 1, 0, 0), 'requires_shutdown': False, 'date_repaired': datetime.datetime(2021, 9, 1, 16, 0), 'repair_delay': 0, 'OGI_sp_covered': 1}]",[],0,False,,,,2,4,36,30,False,6,6,0,5,0.0,868.1774115089836,0.5150300601202404,0.8044315628321643,0.4757136501419088
ABRAND00259,601,53.21,-117.7,4,6,2,2,2,120,1,30,20,120,1,lognorm,0.062287158377333125,[1.462],"['kilogram', 'hour']",<scipy.stats._distn_infrastructure.rv_frozen object at 0x000002073C01D1C8>,0,4,60,793.3343279376465,[],"[{'leak_ID': 'ABRAND00259_0000000001', 'facility_ID': 'ABRAND00259', 'equipment_group': 2, 'rate': 0.062119202227465344, 'lat': 53.21, 'lon': -117.7, 'status': 'repaired', 'days_active': 61, 'days_active_prog_start': 0, 'tagged': True, 'component': 'unknown', 'date_began': datetime.datetime(2017, 6, 13, 0, 0), 'date_tagged': datetime.datetime(2017, 7, 28, 13, 0), 'tagged_by_company': 'OGI', 'tagged_by_crew': 1, 'init_detect_by': 'OGI', 'init_detect_date': datetime.datetime(2017, 7, 28, 13, 0), 'requires_shutdown': False, 'date_repaired': datetime.datetime(2017, 8, 13, 16, 0), 'repair_delay': 16, 'OGI_sp_covered': 1}, {'leak_ID': 'ABRAND00259_0000000000', 'facility_ID': 'ABRAND00259', 'equipment_group': 3, 'rate': 0.02051976037558742, 'lat': 53.21, 'lon': -117.7, 'status': 'repaired', 'days_active': 120, 'days_active_prog_start': 0, 'tagged': True, 'component': 'unknown', 'date_began': datetime.datetime(2017, 6, 9, 0, 0), 'date_tagged': datetime.datetime(2017, 10, 7, 0, 0), 'tagged_by_company': 'natural', 'tagged_by_crew': 1, 'init_detect_by': 'natural', 'init_detect_date': datetime.datetime(2017, 10, 7, 0, 0), 'requires_shutdown': False, 'date_repaired': datetime.datetime(2017, 10, 7, 16, 0), 'repair_delay': 0, 'OGI_sp_covered': 1}, {'leak_ID': 'ABRAND00259_0000000002', 'facility_ID': 'ABRAND00259', 'equipment_group': 3, 'rate': 0.007868395846307497, 'lat': 53.21, 'lon': -117.7, 'status': 'repaired', 'days_active': 120, 'days_active_prog_start': 0, 'tagged': True, 'component': 'unknown', 'date_began': datetime.datetime(2019, 7, 8, 0, 0), 'date_tagged': datetime.datetime(2019, 11, 5, 0, 0), 'tagged_by_company': 'natural', 'tagged_by_crew': 1, 'init_detect_by': 'natural', 'init_detect_date': datetime.datetime(2019, 11, 5, 0, 0), 'requires_shutdown': False, 'date_repaired': datetime.datetime(2019, 11, 5, 16, 0), 'repair_delay': 0, 'OGI_sp_covered': 1}, {'leak_ID': 'ABRAND00259_0000000003', 'facility_ID': 'ABRAND00259', 'equipment_group': 3, 'rate': 0.04053592233782282, 'lat': 53.21, 'lon': -117.7, 'status': 'repaired', 'days_active': 49, 'days_active_prog_start': 0, 'tagged': True, 'component': 'unknown', 'date_began': datetime.datetime(2020, 10, 22, 0, 0), 'date_tagged': datetime.datetime(2020, 11, 24, 13, 0), 'tagged_by_company': 'OGI', 'tagged_by_crew': 1, 'init_detect_by': 'OGI', 'init_detect_date': datetime.datetime(2020, 11, 24, 13, 0), 'requires_shutdown': False, 'date_repaired': datetime.datetime(2020, 12, 10, 16, 0), 'repair_delay': 16, 'OGI_sp_covered': 1}]",[],0,False,,,,2,4,36,30,False,6,4,0,4,0.0,793.3343279376465,0.5170340681362725,0.8058156489504857,0.4347037413356967
ABRAND00777,311,52.4,-114.57,5,6,2,2,2,120,1,30,20,120,1,lognorm,0.062287158377333125,[1.462],"['kilogram', 'hour']",<scipy.stats._distn_infrastructure.rv_frozen object at 0x000002073C01D1C8>,0,7,60,1015.5310590228983,[],"[{'leak_ID': 'ABRAND00777_0000000000', 'facility_ID': 'ABRAND00777', 'equipment_group': 2, 'rate': 0.0005600784741192281, 'lat': 52.4, 'lon': -114.57, 'status': 'repaired', 'days_active': 120, 'days_active_prog_start': 0, 'tagged': True, 'component': 'unknown', 'date_began': datetime.datetime(2018, 3, 2, 0, 0), 'date_tagged': datetime.datetime(2018, 6, 30, 0, 0), 'tagged_by_company': 'natural', 'tagged_by_crew': 1, 'init_detect_by': 'natural', 'init_detect_date': datetime.datetime(2018, 6, 30, 0, 0), 'requires_shutdown': False, 'date_repaired': datetime.datetime(2018, 6, 30, 0, 0), 'repair_delay': 0, 'OGI_sp_covered': 1}, {'leak_ID': 'ABRAND00777_0000000001', 'facility_ID': 'ABRAND00777', 'equipment_group': 2, 'rate': 0.0005545437777679458, 'lat': 52.4, 'lon': -114.57, 'status': 'repaired', 'days_active': 120, 'days_active_prog_start': 0, 'tagged': True, 'component': 'unknown', 'date_began': datetime.datetime(2019, 2, 24, 0, 0), 'date_tagged': datetime.datetime(2019, 6, 24, 0, 0), 'tagged_by_company': 'natural', 'tagged_by_crew': 1, 'init_detect_by': 'natural', 'init_detect_date': datetime.datetime(2019, 6, 24, 0, 0), 'requires_shutdown': False, 'date_repaired': datetime.datetime(2019, 6, 24, 16, 0), 'repair_delay': 0, 'OGI_sp_covered': 1}, {'leak_ID': 'ABRAND00777_0000000002', 'facility_ID': 'ABRAND00777', 'equipment_group': 2, 'rate': 0.012027377863669244, 'lat': 52.4, 'lon': -114.57, 'status': 'repaired', 'days_active': 120, 'days_active_prog_start': 0, 'tagged': True, 'component': 'unknown', 'date_began': datetime.datetime(2019, 4, 19, 0, 0), 'date_tagged': datetime.datetime(2019, 8, 17, 0, 0), 'tagged_by_company': 'natural', 'tagged_by_crew': 1, 'init_detect_by': 'natural', 'init_detect_date': datetime.datetime(2019, 8, 17, 0, 0), 'requires_shutdown': False, 'date_repaired': datetime.datetime(2019, 8, 17, 16, 0), 'repair_delay': 0, 'OGI_sp_covered': 1}, {'leak_ID': 'ABRAND00777_0000000003', 'facility_ID': 'ABRAND00777', 'equipment_group': 3, 'rate': 0.04705145890322986, 'lat': 52.4, 'lon': -114.57, 'status': 'repaired', 'days_active': 35, 'days_active_prog_start': 0, 'tagged': True, 'component': 'unknown', 'date_began': datetime.datetime(2019, 9, 7, 0, 0), 'date_tagged': datetime.datetime(2019, 9, 26, 13, 0), 'tagged_by_company': 'OGI', 'tagged_by_crew': 2, 'init_detect_by': 'OGI', 'init_detect_date': datetime.datetime(2019, 9, 26, 13, 0), 'requires_shutdown': False, 'date_repaired': datetime.datetime(2019, 10, 12, 16, 0), 'repair_delay': 16, 'OGI_sp_covered': 1}, {'leak_ID': 'ABRAND00777_0000000005', 'facility_ID': 'ABRAND00777', 'equipment_group': 5, 'rate': 0.0443989906525791, 'lat': 52.4, 'lon': -114.57, 'status': 'repaired', 'days_active': 86, 'days_active_prog_start': 0, 'tagged': True, 'component': 'unknown', 'date_began': datetime.datetime(2020, 7, 17, 0, 0), 'date_tagged': datetime.datetime(2020, 9, 25, 13, 0), 'tagged_by_company': 'OGI', 'tagged_by_crew': 2, 'init_detect_by': 'OGI', 'init_detect_date': datetime.datetime(2020, 9, 25, 13, 0), 'requires_shutdown': False, 'date_repaired': datetime.datetime(2020, 10, 11, 16, 0), 'repair_delay': 16, 'OGI_sp_covered': 1}, {'leak_ID': 'ABRAND00777_0000000004', 'facility_ID': 'ABRAND00777', 'equipment_group': 2, 'rate': 0.01607516347009503, 'lat': 52.4, 'lon': -114.57, 'status': 'repaired', 'days_active': 120, 'days_active_prog_start': 0, 'tagged': True, 'component': 'unknown', 'date_began': datetime.datetime(2020, 7, 14, 0, 0), 'date_tagged': datetime.datetime(2020, 11, 11, 0, 0), 'tagged_by_company': 'natural', 'tagged_by_crew': 1, 'init_detect_by': 'natural', 'init_detect_date': datetime.datetime(2020, 11, 11, 0, 0), 'requires_shutdown': False, 'date_repaired': datetime.datetime(2020, 11, 11, 16, 0), 'repair_delay': 0, 'OGI_sp_covered': 1}, {'leak_ID': 'ABRAND00777_0000000006', 'facility_ID': 'ABRAND00777', 'equipment_group': 5, 'rate': 0.04637763022734818, 'lat': 52.4, 'lon': -114.57, 'status': 'repaired', 'days_active': 60, 'days_active_prog_start': 0, 'tagged': True, 'component': 'unknown', 'date_began': datetime.datetime(2021, 2, 14, 0, 0), 'date_tagged': datetime.datetime(2021, 3, 30, 13, 0), 'tagged_by_company': 'OGI', 'tagged_by_crew': 2, 'init_detect_by': 'OGI', 'init_detect_date': datetime.datetime(2021, 3, 30, 13, 0), 'requires_shutdown': False, 'date_repaired': datetime.datetime(2021, 4, 15, 16, 0), 'repair_delay': 16, 'OGI_sp_covered': 1}]",[],0,False,,,,3,4,36,30,False,6,7,0,7,0.0,1015.5310590228983,0.5190380761523046,0.8071996947648967,0.5564553748070675
ABRAND00074,601,55.13,-119.57,4,6,2,2,2,120,1,30,20,120,1,lognorm,0.062287158377333125,[1.462],"['kilogram', 'hour']",<scipy.stats._distn_infrastructure.rv_frozen object at 0x000002073C01D1C8>,1,7,60,2052.9740688674347,[],"[{'leak_ID': 'ABRAND00074_0000000001', 'facility_ID': 'ABRAND00074', 'equipment_group': 1, 'rate': 0.01313967202998153, 'lat': 55.13, 'lon': -119.57, 'status': 'repaired', 'days_active': 120, 'days_active_prog_start': 5, 'tagged': True, 'component': 'unknown', 'date_began': datetime.datetime(2016, 12, 27, 0, 0), 'date_tagged': datetime.datetime(2017, 4, 25, 0, 0), 'tagged_by_company': 'natural', 'tagged_by_crew': 1, 'init_detect_by': 'natural', 'init_detect_date': datetime.datetime(2017, 4, 25, 0, 0), 'requires_shutdown': False, 'date_repaired': datetime.datetime(2017, 4, 25, 16, 0), 'repair_delay': 0, 'OGI_sp_covered': 0}, {'leak_ID': 'ABRAND00074_0000000001', 'facility_ID': 'ABRAND00074', 'equipment_group': 2, 'rate': 0.008413668874477167, 'lat': 55.13, 'lon': -119.57, 'status': 'repaired', 'days_active': 120, 'days_active_prog_start': 0, 'tagged': True, 'component': 'unknown', 'date_began': datetime.datetime(2017, 8, 9, 0, 0), 'date_tagged': datetime.datetime(2017, 12, 7, 0, 0), 'tagged_by_company': 'natural', 'tagged_by_crew': 1, 'init_detect_by': 'natural', 'init_detect_date': datetime.datetime(2017, 12, 7, 0, 0), 'requires_shutdown': False, 'date_repaired': datetime.datetime(2017, 12, 7, 16, 0), 'repair_delay': 0, 'OGI_sp_covered': 1}, {'leak_ID': 'ABRAND00074_0000000002', 'facility_ID': 'ABRAND00074', 'equipment_group': 4, 'rate': 0.018905191488986207, 'lat': 55.13, 'lon': -119.57, 'status': 'repaired', 'days_active': 120, 'days_active_prog_start': 0, 'tagged': True, 'component': 'unknown', 'date_began': datetime.datetime(2018, 1, 22, 0, 0), 'date_tagged': datetime.datetime(2018, 5, 22, 0, 0), 'tagged_by_company': 'natural', 'tagged_by_crew': 1, 'init_detect_by': 'natural', 'init_detect_date': datetime.datetime(2018, 5, 22, 0, 0), 'requires_shutdown': False, 'date_repaired': datetime.datetime(2018, 5, 22, 16, 0), 'repair_delay': 0, 'OGI_sp_covered': 1}, {'leak_ID': 'ABRAND00074_0000000003', 'facility_ID': 'ABRAND00074', 'equipment_group': 2, 'rate': 0.008365724322719441, 'lat': 55.13, 'lon': -119.57, 'status': 'repaired', 'days_active': 120, 'days_active_prog_start': 0, 'tagged': True, 'component': 'unknown', 'date_began': datetime.datetime(2018, 9, 14, 0, 0), 'date_tagged': datetime.datetime(2019, 1, 12, 0, 0), 'tagged_by_company': 'natural', 'tagged_by_crew': 1, 'init_detect_by': 'natural', 'init_detect_date': datetime.datetime(2019, 1, 12, 0, 0), 'requires_shutdown': False, 'date_repaired': datetime.datetime(2019, 1, 12, 16, 0), 'repair_delay': 0, 'OGI_sp_covered': 1}, {'leak_ID': 'ABRAND00074_0000000005', 'facility_ID': 'ABRAND00074', 'equipment_group': 2, 'rate': 0.23037617395085816, 'lat': 55.13, 'lon': -119.57, 'status': 'repaired', 'days_active': 67, 'days_active_prog_start': 0, 'tagged': True, 'component': 'unknown', 'date_began': datetime.datetime(2019, 12, 9, 0, 0), 'date_tagged': datetime.datetime(2020, 1, 29, 13, 0), 'tagged_by_company': 'OGI', 'tagged_by_crew': 3, 'init_detect_by': 'OGI', 'init_detect_date': datetime.datetime(2020, 1, 29, 13, 0), 'requires_shutdown': False, 'date_repaired': datetime.datetime(2020, 2, 14, 16, 0), 'repair_delay': 16, 'OGI_sp_covered': 1}, {'leak_ID': 'ABRAND00074_0000000004', 'facility_ID': 'ABRAND00074', 'equipment_group': 1, 'rate': 0.001783498503637354, 'lat': 55.13, 'lon': -119.57, 'status': 'repaired', 'days_active': 120, 'days_active_prog_start': 0, 'tagged': True, 'component': 'unknown', 'date_began': datetime.datetime(2019, 11, 25, 0, 0), 'date_tagged': datetime.datetime(2020, 3, 24, 0, 0), 'tagged_by_company': 'natural', 'tagged_by_crew': 1, 'init_detect_by': 'natural', 'init_detect_date': datetime.datetime(2020, 3, 24, 0, 0), 'requires_shutdown': False, 'date_repaired': datetime.datetime(2020, 3, 24, 16, 0), 'repair_delay': 0, 'OGI_sp_covered': 1}, {'leak_ID': 'ABRAND00074_0000000006', 'facility_ID': 'ABRAND00074', 'equipment_group': 4, 'rate': 0.01932365020242622, 'lat': 55.13, 'lon': -119.57, 'status': 'repaired', 'days_active': 120, 'days_active_prog_start': 0, 'tagged': True, 'component': 'unknown', 'date_began': datetime.datetime(2020, 5, 28, 0, 0), 'date_tagged': datetime.datetime(2020, 9, 25, 0, 0), 'tagged_by_company': 'natural', 'tagged_by_crew': 1, 'init_detect_by': 'natural', 'init_detect_date': datetime.datetime(2020, 9, 25, 0, 0), 'requires_shutdown': False, 'date_repaired': datetime.datetime(2020, 9, 25, 16, 0), 'repair_delay': 0, 'OGI_sp_covered': 1}]",[],1,False,,,,2,4,36,30,False,6,10,0,7,0.0,2052.9740688674347,0.5210420841683366,0.8085826397909863,1.1249172980095532
ABRAND00322,311,54.39,-116.29,4,6,2,2,2,120,1,30,20,120,1,lognorm,0.062287158377333125,[1.462],"['kilogram', 'hour']",<scipy.stats._distn_infrastructure.rv_frozen object at 0x000002073C01D1C8>,0,7,60,1333.3500031241088,"[{'leak_ID': 'ABRAND00322_0000000006', 'facility_ID': 'ABRAND00322', 'equipment_group': 4, 'rate': 0.021946936602738033, 'lat': 54.39, 'lon': -116.29, 'status': 'active', 'days_active': 118, 'days_active_prog_start': 0, 'tagged': False, 'component': 'unknown', 'date_began': datetime.datetime(2021, 9, 3, 0, 0), 'date_tagged': None, 'tagged_by_company': None, 'tagged_by_crew': None, 'init_detect_by': None, 'init_detect_date': None, 'requires_shutdown': False, 'date_repaired': None, 'repair_delay': None, 'OGI_sp_covered': 1}]","[{'leak_ID': 'ABRAND00322_0000000000', 'facility_ID': 'ABRAND00322', 'equipment_group': 2, 'rate': 0.04744530666238647, 'lat': 54.39, 'lon': -116.29, 'status': 'repaired', 'days_active': 71, 'days_active_prog_start': 0, 'tagged': True, 'component': 'unknown', 'date_began': datetime.datetime(2018, 6, 4, 0, 0), 'date_tagged': datetime.datetime(2018, 7, 29, 8, 0), 'tagged_by_company': 'OGI', 'tagged_by_crew': 1, 'init_detect_by': 'OGI', 'init_detect_date': datetime.datetime(2018, 7, 29, 8, 0), 'requires_shutdown': False, 'date_repaired': datetime.datetime(2018, 8, 14, 16, 0), 'repair_delay': 16, 'OGI_sp_covered': 1}, {'leak_ID': 'ABRAND00322_0000000001', 'facility_ID': 'ABRAND00322', 'equipment_group': 3, 'rate': 0.04198859933388501, 'lat': 54.39, 'lon': -116.29, 'status': 'repaired', 'days_active': 63, 'days_active_prog_start': 0, 'tagged': True, 'component': 'unknown', 'date_began': datetime.datetime(2018, 6, 12, 0, 0), 'date_tagged': datetime.datetime(2018, 7, 29, 8, 0), 'tagged_by_company': 'OGI', 'tagged_by_crew': 1, 'init_detect_by': 'OGI', 'init_detect_date': datetime.datetime(2018, 7, 29, 8, 0), 'requires_shutdown': False, 'date_repaired': datetime.datetime(2018, 8, 14, 16, 0), 'repair_delay': 16, 'OGI_sp_covered': 1}, {'leak_ID': 'ABRAND00322_0000000002', 'facility_ID': 'ABRAND00322', 'equipment_group': 4, 'rate': 0.012608917733167534, 'lat': 54.39, 'lon': -116.29, 'status': 'repaired', 'days_active': 120, 'days_active_prog_start': 0, 'tagged': True, 'component': 'unknown', 'date_began': datetime.datetime(2018, 8, 4, 0, 0), 'date_tagged': datetime.datetime(2018, 12, 2, 0, 0), 'tagged_by_company': 'natural', 'tagged_by_crew': 1, 'init_detect_by': 'natural', 'init_detect_date': datetime.datetime(2018, 12, 2, 0, 0), 'requires_shutdown': False, 'date_repaired': datetime.datetime(2018, 12, 2, 16, 0), 'repair_delay': 0, 'OGI_sp_covered': 1}, {'leak_ID': 'ABRAND00322_0000000003', 'facility_ID': 'ABRAND00322', 'equipment_group': 1, 'rate': 0.026360409981402818, 'lat': 54.39, 'lon': -116.29, 'status': 'repaired', 'days_active': 120, 'days_active_prog_start': 0, 'tagged': True, 'component': 'unknown', 'date_began': datetime.datetime(2019, 8, 24, 0, 0), 'date_tagged': datetime.datetime(2019, 12, 22, 0, 0), 'tagged_by_company': 'natural', 'tagged_by_crew': 1, 'init_detect_by': 'natural', 'init_detect_date': datetime.datetime(2019, 12, 22, 0, 0), 'requires_shutdown': False, 'date_repaired': datetime.datetime(2019, 12, 22, 16, 0), 'repair_delay': 0, 'OGI_sp_covered': 1}, {'leak_ID': 'ABRAND00322_0000000004', 'facility_ID': 'ABRAND00322', 'equipment_group': 1, 'rate': 0.00787331439410451, 'lat': 54.39, 'lon': -116.29, 'status': 'repaired', 'days_active': 120, 'days_active_prog_start': 0, 'tagged': True, 'component': 'unknown', 'date_began': datetime.datetime(2019, 11, 1, 0, 0), 'date_tagged': datetime.datetime(2020, 2, 29, 0, 0), 'tagged_by_company': 'natural', 'tagged_by_crew': 1, 'init_detect_by': 'natural', 'init_detect_date': datetime.datetime(2020, 2, 29, 0, 0), 'requires_shutdown': False, 'date_repaired': datetime.datetime(2020, 2, 29, 0, 0), 'repair_delay': 0, 'OGI_sp_covered': 1}, {'leak_ID': 'ABRAND00322_0000000005', 'facility_ID': 'ABRAND00322', 'equipment_group': 3, 'rate': 0.010062813329975528, 'lat': 54.39, 'lon': -116.29, 'status': 'repaired', 'days_active': 120, 'days_active_prog_start': 0, 'tagged': True, 'component': 'unknown', 'date_began': datetime.datetime(2021, 7, 12, 0, 0), 'date_tagged': datetime.datetime(2021, 11, 9, 0, 0), 'tagged_by_company': 'natural', 'tagged_by_crew': 1, 'init_detect_by': 'natural', 'init_detect_date': datetime.datetime(2021, 11, 9, 0, 0), 'requires_shutdown': False, 'date_repaired': datetime.datetime(2021, 11, 9, 16, 0), 'repair_delay': 0, 'OGI_sp_covered': 1}]",[],0,False,,,,2,4,35,30,False,6,9,1,6,223.7534080522348,1109.596595071874,0.5230460921843687,0.8099649684615123,0.7306027414378679
ABRAND00639,601,53.26,-115.18,1,6,2,2,2,120,1,30,20,120,1,lognorm,0.062287158377333125,[1.462],"['kilogram', 'hour']",<scipy.stats._distn_infrastructure.rv_frozen object at 0x000002073C01D1C8>,0,5,60,807.8742093973377,"[{'leak_ID': 'ABRAND00639_0000000004', 'facility_ID': 'ABRAND00639', 'equipment_group': 1, 'rate': 0.012082364031033611, 'lat': 53.26, 'lon': -115.18, 'status': 'active', 'days_active': 53, 'days_active_prog_start': 0, 'tagged': False, 'component': 'unknown', 'date_began': datetime.datetime(2021, 11, 7, 0, 0), 'date_tagged': None, 'tagged_by_company': None, 'tagged_by_crew': None, 'init_detect_by': None, 'init_detect_date': None, 'requires_shutdown': False, 'date_repaired': None, 'repair_delay': None, 'OGI_sp_covered': 1}]","[{'leak_ID': 'ABRAND00639_0000000000', 'facility_ID': 'ABRAND00639', 'equipment_group': 1, 'rate': 0.008077436441317401, 'lat': 53.26, 'lon': -115.18, 'status': 'repaired', 'days_active': 120, 'days_active_prog_start': 0, 'tagged': True, 'component': 'unknown', 'date_began': datetime.datetime(2017, 4, 1, 0, 0), 'date_tagged': datetime.datetime(2017, 7, 30, 0, 0), 'tagged_by_company': 'natural', 'tagged_by_crew': 1, 'init_detect_by': 'natural', 'init_detect_date': datetime.datetime(2017, 7, 30, 0, 0), 'requires_shutdown': False, 'date_repaired': datetime.datetime(2017, 7, 30, 16, 0), 'repair_delay': 0, 'OGI_sp_covered': 0}, {'leak_ID': 'ABRAND00639_0000000001', 'facility_ID': 'ABRAND00639', 'equipment_group': 1, 'rate': 0.01778370386420354, 'lat': 53.26, 'lon': -115.18, 'status': 'repaired', 'days_active': 120, 'days_active_prog_start': 0, 'tagged': True, 'component': 'unknown', 'date_began': datetime.datetime(2018, 1, 23, 0, 0), 'date_tagged': datetime.datetime(2018, 5, 23, 0, 0), 'tagged_by_company': 'natural', 'tagged_by_crew': 1, 'init_detect_by': 'natural', 'init_detect_date': datetime.datetime(2018, 5, 23, 0, 0), 'requires_shutdown': False, 'date_repaired': datetime.datetime(2018, 5, 23, 16, 0), 'repair_delay': 0, 'OGI_sp_covered': 0}, {'leak_ID': 'ABRAND00639_0000000002', 'facility_ID': 'ABRAND00639', 'equipment_group': 1, 'rate': 0.029477884788616064, 'lat': 53.26, 'lon': -115.18, 'status': 'repaired', 'days_active': 120, 'days_active_prog_start': 0, 'tagged': True, 'component': 'unknown', 'date_began': datetime.datetime(2018, 7, 18, 0, 0), 'date_tagged': datetime.datetime(2018, 11, 15, 0, 0), 'tagged_by_company': 'natural', 'tagged_by_crew': 1, 'init_detect_by': 'natural', 'init_detect_date': datetime.datetime(2018, 11, 15, 0, 0), 'requires_shutdown': False, 'date_repaired': datetime.datetime(2018, 11, 15, 16, 0), 'repair_delay': 0, 'OGI_sp_covered': 1}, {'leak_ID': 'ABRAND00639_0000000003', 'facility_ID': 'ABRAND00639', 'equipment_group': 1, 'rate': 0.01724456364297994, 'lat': 53.26, 'lon': -115.18, 'status': 'repaired', 'days_active': 120, 'days_active_prog_start': 0, 'tagged': True, 'component': 'unknown', 'date_began': datetime.datetime(2021, 5, 9, 0, 0), 'date_tagged': datetime.datetime(2021, 9, 6, 0, 0), 'tagged_by_company': 'natural', 'tagged_by_crew': 1, 'init_detect_by': 'natural', 'init_detect_date': datetime.datetime(2021, 9, 6, 0, 0), 'requires_shutdown': False, 'date_repaired': datetime.datetime(2021, 9, 6, 16, 0), 'repair_delay': 0, 'OGI_sp_covered': 1}]",[],0,False,,,,2,4,35,30,False,6,7,1,4,55.32756137090912,752.5466480264286,0.5250501002004008,0.8113414874928971,0.4426707996697741
ABRAND00856,621,52.86,-114.35,2,6,2,2,2,120,1,30,20,120,1,lognorm,0.062287158377333125,[1.462],"['kilogram', 'hour']",<scipy.stats._distn_infrastructure.rv_frozen object at 0x000002073C01D1C8>,1,6,60,650.133356623695,"[{'leak_ID': 'ABRAND00856_0000000005', 'facility_ID': 'ABRAND00856', 'equipment_group': 1, 'rate': 0.01050921118216911, 'lat': 52.86, 'lon': -114.35, 'status': 'active', 'days_active': 50, 'days_active_prog_start': 0, 'tagged': False, 'component': 'unknown', 'date_began': datetime.datetime(2021, 11, 10, 0, 0), 'date_tagged': None, 'tagged_by_company': None, 'tagged_by_crew': None, 'init_detect_by': None, 'init_detect_date': None, 'requires_shutdown': False, 'date_repaired': None, 'repair_delay': None, 'OGI_sp_covered': 1}]","[{'leak_ID': 'ABRAND00856_0000000001', 'facility_ID': 'ABRAND00856', 'equipment_group': 1, 'rate': 0.0012049079364301882, 'lat': 52.86, 'lon': -114.35, 'status': 'repaired', 'days_active': 120, 'days_active_prog_start': 67, 'tagged': True, 'component': 'unknown', 'date_began': datetime.datetime(2016, 10, 26, 0, 0), 'date_tagged': datetime.datetime(2017, 2, 22, 0, 0), 'tagged_by_company': 'natural', 'tagged_by_crew': 1, 'init_detect_by': 'natural', 'init_detect_date': datetime.datetime(2017, 2, 22, 0, 0), 'requires_shutdown': False, 'date_repaired': datetime.datetime(2017, 2, 22, 16, 0), 'repair_delay': 0, 'OGI_sp_covered': 1}, {'leak_ID': 'ABRAND00856_0000000001', 'facility_ID': 'ABRAND00856', 'equipment_group': 1, 'rate': 0.00477930205501398, 'lat': 52.86, 'lon': -114.35, 'status': 'repaired', 'days_active': 120, 'days_active_prog_start': 0, 'tagged': True, 'component': 'unknown', 'date_began': datetime.datetime(2018, 8, 2, 0, 0), 'date_tagged': datetime.datetime(2018, 11, 30, 0, 0), 'tagged_by_company': 'natural', 'tagged_by_crew': 1, 'init_detect_by': 'natural', 'init_detect_date': datetime.datetime(2018, 11, 30, 0, 0), 'requires_shutdown': False, 'date_repaired': datetime.datetime(2018, 11, 30, 16, 0), 'repair_delay': 0, 'OGI_sp_covered': 1}, {'leak_ID': 'ABRAND00856_0000000003', 'facility_ID': 'ABRAND00856', 'equipment_group': 2, 'rate': 0.054644244351844916, 'lat': 52.86, 'lon': -114.35, 'status': 'repaired', 'days_active': 56, 'days_active_prog_start': 0, 'tagged': True, 'component': 'unknown', 'date_began': datetime.datetime(2018, 12, 21, 0, 0), 'date_tagged': datetime.datetime(2019, 1, 30, 8, 0), 'tagged_by_company': 'OGI', 'tagged_by_crew': 3, 'init_detect_by': 'OGI', 'init_detect_date': datetime.datetime(2019, 1, 30, 8, 0), 'requires_shutdown': False, 'date_repaired': datetime.datetime(2019, 2, 15, 16, 0), 'repair_delay': 16, 'OGI_sp_covered': 1}, {'leak_ID': 'ABRAND00856_0000000002', 'facility_ID': 'ABRAND00856', 'equipment_group': 2, 'rate': 0.013702744557476365, 'lat': 52.86, 'lon': -114.35, 'status': 'repaired', 'days_active': 120, 'days_active_prog_start': 0, 'tagged': True, 'component': 'unknown', 'date_began': datetime.datetime(2018, 11, 12, 0, 0), 'date_tagged': datetime.datetime(2019, 3, 12, 0, 0), 'tagged_by_company': 'natural', 'tagged_by_crew': 1, 'init_detect_by': 'natural', 'init_detect_date': datetime.datetime(2019, 3, 12, 0, 0), 'requires_shutdown': False, 'date_repaired': datetime.datetime(2019, 3, 12, 16, 0), 'repair_delay': 0, 'OGI_sp_covered': 1}, {'leak_ID': 'ABRAND00856_0000000004', 'facility_ID': 'ABRAND00856', 'equipment_group': 1, 'rate': 0.01381206392206376, 'lat': 52.86, 'lon': -114.35, 'status': 'repaired', 'days_active': 120, 'days_active_prog_start': 0, 'tagged': True, 'component': 'unknown', 'date_began': datetime.datetime(2019, 11, 5, 0, 0), 'date_tagged': datetime.datetime(2020, 3, 4, 0, 0), 'tagged_by_company': 'natural', 'tagged_by_crew': 1, 'init_detect_by': 'natural', 'init_detect_date': datetime.datetime(2020, 3, 4, 0, 0), 'requires_shutdown': False, 'date_repaired': datetime.datetime(2020, 3, 4, 16, 0), 'repair_delay': 0, 'OGI_sp_covered': 1}]",[],1,False,,,,2,4,35,30,False,6,7,1,5,45.39979230697057,604.7335643167245,0.5270541082164328,0.8127150095406505,0.35623745568421644
ABRAND01098,601,50.15,-111.33,1,6,2,2,2,120,1,30,20,120,1,lognorm,0.062287158377333125,[1.462],"['kilogram', 'hour']",<scipy.stats._distn_infrastructure.rv_frozen object at 0x000002073C01D1C8>,1,5,60,2993.8759439890864,[],"[{'leak_ID': 'ABRAND01098_0000000001', 'facility_ID': 'ABRAND01098', 'equipment_group': 1, 'rate': 0.0015371208134306415, 'lat': 50.15, 'lon': -111.33, 'status': 'repaired', 'days_active': 120, 'days_active_prog_start': 39, 'tagged': True, 'component': 'unknown', 'date_began': datetime.datetime(2016, 11, 23, 0, 0), 'date_tagged': datetime.datetime(2017, 3, 22, 0, 0), 'tagged_by_company': 'natural', 'tagged_by_crew': 1, 'init_detect_by': 'natural', 'init_detect_date': datetime.datetime(2017, 3, 22, 0, 0), 'requires_shutdown': False, 'date_repaired': datetime.datetime(2017, 3, 22, 16, 0), 'repair_delay': 0, 'OGI_sp_covered': 0}, {'leak_ID': 'ABRAND01098_0000000001', 'facility_ID': 'ABRAND01098', 'equipment_group': 1, 'rate': 0.0031632265542982938, 'lat': 50.15, 'lon': -111.33, 'status': 'repaired', 'days_active': 120, 'days_active_prog_start': 0, 'tagged': True, 'component': 'unknown', 'date_began': datetime.datetime(2018, 9, 25, 0, 0), 'date_tagged': datetime.datetime(2019, 1, 23, 0, 0), 'tagged_by_company': 'natural', 'tagged_by_crew': 1, 'init_detect_by': 'natural', 'init_detect_date': datetime.datetime(2019, 1, 23, 0, 0), 'requires_shutdown': False, 'date_repaired': datetime.datetime(2019, 1, 23, 16, 0), 'repair_delay': 0, 'OGI_sp_covered': 1}, {'leak_ID': 'ABRAND01098_0000000002', 'facility_ID': 'ABRAND01098', 'equipment_group': 1, 'rate': 0.04046468337007001, 'lat': 50.15, 'lon': -111.33, 'status': 'repaired', 'days_active': 70, 'days_active_prog_start': 0, 'tagged': True, 'component': 'unknown', 'date_began': datetime.datetime(2019, 12, 7, 0, 0), 'date_tagged': datetime.datetime(2020, 1, 30, 10, 30), 'tagged_by_company': 'OGI', 'tagged_by_crew': 1, 'init_detect_by': 'OGI', 'init_detect_date': datetime.datetime(2020, 1, 30, 10, 30), 'requires_shutdown': False, 'date_repaired': datetime.datetime(2020, 2, 15, 16, 0), 'repair_delay': 16, 'OGI_sp_covered': 1}, {'leak_ID': 'ABRAND01098_0000000003', 'facility_ID': 'ABRAND01098', 'equipment_group': 1, 'rate': 0.5862062432924176, 'lat': 50.15, 'lon': -111.33, 'status': 'repaired', 'days_active': 45, 'days_active_prog_start': 0, 'tagged': True, 'component': 'unknown', 'date_began': datetime.datetime(2020, 3, 1, 0, 0), 'date_tagged': datetime.datetime(2020, 3, 30, 10, 30), 'tagged_by_company': 'OGI', 'tagged_by_crew': 1, 'init_detect_by': 'OGI', 'init_detect_date': datetime.datetime(2020, 3, 30, 10, 30), 'requires_shutdown': False, 'date_repaired': datetime.datetime(2020, 4, 15, 16, 0), 'repair_delay': 16, 'OGI_sp_covered': 1}, {'leak_ID': 'ABRAND01098_0000000004', 'facility_ID': 'ABRAND01098', 'equipment_group': 1, 'rate': 0.07592983365924245, 'lat': 50.15, 'lon': -111.33, 'status': 'repaired', 'days_active': 65, 'days_active_prog_start': 0, 'tagged': True, 'component': 'unknown', 'date_began': datetime.datetime(2020, 8, 8, 0, 0), 'date_tagged': datetime.datetime(2020, 9, 26, 10, 30), 'tagged_by_company': 'OGI', 'tagged_by_crew': 1, 'init_detect_by': 'OGI', 'init_detect_date': datetime.datetime(2020, 9, 26, 10, 30), 'requires_shutdown': False, 'date_repaired': datetime.datetime(2020, 10, 12, 16, 0), 'repair_delay': 16, 'OGI_sp_covered': 1}]",[],1,False,,,,4,4,35,30,False,6,2,0,5,0.0,2993.8759439890864,0.5290581162324649,0.8140858827118603,1.6404799693090883
ABRAND00867,351,52.52,-114.33,5,6,2,2,2,120,1,30,20,120,1,lognorm,0.062287158377333125,[1.462],"['kilogram', 'hour']",<scipy.stats._distn_infrastructure.rv_frozen object at 0x000002073C01D1C8>,0,9,60,2574.894304672834,[],"[{'leak_ID': 'ABRAND00867_0000000000', 'facility_ID': 'ABRAND00867', 'equipment_group': 4, 'rate': 0.04894309719886222, 'lat': 52.52, 'lon': -114.33, 'status': 'repaired', 'days_active': 120, 'days_active_prog_start': 0, 'tagged': True, 'component': 'unknown', 'date_began': datetime.datetime(2017, 6, 8, 0, 0), 'date_tagged': datetime.datetime(2017, 10, 6, 0, 0), 'tagged_by_company': 'natural', 'tagged_by_crew': 1, 'init_detect_by': 'natural', 'init_detect_date': datetime.datetime(2017, 10, 6, 0, 0), 'requires_shutdown': False, 'date_repaired': datetime.datetime(2017, 10, 6, 16, 0), 'repair_delay': 0, 'OGI_sp_covered': 0}, {'leak_ID': 'ABRAND00867_0000000001', 'facility_ID': 'ABRAND00867', 'equipment_group': 5, 'rate': 0.09729006066695875, 'lat': 52.52, 'lon': -114.33, 'status': 'repaired', 'days_active': 27, 'days_active_prog_start': 0, 'tagged': True, 'component': 'unknown', 'date_began': datetime.datetime(2017, 9, 16, 0, 0), 'date_tagged': datetime.datetime(2017, 9, 27, 10, 30), 'tagged_by_company': 'OGI', 'tagged_by_crew': 2, 'init_detect_by': 'OGI', 'init_detect_date': datetime.datetime(2017, 9, 27, 10, 30), 'requires_shutdown': False, 'date_repaired': datetime.datetime(2017, 10, 13, 16, 0), 'repair_delay': 16, 'OGI_sp_covered': 1}, {'leak_ID': 'ABRAND00867_0000000003', 'facility_ID': 'ABRAND00867', 'equipment_group': 3, 'rate': 0.0637508713795232, 'lat': 52.52, 'lon': -114.33, 'status': 'repaired', 'days_active': 61, 'days_active_prog_start': 0, 'tagged': True, 'component': 'unknown', 'date_began': datetime.datetime(2017, 10, 12, 0, 0), 'date_tagged': datetime.datetime(2017, 11, 26, 10, 30), 'tagged_by_company': 'OGI', 'tagged_by_crew': 2, 'init_detect_by': 'OGI', 'init_detect_date': datetime.datetime(2017, 11, 26, 10, 30), 'requires_shutdown': False, 'date_repaired': datetime.datetime(2017, 12, 12, 16, 0), 'repair_delay': 16, 'OGI_sp_covered': 1}, {'leak_ID': 'ABRAND00867_0000000002', 'facility_ID': 'ABRAND00867', 'equipment_group': 5, 'rate': 0.04811256943418163, 'lat': 52.52, 'lon': -114.33, 'status': 'repaired', 'days_active': 120, 'days_active_prog_start': 0, 'tagged': True, 'component': 'unknown', 'date_began': datetime.datetime(2017, 9, 22, 0, 0), 'date_tagged': datetime.datetime(2018, 1, 20, 0, 0), 'tagged_by_company': 'natural', 'tagged_by_crew': 1, 'init_detect_by': 'natural', 'init_detect_date': datetime.datetime(2018, 1, 20, 0, 0), 'requires_shutdown': False, 'date_repaired': datetime.datetime(2018, 1, 20, 16, 0), 'repair_delay': 0, 'OGI_sp_covered': 0}, {'leak_ID': 'ABRAND00867_0000000004', 'facility_ID': 'ABRAND00867', 'equipment_group': 2, 'rate': 0.19016959092469915, 'lat': 52.52, 'lon': -114.33, 'status': 'repaired', 'days_active': 23, 'days_active_prog_start': 0, 'tagged': True, 'component': 'unknown', 'date_began': datetime.datetime(2018, 7, 22, 0, 0), 'date_tagged': datetime.datetime(2018, 7, 29, 10, 30), 'tagged_by_company': 'OGI', 'tagged_by_crew': 2, 'init_detect_by': 'OGI', 'init_detect_date': datetime.datetime(2018, 7, 29, 10, 30), 'requires_shutdown': False, 'date_repaired': datetime.datetime(2018, 8, 14, 16, 0), 'repair_delay': 16, 'OGI_sp_covered': 1}, {'leak_ID': 'ABRAND00867_0000000005', 'facility_ID': 'ABRAND00867', 'equipment_group': 4, 'rate': 0.00045555282131850796, 'lat': 52.52, 'lon': -114.33, 'status': 'repaired', 'days_active': 120, 'days_active_prog_start': 0, 'tagged': True, 'component': 'unknown', 'date_began': datetime.datetime(2019, 12, 14, 0, 0), 'date_tagged': datetime.datetime(2020, 4, 12, 0, 0), 'tagged_by_company': 'natural', 'tagged_by_crew': 1, 'init_detect_by': 'natural', 'init_detect_date': datetime.datetime(2020, 4, 12, 0, 0), 'requires_shutdown': False, 'date_repaired': datetime.datetime(2020, 4, 12, 16, 0), 'repair_delay': 0, 'OGI_sp_covered': 1}, {'leak_ID': 'ABRAND00867_0000000006', 'facility_ID': 'ABRAND00867', 'equipment_group': 2, 'rate': 0.022561221414455636, 'lat': 52.52, 'lon': -114.33, 'status': 'repaired', 'days_active': 120, 'days_active_prog_start': 0, 'tagged': True, 'component': 'unknown', 'date_began': datetime.datetime(2020, 12, 1, 0, 0), 'date_tagged': datetime.datetime(2021, 3, 31, 0, 0), 'tagged_by_company': 'natural', 'tagged_by_crew': 1, 'init_detect_by': 'natural', 'init_detect_date': datetime.datetime(2021, 3, 31, 0, 0), 'requires_shutdown': False, 'date_repaired': datetime.datetime(2021, 3, 31, 16, 0), 'repair_delay': 0, 'OGI_sp_covered': 1}, {'leak_ID': 'ABRAND00867_0000000007', 'facility_ID': 'ABRAND00867', 'equipment_group': 2, 'rate': 0.034658995435468715, 'lat': 52.52, 'lon': -114.33, 'status': 'repaired', 'days_active': 120, 'days_active_prog_start': 0, 'tagged': True, 'component': 'unknown', 'date_began': datetime.datetime(2021, 3, 10, 0, 0), 'date_tagged': datetime.datetime(2021, 7, 8, 0, 0), 'tagged_by_company': 'natural', 'tagged_by_crew': 1, 'init_detect_by': 'natural', 'init_detect_date': datetime.datetime(2021, 7, 8, 0, 0), 'requires_shutdown': False, 'date_repaired': datetime.datetime(2021, 7, 8, 16, 0), 'repair_delay': 0, 'OGI_sp_covered': 1}, {'leak_ID': 'ABRAND00867_0000000008', 'facility_ID': 'ABRAND00867', 'equipment_group': 2, 'rate': 0.002872580627112896, 'lat': 52.52, 'lon': -114.33, 'status': 'repaired', 'days_active': 120, 'days_active_prog_start': 0, 'tagged': True, 'component': 'unknown', 'date_began': datetime.datetime(2021, 5, 17, 0, 0), 'date_tagged': datetime.datetime(2021, 9, 14, 0, 0), 'tagged_by_company': 'natural', 'tagged_by_crew': 1, 'init_detect_by': 'natural', 'init_detect_date': datetime.datetime(2021, 9, 14, 0, 0), 'requires_shutdown': False, 'date_repaired': datetime.datetime(2021, 9, 14, 16, 0), 'repair_delay': 0, 'OGI_sp_covered': 1}]",[],0,False,,,,3,4,35,30,False,6,8,0,9,0.0,2574.894304672834,0.531062124248497,0.8154557138891453,1.410900988861827
ABRAND00814,351,52.45,-114.46,1,6,2,2,2,120,1,30,20,120,1,lognorm,0.062287158377333125,[1.462],"['kilogram', 'hour']",<scipy.stats._distn_infrastructure.rv_frozen object at 0x000002073C01D1C8>,0,7,60,2121.756428140666,[],"[{'leak_ID': 'ABRAND00814_0000000000', 'facility_ID': 'ABRAND00814', 'equipment_group': 1, 'rate': 0.08062991922966739, 'lat': 52.45, 'lon': -114.46, 'status': 'repaired', 'days_active': 31, 'days_active_prog_start': 0, 'tagged': True, 'component': 'unknown', 'date_began': datetime.datetime(2017, 11, 11, 0, 0), 'date_tagged': datetime.datetime(2017, 11, 26, 10, 30), 'tagged_by_company': 'OGI', 'tagged_by_crew': 3, 'init_detect_by': 'OGI', 'init_detect_date': datetime.datetime(2017, 11, 26, 10, 30), 'requires_shutdown': False, 'date_repaired': datetime.datetime(2017, 12, 12, 16, 0), 'repair_delay': 16, 'OGI_sp_covered': 1}, {'leak_ID': 'ABRAND00814_0000000001', 'facility_ID': 'ABRAND00814', 'equipment_group': 1, 'rate': 0.014031450965274044, 'lat': 52.45, 'lon': -114.46, 'status': 'repaired', 'days_active': 120, 'days_active_prog_start': 0, 'tagged': True, 'component': 'unknown', 'date_began': datetime.datetime(2018, 2, 7, 0, 0), 'date_tagged': datetime.datetime(2018, 6, 7, 0, 0), 'tagged_by_company': 'natural', 'tagged_by_crew': 1, 'init_detect_by': 'natural', 'init_detect_date': datetime.datetime(2018, 6, 7, 0, 0), 'requires_shutdown': False, 'date_repaired': datetime.datetime(2018, 6, 7, 16, 0), 'repair_delay': 0, 'OGI_sp_covered': 1}, {'leak_ID': 'ABRAND00814_0000000002', 'facility_ID': 'ABRAND00814', 'equipment_group': 1, 'rate': 0.018608654898951953, 'lat': 52.45, 'lon': -114.46, 'status': 'repaired', 'days_active': 120, 'days_active_prog_start': 0, 'tagged': True, 'component': 'unknown', 'date_began': datetime.datetime(2018, 12, 21, 0, 0), 'date_tagged': datetime.datetime(2019, 4, 20, 0, 0), 'tagged_by_company': 'natural', 'tagged_by_crew': 1, 'init_detect_by': 'natural', 'init_detect_date': datetime.datetime(2019, 4, 20, 0, 0), 'requires_shutdown': False, 'date_repaired': datetime.datetime(2019, 4, 20, 16, 0), 'repair_delay': 0, 'OGI_sp_covered': 1}, {'leak_ID': 'ABRAND00814_0000000003', 'facility_ID': 'ABRAND00814', 'equipment_group': 1, 'rate': 0.17681388580854793, 'lat': 52.45, 'lon': -114.46, 'status': 'repaired', 'days_active': 71, 'days_active_prog_start': 0, 'tagged': True, 'component': 'unknown', 'date_began': datetime.datetime(2020, 10, 1, 0, 0), 'date_tagged': datetime.datetime(2020, 11, 25, 10, 30), 'tagged_by_company': 'OGI', 'tagged_by_crew': 3, 'init_detect_by': 'OGI', 'init_detect_date': datetime.datetime(2020, 11, 25, 10, 30), 'requires_shutdown': False, 'date_repaired': datetime.datetime(2020, 12, 11, 16, 0), 'repair_delay': 16, 'OGI_sp_covered': 1}, {'leak_ID': 'ABRAND00814_0000000004', 'facility_ID': 'ABRAND00814', 'equipment_group': 1, 'rate': 0.008479566589216413, 'lat': 52.45, 'lon': -114.46, 'status': 'repaired', 'days_active': 120, 'days_active_prog_start': 0, 'tagged': True, 'component': 'unknown', 'date_began': datetime.datetime(2020, 11, 4, 0, 0), 'date_tagged': datetime.datetime(2021, 3, 4, 0, 0), 'tagged_by_company': 'natural', 'tagged_by_crew': 1, 'init_detect_by': 'natural', 'init_detect_date': datetime.datetime(2021, 3, 4, 0, 0), 'requires_shutdown': False, 'date_repaired': datetime.datetime(2021, 3, 4, 16, 0), 'repair_delay': 0, 'OGI_sp_covered': 1}, {'leak_ID': 'ABRAND00814_0000000005', 'facility_ID': 'ABRAND00814', 'equipment_group': 1, 'rate': 0.03463763910010405, 'lat': 52.45, 'lon': -114.46, 'status': 'repaired', 'days_active': 120, 'days_active_prog_start': 0, 'tagged': True, 'component': 'unknown', 'date_began': datetime.datetime(2021, 1, 18, 0, 0), 'date_tagged': datetime.datetime(2021, 5, 18, 0, 0), 'tagged_by_company': 'natural', 'tagged_by_crew': 1, 'init_detect_by': 'natural', 'init_detect_date': datetime.datetime(2021, 5, 18, 0, 0), 'requires_shutdown': False, 'date_repaired': datetime.datetime(2021, 5, 18, 16, 0), 'repair_delay': 0, 'OGI_sp_covered': 1}, {'leak_ID': 'ABRAND00814_0000000006', 'facility_ID': 'ABRAND00814', 'equipment_group': 1, 'rate': 0.0034431274290893147, 'lat': 52.45, 'lon': -114.46, 'status': 'repaired', 'days_active': 120, 'days_active_prog_start': 0, 'tagged': True, 'component': 'unknown', 'date_began': datetime.datetime(2021, 7, 19, 0, 0), 'date_tagged': datetime.datetime(2021, 11, 16, 0, 0), 'tagged_by_company': 'natural', 'tagged_by_crew': 1, 'init_detect_by': 'natural', 'init_detect_date': datetime.datetime(2021, 11, 16, 0, 0), 'requires_shutdown': False, 'date_repaired': datetime.datetime(2021, 11, 16, 16, 0), 'repair_delay': 0, 'OGI_sp_covered': 1}]",[],0,False,,,,3,4,35,30,False,6,8,0,7,0.0,2121.756428140666,0.533066132264529,0.8168244917107623,1.1626062619948854
ABRAND00463,601,53.61,-115.83,5,6,2,2,2,120,1,30,20,120,1,lognorm,0.062287158377333125,[1.462],"['kilogram', 'hour']",<scipy.stats._distn_infrastructure.rv_frozen object at 0x000002073C01D1C8>,0,7,60,1883.618212885649,[],"[{'leak_ID': 'ABRAND00463_0000000000', 'facility_ID': 'ABRAND00463', 'equipment_group': 5, 'rate': 0.10712920827307851, 'lat': 53.61, 'lon': -115.83, 'status': 'repaired', 'days_active': 101, 'days_active_prog_start': 0, 'tagged': True, 'component': 'unknown', 'date_began': datetime.datetime(2017, 5, 5, 0, 0), 'date_tagged': datetime.datetime(2017, 7, 29, 13, 0), 'tagged_by_company': 'OGI', 'tagged_by_crew': 1, 'init_detect_by': 'OGI', 'init_detect_date': datetime.datetime(2017, 7, 29, 13, 0), 'requires_shutdown': False, 'date_repaired': datetime.datetime(2017, 8, 14, 16, 0), 'repair_delay': 16, 'OGI_sp_covered': 1}, {'leak_ID': 'ABRAND00463_0000000001', 'facility_ID': 'ABRAND00463', 'equipment_group': 3, 'rate': 0.005416185636298266, 'lat': 53.61, 'lon': -115.83, 'status': 'repaired', 'days_active': 120, 'days_active_prog_start': 0, 'tagged': True, 'component': 'unknown', 'date_began': datetime.datetime(2017, 7, 29, 0, 0), 'date_tagged': datetime.datetime(2017, 11, 26, 0, 0), 'tagged_by_company': 'natural', 'tagged_by_crew': 1, 'init_detect_by': 'natural', 'init_detect_date': datetime.datetime(2017, 11, 26, 0, 0), 'requires_shutdown': False, 'date_repaired': datetime.datetime(2017, 11, 26, 16, 0), 'repair_delay': 0, 'OGI_sp_covered': 1}, {'leak_ID': 'ABRAND00463_0000000002', 'facility_ID': 'ABRAND00463', 'equipment_group': 4, 'rate': 0.022665717153475595, 'lat': 53.61, 'lon': -115.83, 'status': 'repaired', 'days_active': 120, 'days_active_prog_start': 0, 'tagged': True, 'component': 'unknown', 'date_began': datetime.datetime(2018, 8, 29, 0, 0), 'date_tagged': datetime.datetime(2018, 12, 27, 0, 0), 'tagged_by_company': 'natural', 'tagged_by_crew': 1, 'init_detect_by': 'natural', 'init_detect_date': datetime.datetime(2018, 12, 27, 0, 0), 'requires_shutdown': False, 'date_repaired': datetime.datetime(2018, 12, 27, 0, 0), 'repair_delay': 0, 'OGI_sp_covered': 1}, {'leak_ID': 'ABRAND00463_0000000003', 'facility_ID': 'ABRAND00463', 'equipment_group': 5, 'rate': 0.014337163499725143, 'lat': 53.61, 'lon': -115.83, 'status': 'repaired', 'days_active': 120, 'days_active_prog_start': 0, 'tagged': True, 'component': 'unknown', 'date_began': datetime.datetime(2019, 5, 18, 0, 0), 'date_tagged': datetime.datetime(2019, 9, 15, 0, 0), 'tagged_by_company': 'natural', 'tagged_by_crew': 1, 'init_detect_by': 'natural', 'init_detect_date': datetime.datetime(2019, 9, 15, 0, 0), 'requires_shutdown': False, 'date_repaired': datetime.datetime(2019, 9, 15, 16, 0), 'repair_delay': 0, 'OGI_sp_covered': 1}, {'leak_ID': 'ABRAND00463_0000000004', 'facility_ID': 'ABRAND00463', 'equipment_group': 1, 'rate': 0.06916795953762507, 'lat': 53.61, 'lon': -115.83, 'status': 'repaired', 'days_active': 27, 'days_active_prog_start': 0, 'tagged': True, 'component': 'unknown', 'date_began': datetime.datetime(2020, 5, 18, 0, 0), 'date_tagged': datetime.datetime(2020, 5, 29, 13, 0), 'tagged_by_company': 'OGI', 'tagged_by_crew': 1, 'init_detect_by': 'OGI', 'init_detect_date': datetime.datetime(2020, 5, 29, 13, 0), 'requires_shutdown': False, 'date_repaired': datetime.datetime(2020, 6, 14, 16, 0), 'repair_delay': 16, 'OGI_sp_covered': 1}, {'leak_ID': 'ABRAND00463_0000000005', 'facility_ID': 'ABRAND00463', 'equipment_group': 1, 'rate': 0.008680062066092772, 'lat': 53.61, 'lon': -115.83, 'status': 'repaired', 'days_active': 120, 'days_active_prog_start': 0, 'tagged': True, 'component': 'unknown', 'date_began': datetime.datetime(2020, 7, 25, 0, 0), 'date_tagged': datetime.datetime(2020, 11, 22, 0, 0), 'tagged_by_company': 'natural', 'tagged_by_crew': 1, 'init_detect_by': 'natural', 'init_detect_date': datetime.datetime(2020, 11, 22, 0, 0), 'requires_shutdown': False, 'date_repaired': datetime.datetime(2020, 11, 22, 16, 0), 'repair_delay': 0, 'OGI_sp_covered': 1}, {'leak_ID': 'ABRAND00463_0000000006', 'facility_ID': 'ABRAND00463', 'equipment_group': 1, 'rate': 0.02484713647871422, 'lat': 53.61, 'lon': -115.83, 'status': 'repaired', 'days_active': 120, 'days_active_prog_start': 0, 'tagged': True, 'component': 'unknown', 'date_began': datetime.datetime(2020, 12, 15, 0, 0), 'date_tagged': datetime.datetime(2021, 4, 14, 0, 0), 'tagged_by_company': 'natural', 'tagged_by_crew': 1, 'init_detect_by': 'natural', 'init_detect_date': datetime.datetime(2021, 4, 14, 0, 0), 'requires_shutdown': False, 'date_repaired': datetime.datetime(2021, 4, 14, 16, 0), 'repair_delay': 0, 'OGI_sp_covered': 1}]",[],0,False,,,,2,4,35,30,False,6,8,0,7,0.0,1883.618212885649,0.5350701402805611,0.818190486104252,1.032119568704465
ABRAND00616,361,52.97,-115.27,3,6,2,2,2,120,1,30,20,120,1,lognorm,0.062287158377333125,[1.462],"['kilogram', 'hour']",<scipy.stats._distn_infrastructure.rv_frozen object at 0x000002073C01D1C8>,0,10,60,2365.017007165058,[],"[{'leak_ID': 'ABRAND00616_0000000000', 'facility_ID': 'ABRAND00616', 'equipment_group': 1, 'rate': 0.010487690601816974, 'lat': 52.97, 'lon': -115.27, 'status': 'repaired', 'days_active': 120, 'days_active_prog_start': 0, 'tagged': True, 'component': 'unknown', 'date_began': datetime.datetime(2017, 7, 24, 0, 0), 'date_tagged': datetime.datetime(2017, 11, 21, 0, 0), 'tagged_by_company': 'natural', 'tagged_by_crew': 1, 'init_detect_by': 'natural', 'init_detect_date': datetime.datetime(2017, 11, 21, 0, 0), 'requires_shutdown': False, 'date_repaired': datetime.datetime(2017, 11, 21, 16, 0), 'repair_delay': 0, 'OGI_sp_covered': 1}, {'leak_ID': 'ABRAND00616_0000000001', 'facility_ID': 'ABRAND00616', 'equipment_group': 2, 'rate': 0.10364397443838057, 'lat': 52.97, 'lon': -115.27, 'status': 'repaired', 'days_active': 23, 'days_active_prog_start': 0, 'tagged': True, 'component': 'unknown', 'date_began': datetime.datetime(2018, 3, 24, 0, 0), 'date_tagged': datetime.datetime(2018, 3, 31, 13, 0), 'tagged_by_company': 'OGI', 'tagged_by_crew': 2, 'init_detect_by': 'OGI', 'init_detect_date': datetime.datetime(2018, 3, 31, 13, 0), 'requires_shutdown': False, 'date_repaired': datetime.datetime(2018, 4, 16, 16, 0), 'repair_delay': 16, 'OGI_sp_covered': 1}, {'leak_ID': 'ABRAND00616_0000000002', 'facility_ID': 'ABRAND00616', 'equipment_group': 3, 'rate': 0.014300299726833386, 'lat': 52.97, 'lon': -115.27, 'status': 'repaired', 'days_active': 120, 'days_active_prog_start': 0, 'tagged': True, 'component': 'unknown', 'date_began': datetime.datetime(2018, 6, 18, 0, 0), 'date_tagged': datetime.datetime(2018, 10, 16, 0, 0), 'tagged_by_company': 'natural', 'tagged_by_crew': 1, 'init_detect_by': 'natural', 'init_detect_date': datetime.datetime(2018, 10, 16, 0, 0), 'requires_shutdown': False, 'date_repaired': datetime.datetime(2018, 10, 16, 16, 0), 'repair_delay': 0, 'OGI_sp_covered': 1}, {'leak_ID': 'ABRAND00616_0000000003', 'facility_ID': 'ABRAND00616', 'equipment_group': 1, 'rate': 0.025899649776838674, 'lat': 52.97, 'lon': -115.27, 'status': 'repaired', 'days_active': 120, 'days_active_prog_start': 0, 'tagged': True, 'component': 'unknown', 'date_began': datetime.datetime(2018, 7, 23, 0, 0), 'date_tagged': datetime.datetime(2018, 11, 20, 0, 0), 'tagged_by_company': 'natural', 'tagged_by_crew': 1, 'init_detect_by': 'natural', 'init_detect_date': datetime.datetime(2018, 11, 20, 0, 0), 'requires_shutdown': False, 'date_repaired': datetime.datetime(2018, 11, 20, 16, 0), 'repair_delay': 0, 'OGI_sp_covered': 1}, {'leak_ID': 'ABRAND00616_0000000004', 'facility_ID': 'ABRAND00616', 'equipment_group': 2, 'rate': 0.008808974601330937, 'lat': 52.97, 'lon': -115.27, 'status': 'repaired', 'days_active': 120, 'days_active_prog_start': 0, 'tagged': True, 'component': 'unknown', 'date_began': datetime.datetime(2018, 10, 7, 0, 0), 'date_tagged': datetime.datetime(2019, 2, 4, 0, 0), 'tagged_by_company': 'natural', 'tagged_by_crew': 1, 'init_detect_by': 'natural', 'init_detect_date': datetime.datetime(2019, 2, 4, 0, 0), 'requires_shutdown': False, 'date_repaired': datetime.datetime(2019, 2, 4, 16, 0), 'repair_delay': 0, 'OGI_sp_covered': 0}, {'leak_ID': 'ABRAND00616_0000000005', 'facility_ID': 'ABRAND00616', 'equipment_group': 3, 'rate': 0.09681918965110392, 'lat': 52.97, 'lon': -115.27, 'status': 'repaired', 'days_active': 73, 'days_active_prog_start': 0, 'tagged': True, 'component': 'unknown', 'date_began': datetime.datetime(2019, 8, 1, 0, 0), 'date_tagged': datetime.datetime(2019, 9, 27, 13, 0), 'tagged_by_company': 'OGI', 'tagged_by_crew': 2, 'init_detect_by': 'OGI', 'init_detect_date': datetime.datetime(2019, 9, 27, 13, 0), 'requires_shutdown': False, 'date_repaired': datetime.datetime(2019, 10, 13, 16, 0), 'repair_delay': 16, 'OGI_sp_covered': 1}, {'leak_ID': 'ABRAND00616_0000000006', 'facility_ID': 'ABRAND00616', 'equipment_group': 3, 'rate': 0.003860477013522157, 'lat': 52.97, 'lon': -115.27, 'status': 'repaired', 'days_active': 120, 'days_active_prog_start': 0, 'tagged': True, 'component': 'unknown', 'date_began': datetime.datetime(2019, 8, 5, 0, 0), 'date_tagged': datetime.datetime(2019, 12, 3, 0, 0), 'tagged_by_company': 'natural', 'tagged_by_crew': 1, 'init_detect_by': 'natural', 'init_detect_date': datetime.datetime(2019, 12, 3, 0, 0), 'requires_shutdown': False, 'date_repaired': datetime.datetime(2019, 12, 3, 16, 0), 'repair_delay': 0, 'OGI_sp_covered': 1}, {'leak_ID': 'ABRAND00616_0000000007', 'facility_ID': 'ABRAND00616', 'equipment_group': 1, 'rate': 0.06074120449222352, 'lat': 52.97, 'lon': -115.27, 'status': 'repaired', 'days_active': 120, 'days_active_prog_start': 0, 'tagged': True, 'component': 'unknown', 'date_began': datetime.datetime(2020, 6, 11, 0, 0), 'date_tagged': datetime.datetime(2020, 10, 9, 0, 0), 'tagged_by_company': 'natural', 'tagged_by_crew': 2, 'init_detect_by': 'OGI', 'init_detect_date': datetime.datetime(2020, 9, 26, 13, 0), 'requires_shutdown': False, 'date_repaired': datetime.datetime(2020, 10, 9, 16, 0), 'repair_delay': 0, 'OGI_sp_covered': 1}, {'leak_ID': 'ABRAND00616_0000000008', 'facility_ID': 'ABRAND00616', 'equipment_group': 3, 'rate': 0.011345462020967558, 'lat': 52.97, 'lon': -115.27, 'status': 'repaired', 'days_active': 120, 'days_active_prog_start': 0, 'tagged': True, 'component': 'unknown', 'date_began': datetime.datetime(2020, 9, 18, 0, 0), 'date_tagged': datetime.datetime(2021, 1, 16, 0, 0), 'tagged_by_company': 'natural', 'tagged_by_crew': 1, 'init_detect_by': 'natural', 'init_detect_date': datetime.datetime(2021, 1, 16, 0, 0), 'requires_shutdown': False, 'date_repaired': datetime.datetime(2021, 1, 16, 16, 0), 'repair_delay': 0, 'OGI_sp_covered': 1}, {'leak_ID': 'ABRAND00616_0000000009', 'facility_ID': 'ABRAND00616', 'equipment_group': 2, 'rate': 0.013900156522800274, 'lat': 52.97, 'lon': -115.27, 'status': 'repaired', 'days_active': 120, 'days_active_prog_start': 0, 'tagged': True, 'component': 'unknown', 'date_began': datetime.datetime(2020, 12, 6, 0, 0), 'date_tagged': datetime.datetime(2021, 4, 5, 0, 0), 'tagged_by_company': 'natural', 'tagged_by_crew': 1, 'init_detect_by': 'natural', 'init_detect_date': datetime.datetime(2021, 4, 5, 0, 0), 'requires_shutdown': False, 'date_repaired': datetime.datetime(2021, 4, 5, 16, 0), 'repair_delay': 0, 'OGI_sp_covered': 0}]",[],0,False,,,,2,4,35,30,False,6,11,0,10,0.0,2365.017007165058,0.5370741482965932,0.8195553157449306,1.2958997299534565
ABRAND00911,601,52.31,-114.24,4,6,2,2,2,120,1,30,20,120,1,lognorm,0.062287158377333125,[1.462],"['kilogram', 'hour']",<scipy.stats._distn_infrastructure.rv_frozen object at 0x000002073C01D1C8>,0,8,60,1068.1314069443813,"[{'leak_ID': 'ABRAND00911_0000000006', 'facility_ID': 'ABRAND00911', 'equipment_group': 3, 'rate': 0.002576875721900309, 'lat': 52.31, 'lon': -114.24, 'status': 'active', 'days_active': 38, 'days_active_prog_start': 0, 'tagged': False, 'component': 'unknown', 'date_began': datetime.datetime(2021, 11, 22, 0, 0), 'date_tagged': None, 'tagged_by_company': None, 'tagged_by_crew': None, 'init_detect_by': None, 'init_detect_date': None, 'requires_shutdown': False, 'date_repaired': None, 'repair_delay': None, 'OGI_sp_covered': 1}, {'leak_ID': 'ABRAND00911_0000000007', 'facility_ID': 'ABRAND00911', 'equipment_group': 4, 'rate': 0.004373061320803178, 'lat': 52.31, 'lon': -114.24, 'status': 'active', 'days_active': 13, 'days_active_prog_start': 0, 'tagged': False, 'component': 'unknown', 'date_began': datetime.datetime(2021, 12, 17, 0, 0), 'date_tagged': None, 'tagged_by_company': None, 'tagged_by_crew': None, 'init_detect_by': None, 'init_detect_date': None, 'requires_shutdown': False, 'date_repaired': None, 'repair_delay': None}]","[{'leak_ID': 'ABRAND00911_0000000000', 'facility_ID': 'ABRAND00911', 'equipment_group': 1, 'rate': 0.03610127666937872, 'lat': 52.31, 'lon': -114.24, 'status': 'repaired', 'days_active': 120, 'days_active_prog_start': 0, 'tagged': True, 'component': 'unknown', 'date_began': datetime.datetime(2017, 4, 23, 0, 0), 'date_tagged': datetime.datetime(2017, 8, 21, 0, 0), 'tagged_by_company': 'natural', 'tagged_by_crew': 1, 'init_detect_by': 'natural', 'init_detect_date': datetime.datetime(2017, 8, 21, 0, 0), 'requires_shutdown': False, 'date_repaired': datetime.datetime(2017, 8, 21, 16, 0), 'repair_delay': 0, 'OGI_sp_covered': 1}, {'leak_ID': 'ABRAND00911_0000000001', 'facility_ID': 'ABRAND00911', 'equipment_group': 2, 'rate': 0.019891942163010812, 'lat': 52.31, 'lon': -114.24, 'status': 'repaired', 'days_active': 120, 'days_active_prog_start': 0, 'tagged': True, 'component': 'unknown', 'date_began': datetime.datetime(2017, 10, 10, 0, 0), 'date_tagged': datetime.datetime(2018, 2, 7, 0, 0), 'tagged_by_company': 'natural', 'tagged_by_crew': 1, 'init_detect_by': 'natural', 'init_detect_date': datetime.datetime(2018, 2, 7, 0, 0), 'requires_shutdown': False, 'date_repaired': datetime.datetime(2018, 2, 7, 16, 0), 'repair_delay': 0, 'OGI_sp_covered': 1}, {'leak_ID': 'ABRAND00911_0000000002', 'facility_ID': 'ABRAND00911', 'equipment_group': 4, 'rate': 0.00274162182580574, 'lat': 52.31, 'lon': -114.24, 'status': 'repaired', 'days_active': 120, 'days_active_prog_start': 0, 'tagged': True, 'component': 'unknown', 'date_began': datetime.datetime(2018, 3, 11, 0, 0), 'date_tagged': datetime.datetime(2018, 7, 9, 0, 0), 'tagged_by_company': 'natural', 'tagged_by_crew': 1, 'init_detect_by': 'natural', 'init_detect_date': datetime.datetime(2018, 7, 9, 0, 0), 'requires_shutdown': False, 'date_repaired': datetime.datetime(2018, 7, 9, 16, 0), 'repair_delay': 0, 'OGI_sp_covered': 1}, {'leak_ID': 'ABRAND00911_0000000003', 'facility_ID': 'ABRAND00911', 'equipment_group': 3, 'rate': 0.014750758458001861, 'lat': 52.31, 'lon': -114.24, 'status': 'repaired', 'days_active': 120, 'days_active_prog_start': 0, 'tagged': True, 'component': 'unknown', 'date_began': datetime.datetime(2018, 11, 1, 0, 0), 'date_tagged': datetime.datetime(2019, 3, 1, 0, 0), 'tagged_by_company': 'natural', 'tagged_by_crew': 1, 'init_detect_by': 'natural', 'init_detect_date': datetime.datetime(2019, 3, 1, 0, 0), 'requires_shutdown': False, 'date_repaired': datetime.datetime(2019, 3, 1, 0, 0), 'repair_delay': 0, 'OGI_sp_covered': 1}, {'leak_ID': 'ABRAND00911_0000000004', 'facility_ID': 'ABRAND00911', 'equipment_group': 1, 'rate': 0.04450714643294922, 'lat': 52.31, 'lon': -114.24, 'status': 'repaired', 'days_active': 75, 'days_active_prog_start': 0, 'tagged': True, 'component': 'unknown', 'date_began': datetime.datetime(2019, 4, 1, 0, 0), 'date_tagged': datetime.datetime(2019, 5, 30, 13, 0), 'tagged_by_company': 'OGI', 'tagged_by_crew': 3, 'init_detect_by': 'OGI', 'init_detect_date': datetime.datetime(2019, 5, 30, 13, 0), 'requires_shutdown': False, 'date_repaired': datetime.datetime(2019, 6, 15, 16, 0), 'repair_delay': 16, 'OGI_sp_covered': 1}, {'leak_ID': 'ABRAND00911_0000000005', 'facility_ID': 'ABRAND00911', 'equipment_group': 3, 'rate': 0.00042960894834771275, 'lat': 52.31, 'lon': -114.24, 'status': 'repaired', 'days_active': 120, 'days_active_prog_start': 0, 'tagged': True, 'component': 'unknown', 'date_began': datetime.datetime(2019, 6, 4, 0, 0), 'date_tagged': datetime.datetime(2019, 10, 2, 0, 0), 'tagged_by_company': 'natural', 'tagged_by_crew': 1, 'init_detect_by': 'natural', 'init_detect_date': datetime.datetime(2019, 10, 2, 0, 0), 'requires_shutdown': False, 'date_repaired': datetime.datetime(2019, 10, 2, 16, 0), 'repair_delay': 0, 'OGI_sp_covered': 1}]",[],0,False,,,,3,4,35,30,False,6,9,2,6,13.372220845669226,1054.759186098712,0.5390781563126252,0.8209117162058837,0.5852774832571952
ABRAND00372,311,52.82,-116.08,3,6,2,2,2,120,1,30,20,120,1,lognorm,0.062287158377333125,[1.462],"['kilogram', 'hour']",<scipy.stats._distn_infrastructure.rv_frozen object at 0x000002073C01D1C8>,0,3,60,629.1754119668199,"[{'leak_ID': 'ABRAND00372_0000000002', 'facility_ID': 'ABRAND00372', 'equipment_group': 2, 'rate': 0.010166576018200386, 'lat': 52.82, 'lon': -116.08, 'status': 'active', 'days_active': 11, 'days_active_prog_start': 0, 'tagged': False, 'component': 'unknown', 'date_began': datetime.datetime(2021, 12, 19, 0, 0), 'date_tagged': None, 'tagged_by_company': None, 'tagged_by_crew': None, 'init_detect_by': None, 'init_detect_date': None, 'requires_shutdown': False, 'date_repaired': None, 'repair_delay': None}]","[{'leak_ID': 'ABRAND00372_0000000000', 'facility_ID': 'ABRAND00372', 'equipment_group': 3, 'rate': 0.03530633201115311, 'lat': 52.82, 'lon': -116.08, 'status': 'repaired', 'days_active': 120, 'days_active_prog_start': 0, 'tagged': True, 'component': 'unknown', 'date_began': datetime.datetime(2017, 1, 18, 0, 0), 'date_tagged': datetime.datetime(2017, 5, 18, 0, 0), 'tagged_by_company': 'natural', 'tagged_by_crew': 1, 'init_detect_by': 'natural', 'init_detect_date': datetime.datetime(2017, 5, 18, 0, 0), 'requires_shutdown': False, 'date_repaired': datetime.datetime(2017, 5, 18, 16, 0), 'repair_delay': 0, 'OGI_sp_covered': 1}, {'leak_ID': 'ABRAND00372_0000000001', 'facility_ID': 'ABRAND00372', 'equipment_group': 2, 'rate': 0.052384475824133324, 'lat': 52.82, 'lon': -116.08, 'status': 'repaired', 'days_active': 56, 'days_active_prog_start': 0, 'tagged': True, 'component': 'unknown', 'date_began': datetime.datetime(2019, 8, 19, 0, 0), 'date_tagged': datetime.datetime(2019, 9, 28, 8, 0), 'tagged_by_company': 'OGI', 'tagged_by_crew': 1, 'init_detect_by': 'OGI', 'init_detect_date': datetime.datetime(2019, 9, 28, 8, 0), 'requires_shutdown': False, 'date_repaired': datetime.datetime(2019, 10, 14, 16, 0), 'repair_delay': 16, 'OGI_sp_covered': 1}]",[],0,False,,,,2,4,34,30,False,6,1,1,2,9.662313847697648,619.5130981191222,0.5410821643286573,0.8222675251063359,0.344753650392778
ABRAND00347,601,53.16,-116.19,3,6,2,2,2,120,1,30,20,120,1,lognorm,0.062287158377333125,[1.462],"['kilogram', 'hour']",<scipy.stats._distn_infrastructure.rv_frozen object at 0x000002073C01D1C8>,0,1,60,340.0435537184683,[],"[{'leak_ID': 'ABRAND00347_0000000000', 'facility_ID': 'ABRAND00347', 'equipment_group': 3, 'rate': 0.032797410659574484, 'lat': 53.16, 'lon': -116.19, 'status': 'repaired', 'days_active': 120, 'days_active_prog_start': 0, 'tagged': True, 'component': 'unknown', 'date_began': datetime.datetime(2017, 9, 6, 0, 0), 'date_tagged': datetime.datetime(2018, 1, 4, 0, 0), 'tagged_by_company': 'natural', 'tagged_by_crew': 1, 'init_detect_by': 'natural', 'init_detect_date': datetime.datetime(2018, 1, 4, 0, 0), 'requires_shutdown': False, 'date_repaired': datetime.datetime(2018, 1, 4, 16, 0), 'repair_delay': 0, 'OGI_sp_covered': 0}]",[],0,False,,,,2,4,34,30,False,6,1,0,1,0.0,340.0435537184683,0.5430861723446894,0.8236230929843201,0.1863252349142292
ABRAND00344,621,53.02,-116.19,3,6,2,2,2,120,1,30,20,120,1,lognorm,0.062287158377333125,[1.462],"['kilogram', 'hour']",<scipy.stats._distn_infrastructure.rv_frozen object at 0x000002073C01D1C8>,0,4,60,985.5377786857048,[],"[{'leak_ID': 'ABRAND00344_0000000000', 'facility_ID': 'ABRAND00344', 'equipment_group': 2, 'rate': 0.11695508296986512, 'lat': 53.02, 'lon': -116.19, 'status': 'repaired', 'days_active': 31, 'days_active_prog_start': 0, 'tagged': True, 'component': 'unknown', 'date_began': datetime.datetime(2018, 7, 15, 0, 0), 'date_tagged': datetime.datetime(2018, 7, 30, 8, 0), 'tagged_by_company': 'OGI', 'tagged_by_crew': 3, 'init_detect_by': 'OGI', 'init_detect_date': datetime.datetime(2018, 7, 30, 8, 0), 'requires_shutdown': False, 'date_repaired': datetime.datetime(2018, 8, 15, 16, 0), 'repair_delay': 16, 'OGI_sp_covered': 1}, {'leak_ID': 'ABRAND00344_0000000001', 'facility_ID': 'ABRAND00344', 'equipment_group': 3, 'rate': 0.011825151920199633, 'lat': 53.02, 'lon': -116.19, 'status': 'repaired', 'days_active': 120, 'days_active_prog_start': 0, 'tagged': True, 'component': 'unknown', 'date_began': datetime.datetime(2020, 11, 30, 0, 0), 'date_tagged': datetime.datetime(2021, 3, 30, 0, 0), 'tagged_by_company': 'natural', 'tagged_by_crew': 1, 'init_detect_by': 'natural', 'init_detect_date': datetime.datetime(2021, 3, 30, 0, 0), 'requires_shutdown': False, 'date_repaired': datetime.datetime(2021, 3, 30, 16, 0), 'repair_delay': 0, 'OGI_sp_covered': 1}, {'leak_ID': 'ABRAND00344_0000000002', 'facility_ID': 'ABRAND00344', 'equipment_group': 1, 'rate': 0.027029133132197975, 'lat': 53.02, 'lon': -116.19, 'status': 'repaired', 'days_active': 120, 'days_active_prog_start': 0, 'tagged': True, 'component': 'unknown', 'date_began': datetime.datetime(2021, 1, 4, 0, 0), 'date_tagged': datetime.datetime(2021, 5, 4, 0, 0), 'tagged_by_company': 'natural', 'tagged_by_crew': 1, 'init_detect_by': 'natural', 'init_detect_date': datetime.datetime(2021, 5, 4, 0, 0), 'requires_shutdown': False, 'date_repaired': datetime.datetime(2021, 5, 4, 16, 0), 'repair_delay': 0, 'OGI_sp_covered': 1}, {'leak_ID': 'ABRAND00344_0000000003', 'facility_ID': 'ABRAND00344', 'equipment_group': 3, 'rate': 0.04392345739370754, 'lat': 53.02, 'lon': -116.19, 'status': 'repaired', 'days_active': 71, 'days_active_prog_start': 0, 'tagged': True, 'component': 'unknown', 'date_began': datetime.datetime(2021, 4, 6, 0, 0), 'date_tagged': datetime.datetime(2021, 5, 31, 8, 0), 'tagged_by_company': 'OGI', 'tagged_by_crew': 3, 'init_detect_by': 'OGI', 'init_detect_date': datetime.datetime(2021, 5, 31, 8, 0), 'requires_shutdown': False, 'date_repaired': datetime.datetime(2021, 6, 16, 16, 0), 'repair_delay': 16, 'OGI_sp_covered': 1}]",[],0,False,,,,2,4,34,30,False,6,3,0,4,0.0,985.5377786857048,0.5450901803607214,0.824975722819875,0.5400207006497012
ABRAND00200,351,54.45,-118.76,5,6,2,2,2,120,1,30,20,120,1,lognorm,0.062287158377333125,[1.462],"['kilogram', 'hour']",<scipy.stats._distn_infrastructure.rv_frozen object at 0x000002073C01D1C8>,0,7,60,993.131095541233,[],"[{'leak_ID': 'ABRAND00200_0000000000', 'facility_ID': 'ABRAND00200', 'equipment_group': 5, 'rate': 0.1162434743741595, 'lat': 54.45, 'lon': -118.76, 'status': 'repaired', 'days_active': 55, 'days_active_prog_start': 0, 'tagged': True, 'component': 'unknown', 'date_began': datetime.datetime(2017, 8, 20, 0, 0), 'date_tagged': datetime.datetime(2017, 9, 28, 10, 30), 'tagged_by_company': 'OGI', 'tagged_by_crew': 1, 'init_detect_by': 'OGI', 'init_detect_date': datetime.datetime(2017, 9, 28, 10, 30), 'requires_shutdown': False, 'date_repaired': datetime.datetime(2017, 10, 14, 16, 0), 'repair_delay': 16, 'OGI_sp_covered': 1}, {'leak_ID': 'ABRAND00200_0000000001', 'facility_ID': 'ABRAND00200', 'equipment_group': 5, 'rate': 0.000606546643370154, 'lat': 54.45, 'lon': -118.76, 'status': 'repaired', 'days_active': 120, 'days_active_prog_start': 0, 'tagged': True, 'component': 'unknown', 'date_began': datetime.datetime(2018, 2, 18, 0, 0), 'date_tagged': datetime.datetime(2018, 6, 18, 0, 0), 'tagged_by_company': 'natural', 'tagged_by_crew': 1, 'init_detect_by': 'natural', 'init_detect_date': datetime.datetime(2018, 6, 18, 0, 0), 'requires_shutdown': False, 'date_repaired': datetime.datetime(2018, 6, 18, 16, 0), 'repair_delay': 0, 'OGI_sp_covered': 1}, {'leak_ID': 'ABRAND00200_0000000002', 'facility_ID': 'ABRAND00200', 'equipment_group': 5, 'rate': 0.0048740731279805155, 'lat': 54.45, 'lon': -118.76, 'status': 'repaired', 'days_active': 120, 'days_active_prog_start': 0, 'tagged': True, 'component': 'unknown', 'date_began': datetime.datetime(2018, 3, 15, 0, 0), 'date_tagged': datetime.datetime(2018, 7, 13, 0, 0), 'tagged_by_company': 'natural', 'tagged_by_crew': 1, 'init_detect_by': 'natural', 'init_detect_date': datetime.datetime(2018, 7, 13, 0, 0), 'requires_shutdown': False, 'date_repaired': datetime.datetime(2018, 7, 13, 16, 0), 'repair_delay': 0, 'OGI_sp_covered': 1}, {'leak_ID': 'ABRAND00200_0000000003', 'facility_ID': 'ABRAND00200', 'equipment_group': 5, 'rate': 0.01195283635471058, 'lat': 54.45, 'lon': -118.76, 'status': 'repaired', 'days_active': 120, 'days_active_prog_start': 0, 'tagged': True, 'component': 'unknown', 'date_began': datetime.datetime(2019, 7, 7, 0, 0), 'date_tagged': datetime.datetime(2019, 11, 4, 0, 0), 'tagged_by_company': 'natural', 'tagged_by_crew': 1, 'init_detect_by': 'natural', 'init_detect_date': datetime.datetime(2019, 11, 4, 0, 0), 'requires_shutdown': False, 'date_repaired': datetime.datetime(2019, 11, 4, 16, 0), 'repair_delay': 0, 'OGI_sp_covered': 1}, {'leak_ID': 'ABRAND00200_0000000004', 'facility_ID': 'ABRAND00200', 'equipment_group': 4, 'rate': 0.004888147017275959, 'lat': 54.45, 'lon': -118.76, 'status': 'repaired', 'days_active': 120, 'days_active_prog_start': 0, 'tagged': True, 'component': 'unknown', 'date_began': datetime.datetime(2020, 5, 24, 0, 0), 'date_tagged': datetime.datetime(2020, 9, 21, 0, 0), 'tagged_by_company': 'natural', 'tagged_by_crew': 1, 'init_detect_by': 'natural', 'init_detect_date': datetime.datetime(2020, 9, 21, 0, 0), 'requires_shutdown': False, 'date_repaired': datetime.datetime(2020, 9, 21, 16, 0), 'repair_delay': 0, 'OGI_sp_covered': 1}, {'leak_ID': 'ABRAND00200_0000000005', 'facility_ID': 'ABRAND00200', 'equipment_group': 3, 'rate': 0.019075246950434645, 'lat': 54.45, 'lon': -118.76, 'status': 'repaired', 'days_active': 120, 'days_active_prog_start': 0, 'tagged': True, 'component': 'unknown', 'date_began': datetime.datetime(2020, 11, 24, 0, 0), 'date_tagged': datetime.datetime(2021, 3, 24, 0, 0), 'tagged_by_company': 'natural', 'tagged_by_crew': 1, 'init_detect_by': 'natural', 'init_detect_date': datetime.datetime(2021, 3, 24, 0, 0), 'requires_shutdown': False, 'date_repaired': datetime.datetime(2021, 3, 24, 16, 0), 'repair_delay': 0, 'OGI_sp_covered': 1}, {'leak_ID': 'ABRAND00200_0000000006', 'facility_ID': 'ABRAND00200', 'equipment_group': 3, 'rate': 0.0011129980269097648, 'lat': 54.45, 'lon': -118.76, 'status': 'repaired', 'days_active': 120, 'days_active_prog_start': 0, 'tagged': True, 'component': 'unknown', 'date_began': datetime.datetime(2021, 1, 2, 0, 0), 'date_tagged': datetime.datetime(2021, 5, 2, 0, 0), 'tagged_by_company': 'natural', 'tagged_by_crew': 1, 'init_detect_by': 'natural', 'init_detect_date': datetime.datetime(2021, 5, 2, 0, 0), 'requires_shutdown': False, 'date_repaired': datetime.datetime(2021, 5, 2, 16, 0), 'repair_delay': 0, 'OGI_sp_covered': 0}]",[],0,False,,,,2,4,34,30,False,6,9,0,7,0.0,993.131095541233,0.5470941883767535,0.8263281818619557,0.5441814222143743
ABRAND01086,601,51.03,-111.55,2,6,2,2,2,120,1,30,20,120,1,lognorm,0.062287158377333125,[1.462],"['kilogram', 'hour']",<scipy.stats._distn_infrastructure.rv_frozen object at 0x000002073C01D1C8>,0,4,60,15239.067310425778,[],"[{'leak_ID': 'ABRAND01086_0000000000', 'facility_ID': 'ABRAND01086', 'equipment_group': 1, 'rate': 0.0023727294021573687, 'lat': 51.03, 'lon': -111.55, 'status': 'repaired', 'days_active': 120, 'days_active_prog_start': 0, 'tagged': True, 'component': 'unknown', 'date_began': datetime.datetime(2019, 5, 24, 0, 0), 'date_tagged': datetime.datetime(2019, 9, 21, 0, 0), 'tagged_by_company': 'natural', 'tagged_by_crew': 1, 'init_detect_by': 'natural', 'init_detect_date': datetime.datetime(2019, 9, 21, 0, 0), 'requires_shutdown': False, 'date_repaired': datetime.datetime(2019, 9, 21, 16, 0), 'repair_delay': 0, 'OGI_sp_covered': 1}, {'leak_ID': 'ABRAND01086_0000000001', 'facility_ID': 'ABRAND01086', 'equipment_group': 1, 'rate': 1.4487435329954823, 'lat': 51.03, 'lon': -111.55, 'status': 'repaired', 'days_active': 120, 'days_active_prog_start': 0, 'tagged': True, 'component': 'unknown', 'date_began': datetime.datetime(2019, 6, 14, 0, 0), 'date_tagged': datetime.datetime(2019, 10, 12, 0, 0), 'tagged_by_company': 'natural', 'tagged_by_crew': 2, 'init_detect_by': 'OGI', 'init_detect_date': datetime.datetime(2019, 9, 28, 10, 30), 'requires_shutdown': False, 'date_repaired': datetime.datetime(2019, 10, 12, 16, 0), 'repair_delay': 0, 'OGI_sp_covered': 1}, {'leak_ID': 'ABRAND01086_0000000002', 'facility_ID': 'ABRAND01086', 'equipment_group': 2, 'rate': 0.017125162768013596, 'lat': 51.03, 'lon': -111.55, 'status': 'repaired', 'days_active': 120, 'days_active_prog_start': 0, 'tagged': True, 'component': 'unknown', 'date_began': datetime.datetime(2020, 7, 21, 0, 0), 'date_tagged': datetime.datetime(2020, 11, 18, 0, 0), 'tagged_by_company': 'natural', 'tagged_by_crew': 1, 'init_detect_by': 'natural', 'init_detect_date': datetime.datetime(2020, 11, 18, 0, 0), 'requires_shutdown': False, 'date_repaired': datetime.datetime(2020, 11, 18, 16, 0), 'repair_delay': 0, 'OGI_sp_covered': 1}, {'leak_ID': 'ABRAND01086_0000000003', 'facility_ID': 'ABRAND01086', 'equipment_group': 2, 'rate': 0.001576023756586108, 'lat': 51.03, 'lon': -111.55, 'status': 'repaired', 'days_active': 120, 'days_active_prog_start': 0, 'tagged': True, 'component': 'unknown', 'date_began': datetime.datetime(2021, 4, 30, 0, 0), 'date_tagged': datetime.datetime(2021, 8, 28, 0, 0), 'tagged_by_company': 'natural', 'tagged_by_crew': 1, 'init_detect_by': 'natural', 'init_detect_date': datetime.datetime(2021, 8, 28, 0, 0), 'requires_shutdown': False, 'date_repaired': datetime.datetime(2021, 8, 28, 0, 0), 'repair_delay': 0, 'OGI_sp_covered': 1}]",[],0,False,,,,3,4,34,30,False,6,5,0,4,0.0,15239.067310425778,0.5490981963927856,0.827680061406623,8.350173868726454
ABRAND01032,601,51.68,-113.26,2,6,2,2,2,120,1,30,20,120,1,lognorm,0.062287158377333125,[1.462],"['kilogram', 'hour']",<scipy.stats._distn_infrastructure.rv_frozen object at 0x000002073C01D1C8>,1,6,60,683.8327096649207,[],"[{'leak_ID': 'ABRAND01032_0000000001', 'facility_ID': 'ABRAND01032', 'equipment_group': 1, 'rate': 0.05632713932219644, 'lat': 51.68, 'lon': -113.26, 'status': 'repaired', 'days_active': 120, 'days_active_prog_start': 58, 'tagged': True, 'component': 'unknown', 'date_began': datetime.datetime(2016, 11, 4, 0, 0), 'date_tagged': datetime.datetime(2017, 3, 3, 0, 0), 'tagged_by_company': 'natural', 'tagged_by_crew': 1, 'init_detect_by': 'natural', 'init_detect_date': datetime.datetime(2017, 3, 3, 0, 0), 'requires_shutdown': False, 'date_repaired': datetime.datetime(2017, 3, 3, 16, 0), 'repair_delay': 0, 'OGI_sp_covered': 1}, {'leak_ID': 'ABRAND01032_0000000001', 'facility_ID': 'ABRAND01032', 'equipment_group': 2, 'rate': 0.005589121340349578, 'lat': 51.68, 'lon': -113.26, 'status': 'repaired', 'days_active': 120, 'days_active_prog_start': 0, 'tagged': True, 'component': 'unknown', 'date_began': datetime.datetime(2017, 9, 9, 0, 0), 'date_tagged': datetime.datetime(2018, 1, 7, 0, 0), 'tagged_by_company': 'natural', 'tagged_by_crew': 1, 'init_detect_by': 'natural', 'init_detect_date': datetime.datetime(2018, 1, 7, 0, 0), 'requires_shutdown': False, 'date_repaired': datetime.datetime(2018, 1, 7, 16, 0), 'repair_delay': 0, 'OGI_sp_covered': 1}, {'leak_ID': 'ABRAND01032_0000000002', 'facility_ID': 'ABRAND01032', 'equipment_group': 2, 'rate': 0.0023341104939741866, 'lat': 51.68, 'lon': -113.26, 'status': 'repaired', 'days_active': 120, 'days_active_prog_start': 0, 'tagged': True, 'component': 'unknown', 'date_began': datetime.datetime(2018, 11, 24, 0, 0), 'date_tagged': datetime.datetime(2019, 3, 24, 0, 0), 'tagged_by_company': 'natural', 'tagged_by_crew': 1, 'init_detect_by': 'natural', 'init_detect_date': datetime.datetime(2019, 3, 24, 0, 0), 'requires_shutdown': False, 'date_repaired': datetime.datetime(2019, 3, 24, 16, 0), 'repair_delay': 0, 'OGI_sp_covered': 1}, {'leak_ID': 'ABRAND01032_0000000003', 'facility_ID': 'ABRAND01032', 'equipment_group': 1, 'rate': 0.008927439281851605, 'lat': 51.68, 'lon': -113.26, 'status': 'repaired', 'days_active': 120, 'days_active_prog_start': 0, 'tagged': True, 'component': 'unknown', 'date_began': datetime.datetime(2020, 5, 1, 0, 0), 'date_tagged': datetime.datetime(2020, 8, 29, 0, 0), 'tagged_by_company': 'natural', 'tagged_by_crew': 1, 'init_detect_by': 'natural', 'init_detect_date': datetime.datetime(2020, 8, 29, 0, 0), 'requires_shutdown': False, 'date_repaired': datetime.datetime(2020, 8, 29, 16, 0), 'repair_delay': 0, 'OGI_sp_covered': 1}, {'leak_ID': 'ABRAND01032_0000000004', 'facility_ID': 'ABRAND01032', 'equipment_group': 2, 'rate': 0.015468478680188504, 'lat': 51.68, 'lon': -113.26, 'status': 'repaired', 'days_active': 120, 'days_active_prog_start': 0, 'tagged': True, 'component': 'unknown', 'date_began': datetime.datetime(2021, 4, 12, 0, 0), 'date_tagged': datetime.datetime(2021, 8, 10, 0, 0), 'tagged_by_company': 'natural', 'tagged_by_crew': 1, 'init_detect_by': 'natural', 'init_detect_date': datetime.datetime(2021, 8, 10, 0, 0), 'requires_shutdown': False, 'date_repaired': datetime.datetime(2021, 8, 10, 16, 0), 'repair_delay': 0, 'OGI_sp_covered': 1}, {'leak_ID': 'ABRAND01032_0000000005', 'facility_ID': 'ABRAND01032', 'equipment_group': 1, 'rate': 0.0045345818533061594, 'lat': 51.68, 'lon': -113.26, 'status': 'repaired', 'days_active': 120, 'days_active_prog_start': 0, 'tagged': True, 'component': 'unknown', 'date_began': datetime.datetime(2021, 8, 26, 0, 0), 'date_tagged': datetime.datetime(2021, 12, 24, 0, 0), 'tagged_by_company': 'natural', 'tagged_by_crew': 1, 'init_detect_by': 'natural', 'init_detect_date': datetime.datetime(2021, 12, 24, 0, 0), 'requires_shutdown': False, 'date_repaired': datetime.datetime(2021, 12, 24, 0, 0), 'repair_delay': 0, 'OGI_sp_covered': 1}]",[],1,False,,,,3,4,34,30,False,6,7,0,6,0.0,683.8327096649207,0.5511022044088176,0.8290318057037711,0.37470285461091546
ABRAND00996,361,52.74,-113.98,1,6,2,2,2,120,1,30,20,120,1,lognorm,0.062287158377333125,[1.462],"['kilogram', 'hour']",<scipy.stats._distn_infrastructure.rv_frozen object at 0x000002073C01D1C8>,0,3,60,552.8428290511072,[],"[{'leak_ID': 'ABRAND00996_0000000000', 'facility_ID': 'ABRAND00996', 'equipment_group': 1, 'rate': 0.01641082284484686, 'lat': 52.74, 'lon': -113.98, 'status': 'repaired', 'days_active': 120, 'days_active_prog_start': 0, 'tagged': True, 'component': 'unknown', 'date_began': datetime.datetime(2017, 9, 14, 0, 0), 'date_tagged': datetime.datetime(2018, 1, 12, 0, 0), 'tagged_by_company': 'natural', 'tagged_by_crew': 1, 'init_detect_by': 'natural', 'init_detect_date': datetime.datetime(2018, 1, 12, 0, 0), 'requires_shutdown': False, 'date_repaired': datetime.datetime(2018, 1, 12, 16, 0), 'repair_delay': 0, 'OGI_sp_covered': 1}, {'leak_ID': 'ABRAND00996_0000000001', 'facility_ID': 'ABRAND00996', 'equipment_group': 1, 'rate': 0.030287555223524405, 'lat': 52.74, 'lon': -113.98, 'status': 'repaired', 'days_active': 120, 'days_active_prog_start': 0, 'tagged': True, 'component': 'unknown', 'date_began': datetime.datetime(2017, 12, 4, 0, 0), 'date_tagged': datetime.datetime(2018, 4, 3, 0, 0), 'tagged_by_company': 'natural', 'tagged_by_crew': 1, 'init_detect_by': 'natural', 'init_detect_date': datetime.datetime(2018, 4, 3, 0, 0), 'requires_shutdown': False, 'date_repaired': datetime.datetime(2018, 4, 3, 16, 0), 'repair_delay': 0, 'OGI_sp_covered': 1}, {'leak_ID': 'ABRAND00996_0000000002', 'facility_ID': 'ABRAND00996', 'equipment_group': 1, 'rate': 0.006623654054613603, 'lat': 52.74, 'lon': -113.98, 'status': 'repaired', 'days_active': 120, 'days_active_prog_start': 0, 'tagged': True, 'component': 'unknown', 'date_began': datetime.datetime(2019, 9, 17, 0, 0), 'date_tagged': datetime.datetime(2020, 1, 15, 0, 0), 'tagged_by_company': 'natural', 'tagged_by_crew': 1, 'init_detect_by': 'natural', 'init_detect_date': datetime.datetime(2020, 1, 15, 0, 0), 'requires_shutdown': False, 'date_repaired': datetime.datetime(2020, 1, 15, 16, 0), 'repair_delay': 0, 'OGI_sp_covered': 1}]",[],0,False,,,,3,4,34,30,False,6,5,0,3,0.0,552.8428290511072,0.5531062124248497,0.8303777930707776,0.3029275775622505
ABRAND00829,601,52.47,-114.42,1,6,2,2,2,120,1,30,20,120,1,lognorm,0.062287158377333125,[1.462],"['kilogram', 'hour']",<scipy.stats._distn_infrastructure.rv_frozen object at 0x000002073C01D1C8>,1,3,60,306.9419699873463,[],"[{'leak_ID': 'ABRAND00829_0000000001', 'facility_ID': 'ABRAND00829', 'equipment_group': 1, 'rate': 0.0020222257517324926, 'lat': 52.47, 'lon': -114.42, 'status': 'repaired', 'days_active': 120, 'days_active_prog_start': 14, 'tagged': True, 'component': 'unknown', 'date_began': datetime.datetime(2016, 12, 18, 0, 0), 'date_tagged': datetime.datetime(2017, 4, 16, 0, 0), 'tagged_by_company': 'natural', 'tagged_by_crew': 1, 'init_detect_by': 'natural', 'init_detect_date': datetime.datetime(2017, 4, 16, 0, 0), 'requires_shutdown': False, 'date_repaired': datetime.datetime(2017, 4, 16, 16, 0), 'repair_delay': 0, 'OGI_sp_covered': 1}, {'leak_ID': 'ABRAND00829_0000000001', 'facility_ID': 'ABRAND00829', 'equipment_group': 1, 'rate': 0.004722021141708006, 'lat': 52.47, 'lon': -114.42, 'status': 'repaired', 'days_active': 120, 'days_active_prog_start': 0, 'tagged': True, 'component': 'unknown', 'date_began': datetime.datetime(2017, 8, 31, 0, 0), 'date_tagged': datetime.datetime(2017, 12, 29, 0, 0), 'tagged_by_company': 'natural', 'tagged_by_crew': 1, 'init_detect_by': 'natural', 'init_detect_date': datetime.datetime(2017, 12, 29, 0, 0), 'requires_shutdown': False, 'date_repaired': datetime.datetime(2017, 12, 29, 0, 0), 'repair_delay': 0, 'OGI_sp_covered': 1}, {'leak_ID': 'ABRAND00829_0000000002', 'facility_ID': 'ABRAND00829', 'equipment_group': 1, 'rate': 0.023096421919893015, 'lat': 52.47, 'lon': -114.42, 'status': 'repaired', 'days_active': 120, 'days_active_prog_start': 0, 'tagged': True, 'component': 'unknown', 'date_began': datetime.datetime(2018, 3, 15, 0, 0), 'date_tagged': datetime.datetime(2018, 7, 13, 0, 0), 'tagged_by_company': 'natural', 'tagged_by_crew': 1, 'init_detect_by': 'natural', 'init_detect_date': datetime.datetime(2018, 7, 13, 0, 0), 'requires_shutdown': False, 'date_repaired': datetime.datetime(2018, 7, 13, 16, 0), 'repair_delay': 0, 'OGI_sp_covered': 1}]",[],1,False,,,,3,4,34,30,False,6,4,0,3,0.0,306.9419699873463,0.5551102204408818,0.831717059358373,0.16818738081498427
ABRAND01134,362,54.76,-110.71,4,6,2,2,2,120,1,30,20,120,1,lognorm,0.062287158377333125,[1.462],"['kilogram', 'hour']",<scipy.stats._distn_infrastructure.rv_frozen object at 0x000002073C01D1C8>,0,3,60,608.478501153506,"[{'leak_ID': 'ABRAND01134_0000000002', 'facility_ID': 'ABRAND01134', 'equipment_group': 1, 'rate': 0.024444664512023137, 'lat': 54.76, 'lon': -110.71, 'status': 'active', 'days_active': 98, 'days_active_prog_start': 0, 'tagged': False, 'component': 'unknown', 'date_began': datetime.datetime(2021, 9, 23, 0, 0), 'date_tagged': None, 'tagged_by_company': None, 'tagged_by_crew': None, 'init_detect_by': None, 'init_detect_date': None, 'requires_shutdown': False, 'date_repaired': None, 'repair_delay': None, 'OGI_sp_covered': 1}]","[{'leak_ID': 'ABRAND01134_0000000000', 'facility_ID': 'ABRAND01134', 'equipment_group': 4, 'rate': 0.004805191457486068, 'lat': 54.76, 'lon': -110.71, 'status': 'repaired', 'days_active': 120, 'days_active_prog_start': 0, 'tagged': True, 'component': 'unknown', 'date_began': datetime.datetime(2019, 10, 6, 0, 0), 'date_tagged': datetime.datetime(2020, 2, 3, 0, 0), 'tagged_by_company': 'natural', 'tagged_by_crew': 1, 'init_detect_by': 'natural', 'init_detect_date': datetime.datetime(2020, 2, 3, 0, 0), 'requires_shutdown': False, 'date_repaired': datetime.datetime(2020, 2, 3, 16, 0), 'repair_delay': 0, 'OGI_sp_covered': 1}, {'leak_ID': 'ABRAND01134_0000000001', 'facility_ID': 'ABRAND01134', 'equipment_group': 1, 'rate': 0.03391979289796375, 'lat': 54.76, 'lon': -110.71, 'status': 'repaired', 'days_active': 120, 'days_active_prog_start': 0, 'tagged': True, 'component': 'unknown', 'date_began': datetime.datetime(2021, 5, 10, 0, 0), 'date_tagged': datetime.datetime(2021, 9, 7, 0, 0), 'tagged_by_company': 'natural', 'tagged_by_crew': 1, 'init_detect_by': 'natural', 'init_detect_date': datetime.datetime(2021, 9, 7, 0, 0), 'requires_shutdown': False, 'date_repaired': datetime.datetime(2021, 9, 7, 16, 0), 'repair_delay': 0, 'OGI_sp_covered': 1}]",[],0,False,,,,2,4,34,30,False,6,4,1,2,206.9778633562023,401.50063779730374,0.5571142284569138,0.8330559607854591,0.33341287734438685
ABRAND00865,601,52.1,-114.33,1,6,2,2,2,120,1,30,20,120,1,lognorm,0.062287158377333125,[1.462],"['kilogram', 'hour']",<scipy.stats._distn_infrastructure.rv_frozen object at 0x000002073C01D1C8>,1,6,60,2404.640252326655,[],"[{'leak_ID': 'ABRAND00865_0000000001', 'facility_ID': 'ABRAND00865', 'equipment_group': 1, 'rate': 0.22400695123081812, 'lat': 52.1, 'lon': -114.33, 'status': 'repaired', 'days_active': 120, 'days_active_prog_start': 51, 'tagged': True, 'component': 'unknown', 'date_began': datetime.datetime(2016, 11, 11, 0, 0), 'date_tagged': datetime.datetime(2017, 3, 10, 0, 0), 'tagged_by_company': 'natural', 'tagged_by_crew': 1, 'init_detect_by': 'natural', 'init_detect_date': datetime.datetime(2017, 3, 10, 0, 0), 'requires_shutdown': False, 'date_repaired': datetime.datetime(2017, 3, 10, 16, 0), 'repair_delay': 0, 'OGI_sp_covered': 1}, {'leak_ID': 'ABRAND00865_0000000001', 'facility_ID': 'ABRAND00865', 'equipment_group': 1, 'rate': 0.04601746331651517, 'lat': 52.1, 'lon': -114.33, 'status': 'repaired', 'days_active': 90, 'days_active_prog_start': 0, 'tagged': True, 'component': 'unknown', 'date_began': datetime.datetime(2017, 9, 15, 0, 0), 'date_tagged': datetime.datetime(2017, 11, 28, 8, 0), 'tagged_by_company': 'OGI', 'tagged_by_crew': 1, 'init_detect_by': 'OGI', 'init_detect_date': datetime.datetime(2017, 11, 28, 8, 0), 'requires_shutdown': False, 'date_repaired': datetime.datetime(2017, 12, 14, 16, 0), 'repair_delay': 16, 'OGI_sp_covered': 1}, {'leak_ID': 'ABRAND00865_0000000002', 'facility_ID': 'ABRAND00865', 'equipment_group': 1, 'rate': 0.01521287951312584, 'lat': 52.1, 'lon': -114.33, 'status': 'repaired', 'days_active': 120, 'days_active_prog_start': 0, 'tagged': True, 'component': 'unknown', 'date_began': datetime.datetime(2018, 3, 16, 0, 0), 'date_tagged': datetime.datetime(2018, 7, 14, 0, 0), 'tagged_by_company': 'natural', 'tagged_by_crew': 1, 'init_detect_by': 'natural', 'init_detect_date': datetime.datetime(2018, 7, 14, 0, 0), 'requires_shutdown': False, 'date_repaired': datetime.datetime(2018, 7, 14, 16, 0), 'repair_delay': 0, 'OGI_sp_covered': 1}, {'leak_ID': 'ABRAND00865_0000000003', 'facility_ID': 'ABRAND00865', 'equipment_group': 1, 'rate': 0.010973338143324091, 'lat': 52.1, 'lon': -114.33, 'status': 'repaired', 'days_active': 120, 'days_active_prog_start': 0, 'tagged': True, 'component': 'unknown', 'date_began': datetime.datetime(2018, 5, 16, 0, 0), 'date_tagged': datetime.datetime(2018, 9, 13, 0, 0), 'tagged_by_company': 'natural', 'tagged_by_crew': 1, 'init_detect_by': 'natural', 'init_detect_date': datetime.datetime(2018, 9, 13, 0, 0), 'requires_shutdown': False, 'date_repaired': datetime.datetime(2018, 9, 13, 16, 0), 'repair_delay': 0, 'OGI_sp_covered': 1}, {'leak_ID': 'ABRAND00865_0000000004', 'facility_ID': 'ABRAND00865', 'equipment_group': 1, 'rate': 0.03626955626086196, 'lat': 52.1, 'lon': -114.33, 'status': 'repaired', 'days_active': 120, 'days_active_prog_start': 0, 'tagged': True, 'component': 'unknown', 'date_began': datetime.datetime(2019, 4, 7, 0, 0), 'date_tagged': datetime.datetime(2019, 8, 5, 0, 0), 'tagged_by_company': 'natural', 'tagged_by_crew': 1, 'init_detect_by': 'natural', 'init_detect_date': datetime.datetime(2019, 8, 5, 0, 0), 'requires_shutdown': False, 'date_repaired': datetime.datetime(2019, 8, 5, 16, 0), 'repair_delay': 0, 'OGI_sp_covered': 0}, {'leak_ID': 'ABRAND00865_0000000005', 'facility_ID': 'ABRAND00865', 'equipment_group': 1, 'rate': 0.006156168320321959, 'lat': 52.1, 'lon': -114.33, 'status': 'repaired', 'days_active': 120, 'days_active_prog_start': 0, 'tagged': True, 'component': 'unknown', 'date_began': datetime.datetime(2020, 2, 11, 0, 0), 'date_tagged': datetime.datetime(2020, 6, 10, 0, 0), 'tagged_by_company': 'natural', 'tagged_by_crew': 1, 'init_detect_by': 'natural', 'init_detect_date': datetime.datetime(2020, 6, 10, 0, 0), 'requires_shutdown': False, 'date_repaired': datetime.datetime(2020, 6, 10, 16, 0), 'repair_delay': 0, 'OGI_sp_covered': 1}]",[],1,False,,,,3,4,33,30,False,6,5,0,6,0.0,2404.640252326655,0.5591182364729459,0.8343915230497464,1.3176110971652906
ABRAND00336,601,53.19,-116.23,4,6,2,2,2,120,1,30,20,120,1,lognorm,0.062287158377333125,[1.462],"['kilogram', 'hour']",<scipy.stats._distn_infrastructure.rv_frozen object at 0x000002073C01D1C8>,0,3,60,1496.4793782445217,[],"[{'leak_ID': 'ABRAND00336_0000000000', 'facility_ID': 'ABRAND00336', 'equipment_group': 2, 'rate': 0.00597874572104634, 'lat': 53.19, 'lon': -116.23, 'status': 'repaired', 'days_active': 120, 'days_active_prog_start': 0, 'tagged': True, 'component': 'unknown', 'date_began': datetime.datetime(2017, 11, 10, 0, 0), 'date_tagged': datetime.datetime(2018, 3, 10, 0, 0), 'tagged_by_company': 'natural', 'tagged_by_crew': 1, 'init_detect_by': 'natural', 'init_detect_date': datetime.datetime(2018, 3, 10, 0, 0), 'requires_shutdown': False, 'date_repaired': datetime.datetime(2018, 3, 10, 16, 0), 'repair_delay': 0, 'OGI_sp_covered': 1}, {'leak_ID': 'ABRAND00336_0000000001', 'facility_ID': 'ABRAND00336', 'equipment_group': 1, 'rate': 0.02871947905983872, 'lat': 53.19, 'lon': -116.23, 'status': 'repaired', 'days_active': 120, 'days_active_prog_start': 0, 'tagged': True, 'component': 'unknown', 'date_began': datetime.datetime(2017, 12, 22, 0, 0), 'date_tagged': datetime.datetime(2018, 4, 21, 0, 0), 'tagged_by_company': 'natural', 'tagged_by_crew': 1, 'init_detect_by': 'natural', 'init_detect_date': datetime.datetime(2018, 4, 21, 0, 0), 'requires_shutdown': False, 'date_repaired': datetime.datetime(2018, 4, 21, 16, 0), 'repair_delay': 0, 'OGI_sp_covered': 1}, {'leak_ID': 'ABRAND00336_0000000002', 'facility_ID': 'ABRAND00336', 'equipment_group': 3, 'rate': 0.19636680896149553, 'lat': 53.19, 'lon': -116.23, 'status': 'repaired', 'days_active': 67, 'days_active_prog_start': 0, 'tagged': True, 'component': 'unknown', 'date_began': datetime.datetime(2021, 10, 8, 0, 0), 'date_tagged': datetime.datetime(2021, 11, 28, 8, 0), 'tagged_by_company': 'OGI', 'tagged_by_crew': 2, 'init_detect_by': 'OGI', 'init_detect_date': datetime.datetime(2021, 11, 28, 8, 0), 'requires_shutdown': False, 'date_repaired': datetime.datetime(2021, 12, 14, 16, 0), 'repair_delay': 16, 'OGI_sp_covered': 1}]",[],0,False,,,,2,4,33,30,False,6,3,0,3,0.0,1496.4793782445217,0.561122244488978,0.8357180705380821,0.8199887004079571
ABRAND01148,601,55.08,-110.57,5,6,2,2,2,120,1,30,20,120,1,lognorm,0.062287158377333125,[1.462],"['kilogram', 'hour']",<scipy.stats._distn_infrastructure.rv_frozen object at 0x000002073C01D1C8>,1,6,60,2502.881991825102,"[{'leak_ID': 'ABRAND01148_0000000005', 'facility_ID': 'ABRAND01148', 'equipment_group': 1, 'rate': 0.020156509293691824, 'lat': 55.08, 'lon': -110.57, 'status': 'active', 'days_active': 116, 'days_active_prog_start': 0, 'tagged': False, 'component': 'unknown', 'date_began': datetime.datetime(2021, 9, 5, 0, 0), 'date_tagged': None, 'tagged_by_company': None, 'tagged_by_crew': None, 'init_detect_by': None, 'init_detect_date': None, 'requires_shutdown': False, 'date_repaired': None, 'repair_delay': None, 'OGI_sp_covered': 1}]","[{'leak_ID': 'ABRAND01148_0000000001', 'facility_ID': 'ABRAND01148', 'equipment_group': 4, 'rate': 0.0017439832262381406, 'lat': 55.08, 'lon': -110.57, 'status': 'repaired', 'days_active': 120, 'days_active_prog_start': 28, 'tagged': True, 'component': 'unknown', 'date_began': datetime.datetime(2016, 12, 4, 0, 0), 'date_tagged': datetime.datetime(2017, 4, 2, 0, 0), 'tagged_by_company': 'natural', 'tagged_by_crew': 1, 'init_detect_by': 'natural', 'init_detect_date': datetime.datetime(2017, 4, 2, 0, 0), 'requires_shutdown': False, 'date_repaired': datetime.datetime(2017, 4, 2, 16, 0), 'repair_delay': 0, 'OGI_sp_covered': 1}, {'leak_ID': 'ABRAND01148_0000000001', 'facility_ID': 'ABRAND01148', 'equipment_group': 1, 'rate': 0.2612721299629068, 'lat': 55.08, 'lon': -110.57, 'status': 'repaired', 'days_active': 71, 'days_active_prog_start': 0, 'tagged': True, 'component': 'unknown', 'date_began': datetime.datetime(2018, 4, 7, 0, 0), 'date_tagged': datetime.datetime(2018, 6, 1, 8, 0), 'tagged_by_company': 'OGI', 'tagged_by_crew': 3, 'init_detect_by': 'OGI', 'init_detect_date': datetime.datetime(2018, 6, 1, 8, 0), 'requires_shutdown': False, 'date_repaired': datetime.datetime(2018, 6, 17, 16, 0), 'repair_delay': 16, 'OGI_sp_covered': 1}, {'leak_ID': 'ABRAND01148_0000000002', 'facility_ID': 'ABRAND01148', 'equipment_group': 1, 'rate': 0.030855993575581424, 'lat': 55.08, 'lon': -110.57, 'status': 'repaired', 'days_active': 120, 'days_active_prog_start': 0, 'tagged': True, 'component': 'unknown', 'date_began': datetime.datetime(2018, 11, 18, 0, 0), 'date_tagged': datetime.datetime(2019, 3, 18, 0, 0), 'tagged_by_company': 'natural', 'tagged_by_crew': 1, 'init_detect_by': 'natural', 'init_detect_date': datetime.datetime(2019, 3, 18, 0, 0), 'requires_shutdown': False, 'date_repaired': datetime.datetime(2019, 3, 18, 16, 0), 'repair_delay': 0, 'OGI_sp_covered': 1}, {'leak_ID': 'ABRAND01148_0000000003', 'facility_ID': 'ABRAND01148', 'equipment_group': 5, 'rate': 0.00395147098387126, 'lat': 55.08, 'lon': -110.57, 'status': 'repaired', 'days_active': 120, 'days_active_prog_start': 0, 'tagged': True, 'component': 'unknown', 'date_began': datetime.datetime(2020, 5, 18, 0, 0), 'date_tagged': datetime.datetime(2020, 9, 15, 0, 0), 'tagged_by_company': 'natural', 'tagged_by_crew': 1, 'init_detect_by': 'natural', 'init_detect_date': datetime.datetime(2020, 9, 15, 0, 0), 'requires_shutdown': False, 'date_repaired': datetime.datetime(2020, 9, 15, 16, 0), 'repair_delay': 0, 'OGI_sp_covered': 1}, {'leak_ID': 'ABRAND01148_0000000004', 'facility_ID': 'ABRAND01148', 'equipment_group': 1, 'rate': 0.07638210331973327, 'lat': 55.08, 'lon': -110.57, 'status': 'repaired', 'days_active': 49, 'days_active_prog_start': 0, 'tagged': True, 'component': 'unknown', 'date_began': datetime.datetime(2021, 6, 28, 0, 0), 'date_tagged': datetime.datetime(2021, 7, 31, 8, 0), 'tagged_by_company': 'OGI', 'tagged_by_crew': 3, 'init_detect_by': 'OGI', 'init_detect_date': datetime.datetime(2021, 7, 31, 8, 0), 'requires_shutdown': False, 'date_repaired': datetime.datetime(2021, 8, 16, 16, 0), 'repair_delay': 16, 'OGI_sp_covered': 1}]",[],1,False,,,,2,4,33,30,False,6,8,1,5,202.01659874509693,2300.865393080005,0.56312625250501,0.8370192574086601,1.3714421873014258
ABRAND00432,361,53.8,-115.9,2,6,2,2,2,120,1,30,20,120,1,lognorm,0.062287158377333125,[1.462],"['kilogram', 'hour']",<scipy.stats._distn_infrastructure.rv_frozen object at 0x000002073C01D1C8>,1,9,60,1420.0625724430847,[],"[{'leak_ID': 'ABRAND00432_0000000001', 'facility_ID': 'ABRAND00432', 'equipment_group': 1, 'rate': 0.0008553358707323701, 'lat': 53.8, 'lon': -115.9, 'status': 'repaired', 'days_active': 120, 'days_active_prog_start': 57, 'tagged': True, 'component': 'unknown', 'date_began': datetime.datetime(2016, 11, 5, 0, 0), 'date_tagged': datetime.datetime(2017, 3, 4, 0, 0), 'tagged_by_company': 'natural', 'tagged_by_crew': 1, 'init_detect_by': 'natural', 'init_detect_date': datetime.datetime(2017, 3, 4, 0, 0), 'requires_shutdown': False, 'date_repaired': datetime.datetime(2017, 3, 4, 16, 0), 'repair_delay': 0, 'OGI_sp_covered': 1}, {'leak_ID': 'ABRAND00432_0000000001', 'facility_ID': 'ABRAND00432', 'equipment_group': 1, 'rate': 0.0012027299911594315, 'lat': 53.8, 'lon': -115.9, 'status': 'repaired', 'days_active': 120, 'days_active_prog_start': 0, 'tagged': True, 'component': 'unknown', 'date_began': datetime.datetime(2017, 4, 22, 0, 0), 'date_tagged': datetime.datetime(2017, 8, 20, 0, 0), 'tagged_by_company': 'natural', 'tagged_by_crew': 1, 'init_detect_by': 'natural', 'init_detect_date': datetime.datetime(2017, 8, 20, 0, 0), 'requires_shutdown': False, 'date_repaired': datetime.datetime(2017, 8, 20, 16, 0), 'repair_delay': 0, 'OGI_sp_covered': 1}, {'leak_ID': 'ABRAND00432_0000000002', 'facility_ID': 'ABRAND00432', 'equipment_group': 2, 'rate': 0.0051989073209757, 'lat': 53.8, 'lon': -115.9, 'status': 'repaired', 'days_active': 120, 'days_active_prog_start': 0, 'tagged': True, 'component': 'unknown', 'date_began': datetime.datetime(2018, 6, 15, 0, 0), 'date_tagged': datetime.datetime(2018, 10, 13, 0, 0), 'tagged_by_company': 'natural', 'tagged_by_crew': 1, 'init_detect_by': 'natural', 'init_detect_date': datetime.datetime(2018, 10, 13, 0, 0), 'requires_shutdown': False, 'date_repaired': datetime.datetime(2018, 10, 13, 16, 0), 'repair_delay': 0, 'OGI_sp_covered': 1}, {'leak_ID': 'ABRAND00432_0000000003', 'facility_ID': 'ABRAND00432', 'equipment_group': 1, 'rate': 0.00840954223434804, 'lat': 53.8, 'lon': -115.9, 'status': 'repaired', 'days_active': 120, 'days_active_prog_start': 0, 'tagged': True, 'component': 'unknown', 'date_began': datetime.datetime(2018, 9, 2, 0, 0), 'date_tagged': datetime.datetime(2018, 12, 31, 0, 0), 'tagged_by_company': 'natural', 'tagged_by_crew': 1, 'init_detect_by': 'natural', 'init_detect_date': datetime.datetime(2018, 12, 31, 0, 0), 'requires_shutdown': False, 'date_repaired': datetime.datetime(2018, 12, 31, 0, 0), 'repair_delay': 0, 'OGI_sp_covered': 1}, {'leak_ID': 'ABRAND00432_0000000004', 'facility_ID': 'ABRAND00432', 'equipment_group': 2, 'rate': 0.008617053533527807, 'lat': 53.8, 'lon': -115.9, 'status': 'repaired', 'days_active': 120, 'days_active_prog_start': 0, 'tagged': True, 'component': 'unknown', 'date_began': datetime.datetime(2019, 6, 15, 0, 0), 'date_tagged': datetime.datetime(2019, 10, 13, 0, 0), 'tagged_by_company': 'natural', 'tagged_by_crew': 1, 'init_detect_by': 'natural', 'init_detect_date': datetime.datetime(2019, 10, 13, 0, 0), 'requires_shutdown': False, 'date_repaired': datetime.datetime(2019, 10, 13, 16, 0), 'repair_delay': 0, 'OGI_sp_covered': 0}, {'leak_ID': 'ABRAND00432_0000000005', 'facility_ID': 'ABRAND00432', 'equipment_group': 1, 'rate': 0.010705698062907627, 'lat': 53.8, 'lon': -115.9, 'status': 'repaired', 'days_active': 120, 'days_active_prog_start': 0, 'tagged': True, 'component': 'unknown', 'date_began': datetime.datetime(2019, 7, 4, 0, 0), 'date_tagged': datetime.datetime(2019, 11, 1, 0, 0), 'tagged_by_company': 'natural', 'tagged_by_crew': 1, 'init_detect_by': 'natural', 'init_detect_date': datetime.datetime(2019, 11, 1, 0, 0), 'requires_shutdown': False, 'date_repaired': datetime.datetime(2019, 11, 1, 16, 0), 'repair_delay': 0, 'OGI_sp_covered': 1}, {'leak_ID': 'ABRAND00432_0000000006', 'facility_ID': 'ABRAND00432', 'equipment_group': 2, 'rate': 0.004630838436335625, 'lat': 53.8, 'lon': -115.9, 'status': 'repaired', 'days_active': 120, 'days_active_prog_start': 0, 'tagged': True, 'component': 'unknown', 'date_began': datetime.datetime(2019, 11, 17, 0, 0), 'date_tagged': datetime.datetime(2020, 3, 16, 0, 0), 'tagged_by_company': 'natural', 'tagged_by_crew': 1, 'init_detect_by': 'natural', 'init_detect_date': datetime.datetime(2020, 3, 16, 0, 0), 'requires_shutdown': False, 'date_repaired': datetime.datetime(2020, 3, 16, 16, 0), 'repair_delay': 0, 'OGI_sp_covered': 1}, {'leak_ID': 'ABRAND00432_0000000007', 'facility_ID': 'ABRAND00432', 'equipment_group': 1, 'rate': 0.004272117838174071, 'lat': 53.8, 'lon': -115.9, 'status': 'repaired', 'days_active': 120, 'days_active_prog_start': 0, 'tagged': True, 'component': 'unknown', 'date_began': datetime.datetime(2021, 3, 29, 0, 0), 'date_tagged': datetime.datetime(2021, 7, 27, 0, 0), 'tagged_by_company': 'natural', 'tagged_by_crew': 1, 'init_detect_by': 'natural', 'init_detect_date': datetime.datetime(2021, 7, 27, 0, 0), 'requires_shutdown': False, 'date_repaired': datetime.datetime(2021, 7, 27, 16, 0), 'repair_delay': 0, 'OGI_sp_covered': 1}, {'leak_ID': 'ABRAND00432_0000000008', 'facility_ID': 'ABRAND00432', 'equipment_group': 2, 'rate': 0.09347997294440757, 'lat': 53.8, 'lon': -115.9, 'status': 'repaired', 'days_active': 120, 'days_active_prog_start': 0, 'tagged': True, 'component': 'unknown', 'date_began': datetime.datetime(2021, 4, 22, 0, 0), 'date_tagged': datetime.datetime(2021, 8, 20, 0, 0), 'tagged_by_company': 'natural', 'tagged_by_crew': 1, 'init_detect_by': 'natural', 'init_detect_date': datetime.datetime(2021, 8, 20, 0, 0), 'requires_shutdown': False, 'date_repaired': datetime.datetime(2021, 8, 20, 16, 0), 'repair_delay': 0, 'OGI_sp_covered': 0}]",[],1,False,,,,2,4,33,30,False,6,11,0,9,0.0,1420.0625724430847,0.5651302605210421,0.8383030975793441,0.7781164780510054
ABRAND00213,351,54.36,-118.71,3,6,2,2,2,120,1,30,20,120,1,lognorm,0.062287158377333125,[1.462],"['kilogram', 'hour']",<scipy.stats._distn_infrastructure.rv_frozen object at 0x000002073C01D1C8>,1,8,60,1130.9332307165796,[],"[{'leak_ID': 'ABRAND00213_0000000001', 'facility_ID': 'ABRAND00213', 'equipment_group': 2, 'rate': 0.008522190159674077, 'lat': 54.36, 'lon': -118.71, 'status': 'repaired', 'days_active': 120, 'days_active_prog_start': 14, 'tagged': True, 'component': 'unknown', 'date_began': datetime.datetime(2016, 12, 18, 0, 0), 'date_tagged': datetime.datetime(2017, 4, 16, 0, 0), 'tagged_by_company': 'natural', 'tagged_by_crew': 1, 'init_detect_by': 'natural', 'init_detect_date': datetime.datetime(2017, 4, 16, 0, 0), 'requires_shutdown': False, 'date_repaired': datetime.datetime(2017, 4, 16, 16, 0), 'repair_delay': 0, 'OGI_sp_covered': 1}, {'leak_ID': 'ABRAND00213_0000000001', 'facility_ID': 'ABRAND00213', 'equipment_group': 2, 'rate': 0.11424166266475978, 'lat': 54.36, 'lon': -118.71, 'status': 'repaired', 'days_active': 19, 'days_active_prog_start': 0, 'tagged': True, 'component': 'unknown', 'date_began': datetime.datetime(2017, 9, 26, 0, 0), 'date_tagged': datetime.datetime(2017, 9, 29, 10, 30), 'tagged_by_company': 'OGI', 'tagged_by_crew': 2, 'init_detect_by': 'OGI', 'init_detect_date': datetime.datetime(2017, 9, 29, 10, 30), 'requires_shutdown': False, 'date_repaired': datetime.datetime(2017, 10, 15, 16, 0), 'repair_delay': 16, 'OGI_sp_covered': 1}, {'leak_ID': 'ABRAND00213_0000000002', 'facility_ID': 'ABRAND00213', 'equipment_group': 2, 'rate': 0.006189740767188747, 'lat': 54.36, 'lon': -118.71, 'status': 'repaired', 'days_active': 120, 'days_active_prog_start': 0, 'tagged': True, 'component': 'unknown', 'date_began': datetime.datetime(2018, 2, 1, 0, 0), 'date_tagged': datetime.datetime(2018, 6, 1, 0, 0), 'tagged_by_company': 'natural', 'tagged_by_crew': 1, 'init_detect_by': 'natural', 'init_detect_date': datetime.datetime(2018, 6, 1, 0, 0), 'requires_shutdown': False, 'date_repaired': datetime.datetime(2018, 6, 1, 16, 0), 'repair_delay': 0, 'OGI_sp_covered': 1}, {'leak_ID': 'ABRAND00213_0000000003', 'facility_ID': 'ABRAND00213', 'equipment_group': 3, 'rate': 0.01828376338357012, 'lat': 54.36, 'lon': -118.71, 'status': 'repaired', 'days_active': 120, 'days_active_prog_start': 0, 'tagged': True, 'component': 'unknown', 'date_began': datetime.datetime(2018, 6, 29, 0, 0), 'date_tagged': datetime.datetime(2018, 10, 27, 0, 0), 'tagged_by_company': 'natural', 'tagged_by_crew': 1, 'init_detect_by': 'natural', 'init_detect_date': datetime.datetime(2018, 10, 27, 0, 0), 'requires_shutdown': False, 'date_repaired': datetime.datetime(2018, 10, 27, 0, 0), 'repair_delay': 0, 'OGI_sp_covered': 1}, {'leak_ID': 'ABRAND00213_0000000004', 'facility_ID': 'ABRAND00213', 'equipment_group': 2, 'rate': 0.005408506062454515, 'lat': 54.36, 'lon': -118.71, 'status': 'repaired', 'days_active': 120, 'days_active_prog_start': 0, 'tagged': True, 'component': 'unknown', 'date_began': datetime.datetime(2019, 3, 15, 0, 0), 'date_tagged': datetime.datetime(2019, 7, 13, 0, 0), 'tagged_by_company': 'natural', 'tagged_by_crew': 1, 'init_detect_by': 'natural', 'init_detect_date': datetime.datetime(2019, 7, 13, 0, 0), 'requires_shutdown': False, 'date_repaired': datetime.datetime(2019, 7, 13, 16, 0), 'repair_delay': 0, 'OGI_sp_covered': 1}, {'leak_ID': 'ABRAND00213_0000000005', 'facility_ID': 'ABRAND00213', 'equipment_group': 2, 'rate': 0.02131109468584961, 'lat': 54.36, 'lon': -118.71, 'status': 'repaired', 'days_active': 120, 'days_active_prog_start': 0, 'tagged': True, 'component': 'unknown', 'date_began': datetime.datetime(2019, 4, 16, 0, 0), 'date_tagged': datetime.datetime(2019, 8, 14, 0, 0), 'tagged_by_company': 'natural', 'tagged_by_crew': 1, 'init_detect_by': 'natural', 'init_detect_date': datetime.datetime(2019, 8, 14, 0, 0), 'requires_shutdown': False, 'date_repaired': datetime.datetime(2019, 8, 14, 16, 0), 'repair_delay': 0, 'OGI_sp_covered': 1}, {'leak_ID': 'ABRAND00213_0000000006', 'facility_ID': 'ABRAND00213', 'equipment_group': 3, 'rate': 0.0024575728351948828, 'lat': 54.36, 'lon': -118.71, 'status': 'repaired', 'days_active': 120, 'days_active_prog_start': 0, 'tagged': True, 'component': 'unknown', 'date_began': datetime.datetime(2020, 9, 9, 0, 0), 'date_tagged': datetime.datetime(2021, 1, 7, 0, 0), 'tagged_by_company': 'natural', 'tagged_by_crew': 1, 'init_detect_by': 'natural', 'init_detect_date': datetime.datetime(2021, 1, 7, 0, 0), 'requires_shutdown': False, 'date_repaired': datetime.datetime(2021, 1, 7, 16, 0), 'repair_delay': 0, 'OGI_sp_covered': 1}, {'leak_ID': 'ABRAND00213_0000000007', 'facility_ID': 'ABRAND00213', 'equipment_group': 2, 'rate': 0.08319720719718049, 'lat': 54.36, 'lon': -118.71, 'status': 'repaired', 'days_active': 43, 'days_active_prog_start': 0, 'tagged': True, 'component': 'unknown', 'date_began': datetime.datetime(2021, 5, 5, 0, 0), 'date_tagged': datetime.datetime(2021, 6, 1, 10, 30), 'tagged_by_company': 'OGI', 'tagged_by_crew': 2, 'init_detect_by': 'OGI', 'init_detect_date': datetime.datetime(2021, 6, 1, 10, 30), 'requires_shutdown': False, 'date_repaired': datetime.datetime(2021, 6, 17, 16, 0), 'repair_delay': 16, 'OGI_sp_covered': 1}]",[],1,False,,,,2,4,33,30,False,6,12,0,8,0.0,1130.9332307165796,0.5671342685370742,0.839586525171112,0.6196894414885368
ABRAND00424,601,53.82,-115.91,4,6,2,2,2,120,1,30,20,120,1,lognorm,0.062287158377333125,[1.462],"['kilogram', 'hour']",<scipy.stats._distn_infrastructure.rv_frozen object at 0x000002073C01D1C8>,0,1,60,282.6277255544728,[],"[{'leak_ID': 'ABRAND00424_0000000000', 'facility_ID': 'ABRAND00424', 'equipment_group': 1, 'rate': 0.027259618591287886, 'lat': 53.82, 'lon': -115.91, 'status': 'repaired', 'days_active': 120, 'days_active_prog_start': 0, 'tagged': True, 'component': 'unknown', 'date_began': datetime.datetime(2020, 3, 12, 0, 0), 'date_tagged': datetime.datetime(2020, 7, 10, 0, 0), 'tagged_by_company': 'natural', 'tagged_by_crew': 1, 'init_detect_by': 'natural', 'init_detect_date': datetime.datetime(2020, 7, 10, 0, 0), 'requires_shutdown': False, 'date_repaired': datetime.datetime(2020, 7, 10, 16, 0), 'repair_delay': 0, 'OGI_sp_covered': 1}]",[],0,False,,,,2,4,33,30,False,6,2,0,1,0.0,282.6277255544728,0.5691382765531062,0.8408655103359071,0.1548645071531358
ABRAND00780,621,52.65,-114.56,3,6,2,2,2,120,1,30,20,120,1,lognorm,0.062287158377333125,[1.462],"['kilogram', 'hour']",<scipy.stats._distn_infrastructure.rv_frozen object at 0x000002073C01D1C8>,1,3,60,652.0433675385059,[],"[{'leak_ID': 'ABRAND00780_0000000001', 'facility_ID': 'ABRAND00780', 'equipment_group': 2, 'rate': 0.0027710128410592502, 'lat': 52.65, 'lon': -114.56, 'status': 'repaired', 'days_active': 120, 'days_active_prog_start': 59, 'tagged': True, 'component': 'unknown', 'date_began': datetime.datetime(2016, 11, 3, 0, 0), 'date_tagged': datetime.datetime(2017, 3, 2, 0, 0), 'tagged_by_company': 'natural', 'tagged_by_crew': 1, 'init_detect_by': 'natural', 'init_detect_date': datetime.datetime(2017, 3, 2, 0, 0), 'requires_shutdown': False, 'date_repaired': datetime.datetime(2017, 3, 2, 16, 0), 'repair_delay': 0, 'OGI_sp_covered': 0}, {'leak_ID': 'ABRAND00780_0000000001', 'facility_ID': 'ABRAND00780', 'equipment_group': 2, 'rate': 0.030893196528306924, 'lat': 52.65, 'lon': -114.56, 'status': 'repaired', 'days_active': 120, 'days_active_prog_start': 0, 'tagged': True, 'component': 'unknown', 'date_began': datetime.datetime(2018, 7, 5, 0, 0), 'date_tagged': datetime.datetime(2018, 11, 2, 0, 0), 'tagged_by_company': 'natural', 'tagged_by_crew': 1, 'init_detect_by': 'natural', 'init_detect_date': datetime.datetime(2018, 11, 2, 0, 0), 'requires_shutdown': False, 'date_repaired': datetime.datetime(2018, 11, 2, 16, 0), 'repair_delay': 0, 'OGI_sp_covered': 1}, {'leak_ID': 'ABRAND00780_0000000002', 'facility_ID': 'ABRAND00780', 'equipment_group': 1, 'rate': 0.10487379624851223, 'lat': 52.65, 'lon': -114.56, 'status': 'repaired', 'days_active': 35, 'days_active_prog_start': 0, 'tagged': True, 'component': 'unknown', 'date_began': datetime.datetime(2020, 1, 13, 0, 0), 'date_tagged': datetime.datetime(2020, 2, 1, 13, 0), 'tagged_by_company': 'OGI', 'tagged_by_crew': 1, 'init_detect_by': 'OGI', 'init_detect_date': datetime.datetime(2020, 2, 1, 13, 0), 'requires_shutdown': False, 'date_repaired': datetime.datetime(2020, 2, 17, 16, 0), 'repair_delay': 16, 'OGI_sp_covered': 1}]",[],1,False,,,,3,4,33,30,False,6,1,0,3,0.0,652.0433675385059,0.5711422845691383,0.8421407856069199,0.35728403700740047
ABRAND01081,601,51.11,-111.93,5,6,2,2,2,120,1,30,20,120,1,lognorm,0.062287158377333125,[1.462],"['kilogram', 'hour']",<scipy.stats._distn_infrastructure.rv_frozen object at 0x000002073C01D1C8>,1,4,60,226.17804397664077,[],"[{'leak_ID': 'ABRAND01081_0000000001', 'facility_ID': 'ABRAND01081', 'equipment_group': 2, 'rate': 0.01925842404195207, 'lat': 51.11, 'lon': -111.93, 'status': 'repaired', 'days_active': 120, 'days_active_prog_start': 101, 'tagged': True, 'component': 'unknown', 'date_began': datetime.datetime(2016, 9, 22, 0, 0), 'date_tagged': datetime.datetime(2017, 1, 19, 0, 0), 'tagged_by_company': 'natural', 'tagged_by_crew': 1, 'init_detect_by': 'natural', 'init_detect_date': datetime.datetime(2017, 1, 19, 0, 0), 'requires_shutdown': False, 'date_repaired': datetime.datetime(2017, 1, 19, 16, 0), 'repair_delay': 0}, {'leak_ID': 'ABRAND01081_0000000001', 'facility_ID': 'ABRAND01081', 'equipment_group': 2, 'rate': 0.005311737109405509, 'lat': 51.11, 'lon': -111.93, 'status': 'repaired', 'days_active': 120, 'days_active_prog_start': 0, 'tagged': True, 'component': 'unknown', 'date_began': datetime.datetime(2019, 10, 12, 0, 0), 'date_tagged': datetime.datetime(2020, 2, 9, 0, 0), 'tagged_by_company': 'natural', 'tagged_by_crew': 1, 'init_detect_by': 'natural', 'init_detect_date': datetime.datetime(2020, 2, 9, 0, 0), 'requires_shutdown': False, 'date_repaired': datetime.datetime(2020, 2, 9, 16, 0), 'repair_delay': 0, 'OGI_sp_covered': 0}, {'leak_ID': 'ABRAND01081_0000000002', 'facility_ID': 'ABRAND01081', 'equipment_group': 2, 'rate': 0.0007373648512285628, 'lat': 51.11, 'lon': -111.93, 'status': 'repaired', 'days_active': 120, 'days_active_prog_start': 0, 'tagged': True, 'component': 'unknown', 'date_began': datetime.datetime(2021, 6, 4, 0, 0), 'date_tagged': datetime.datetime(2021, 10, 2, 0, 0), 'tagged_by_company': 'natural', 'tagged_by_crew': 1, 'init_detect_by': 'natural', 'init_detect_date': datetime.datetime(2021, 10, 2, 0, 0), 'requires_shutdown': False, 'date_repaired': datetime.datetime(2021, 10, 2, 16, 0), 'repair_delay': 0, 'OGI_sp_covered': 1}, {'leak_ID': 'ABRAND01081_0000000003', 'facility_ID': 'ABRAND01081', 'equipment_group': 2, 'rate': 0.012716659523680382, 'lat': 51.11, 'lon': -111.93, 'status': 'repaired', 'days_active': 120, 'days_active_prog_start': 0, 'tagged': True, 'component': 'unknown', 'date_began': datetime.datetime(2021, 8, 6, 0, 0), 'date_tagged': datetime.datetime(2021, 12, 4, 0, 0), 'tagged_by_company': 'natural', 'tagged_by_crew': 1, 'init_detect_by': 'natural', 'init_detect_date': datetime.datetime(2021, 12, 4, 0, 0), 'requires_shutdown': False, 'date_repaired': datetime.datetime(2021, 12, 4, 16, 0), 'repair_delay': 0, 'OGI_sp_covered': 1}]",[],1,False,,,,3,4,33,30,False,6,4,0,4,0.0,226.17804397664077,0.5731462925851704,0.8434136333781218,0.12393317478172097
ABRAND00658,361,52.81,-115.14,1,6,2,2,2,120,1,30,20,120,1,lognorm,0.062287158377333125,[1.462],"['kilogram', 'hour']",<scipy.stats._distn_infrastructure.rv_frozen object at 0x000002073C01D1C8>,0,3,60,433.36120067614024,[],"[{'leak_ID': 'ABRAND00658_0000000000', 'facility_ID': 'ABRAND00658', 'equipment_group': 1, 'rate': 0.0011273986288448882, 'lat': 52.81, 'lon': -115.14, 'status': 'repaired', 'days_active': 120, 'days_active_prog_start': 0, 'tagged': True, 'component': 'unknown', 'date_began': datetime.datetime(2017, 3, 3, 0, 0), 'date_tagged': datetime.datetime(2017, 7, 1, 0, 0), 'tagged_by_company': 'natural', 'tagged_by_crew': 1, 'init_detect_by': 'natural', 'init_detect_date': datetime.datetime(2017, 7, 1, 0, 0), 'requires_shutdown': False, 'date_repaired': datetime.datetime(2017, 7, 1, 16, 0), 'repair_delay': 0, 'OGI_sp_covered': 1}, {'leak_ID': 'ABRAND00658_0000000001', 'facility_ID': 'ABRAND00658', 'equipment_group': 1, 'rate': 0.04910509702704451, 'lat': 52.81, 'lon': -115.14, 'status': 'repaired', 'days_active': 74, 'days_active_prog_start': 0, 'tagged': True, 'component': 'unknown', 'date_began': datetime.datetime(2017, 12, 5, 0, 0), 'date_tagged': datetime.datetime(2018, 2, 1, 13, 0), 'tagged_by_company': 'OGI', 'tagged_by_crew': 3, 'init_detect_by': 'OGI', 'init_detect_date': datetime.datetime(2018, 2, 1, 13, 0), 'requires_shutdown': False, 'date_repaired': datetime.datetime(2018, 2, 17, 16, 0), 'repair_delay': 16, 'OGI_sp_covered': 1}, {'leak_ID': 'ABRAND00658_0000000002', 'facility_ID': 'ABRAND00658', 'equipment_group': 1, 'rate': 0.01038908018327205, 'lat': 52.81, 'lon': -115.14, 'status': 'repaired', 'days_active': 120, 'days_active_prog_start': 0, 'tagged': True, 'component': 'unknown', 'date_began': datetime.datetime(2018, 4, 25, 0, 0), 'date_tagged': datetime.datetime(2018, 8, 23, 0, 0), 'tagged_by_company': 'natural', 'tagged_by_crew': 1, 'init_detect_by': 'natural', 'init_detect_date': datetime.datetime(2018, 8, 23, 0, 0), 'requires_shutdown': False, 'date_repaired': datetime.datetime(2018, 8, 23, 16, 0), 'repair_delay': 0, 'OGI_sp_covered': 1}]",[],0,False,,,,2,4,33,30,False,6,4,0,3,0.0,433.36120067614024,0.5751503006012024,0.8446815116443799,0.23745819215130973
ABRAND01153,601,54.87,-110.51,4,6,2,2,2,120,1,30,20,120,1,lognorm,0.062287158377333125,[1.462],"['kilogram', 'hour']",<scipy.stats._distn_infrastructure.rv_frozen object at 0x000002073C01D1C8>,0,3,60,561.6626521926844,[],"[{'leak_ID': 'ABRAND01153_0000000000', 'facility_ID': 'ABRAND01153', 'equipment_group': 4, 'rate': 0.043726028695065755, 'lat': 54.87, 'lon': -110.51, 'status': 'repaired', 'days_active': 17, 'days_active_prog_start': 0, 'tagged': True, 'component': 'unknown', 'date_began': datetime.datetime(2017, 9, 29, 0, 0), 'date_tagged': datetime.datetime(2017, 9, 30, 8, 0), 'tagged_by_company': 'OGI', 'tagged_by_crew': 1, 'init_detect_by': 'OGI', 'init_detect_date': datetime.datetime(2017, 9, 30, 8, 0), 'requires_shutdown': False, 'date_repaired': datetime.datetime(2017, 10, 16, 16, 0), 'repair_delay': 16, 'OGI_sp_covered': 1}, {'leak_ID': 'ABRAND01153_0000000001', 'facility_ID': 'ABRAND01153', 'equipment_group': 4, 'rate': 0.021716305704922903, 'lat': 54.87, 'lon': -110.51, 'status': 'repaired', 'days_active': 120, 'days_active_prog_start': 0, 'tagged': True, 'component': 'unknown', 'date_began': datetime.datetime(2019, 7, 19, 0, 0), 'date_tagged': datetime.datetime(2019, 11, 16, 0, 0), 'tagged_by_company': 'natural', 'tagged_by_crew': 1, 'init_detect_by': 'natural', 'init_detect_date': datetime.datetime(2019, 11, 16, 0, 0), 'requires_shutdown': False, 'date_repaired': datetime.datetime(2019, 11, 16, 16, 0), 'repair_delay': 0, 'OGI_sp_covered': 1}, {'leak_ID': 'ABRAND01153_0000000002', 'facility_ID': 'ABRAND01153', 'equipment_group': 4, 'rate': 0.026261883072601386, 'lat': 54.87, 'lon': -110.51, 'status': 'repaired', 'days_active': 120, 'days_active_prog_start': 0, 'tagged': True, 'component': 'unknown', 'date_began': datetime.datetime(2020, 6, 8, 0, 0), 'date_tagged': datetime.datetime(2020, 10, 6, 0, 0), 'tagged_by_company': 'natural', 'tagged_by_crew': 1, 'init_detect_by': 'natural', 'init_detect_date': datetime.datetime(2020, 10, 6, 0, 0), 'requires_shutdown': False, 'date_repaired': datetime.datetime(2020, 10, 6, 16, 0), 'repair_delay': 0, 'OGI_sp_covered': 1}]",[],0,False,,,,2,4,32,30,False,6,4,0,3,0.0,561.6626521926844,0.5771543086172345,0.8459483592847992,0.30776035736585444
ABRAND01131,361,55.1,-110.73,4,6,2,2,2,120,1,30,20,120,1,lognorm,0.062287158377333125,[1.462],"['kilogram', 'hour']",<scipy.stats._distn_infrastructure.rv_frozen object at 0x000002073C01D1C8>,0,2,60,3614.1446244633917,[],"[{'leak_ID': 'ABRAND01131_0000000000', 'facility_ID': 'ABRAND01131', 'equipment_group': 1, 'rate': 0.0016975419236700516, 'lat': 55.1, 'lon': -110.73, 'status': 'repaired', 'days_active': 120, 'days_active_prog_start': 0, 'tagged': True, 'component': 'unknown', 'date_began': datetime.datetime(2017, 10, 23, 0, 0), 'date_tagged': datetime.datetime(2018, 2, 20, 0, 0), 'tagged_by_company': 'natural', 'tagged_by_crew': 1, 'init_detect_by': 'natural', 'init_detect_date': datetime.datetime(2018, 2, 20, 0, 0), 'requires_shutdown': False, 'date_repaired': datetime.datetime(2018, 2, 20, 16, 0), 'repair_delay': 0, 'OGI_sp_covered': 1}, {'leak_ID': 'ABRAND01131_0000000001', 'facility_ID': 'ABRAND01131', 'equipment_group': 3, 'rate': 0.6032851096683408, 'lat': 55.1, 'lon': -110.73, 'status': 'repaired', 'days_active': 69, 'days_active_prog_start': 0, 'tagged': True, 'component': 'unknown', 'date_began': datetime.datetime(2018, 8, 8, 0, 0), 'date_tagged': datetime.datetime(2018, 9, 30, 8, 0), 'tagged_by_company': 'OGI', 'tagged_by_crew': 2, 'init_detect_by': 'OGI', 'init_detect_date': datetime.datetime(2018, 9, 30, 8, 0), 'requires_shutdown': False, 'date_repaired': datetime.datetime(2018, 10, 16, 16, 0), 'repair_delay': 16, 'OGI_sp_covered': 1}]",[],0,False,,,,2,4,32,30,False,6,2,0,2,0.0,3614.1446244633917,0.5791583166332666,0.847205568307193,1.9803532188840502
ABRAND00295,361,54.87,-117.13,1,6,2,2,2,120,1,30,20,120,1,lognorm,0.062287158377333125,[1.462],"['kilogram', 'hour']",<scipy.stats._distn_infrastructure.rv_frozen object at 0x000002073C01D1C8>,0,5,60,867.8532954498783,[],"[{'leak_ID': 'ABRAND00295_0000000000', 'facility_ID': 'ABRAND00295', 'equipment_group': 1, 'rate': 0.00675825833198579, 'lat': 54.87, 'lon': -117.13, 'status': 'repaired', 'days_active': 120, 'days_active_prog_start': 0, 'tagged': True, 'component': 'unknown', 'date_began': datetime.datetime(2017, 11, 27, 0, 0), 'date_tagged': datetime.datetime(2018, 3, 27, 0, 0), 'tagged_by_company': 'natural', 'tagged_by_crew': 1, 'init_detect_by': 'natural', 'init_detect_date': datetime.datetime(2018, 3, 27, 0, 0), 'requires_shutdown': False, 'date_repaired': datetime.datetime(2018, 3, 27, 16, 0), 'repair_delay': 0, 'OGI_sp_covered': 1}, {'leak_ID': 'ABRAND00295_0000000001', 'facility_ID': 'ABRAND00295', 'equipment_group': 1, 'rate': 0.09282693320652759, 'lat': 54.87, 'lon': -117.13, 'status': 'repaired', 'days_active': 25, 'days_active_prog_start': 0, 'tagged': True, 'component': 'unknown', 'date_began': datetime.datetime(2018, 3, 25, 0, 0), 'date_tagged': datetime.datetime(2018, 4, 3, 8, 0), 'tagged_by_company': 'OGI', 'tagged_by_crew': 3, 'init_detect_by': 'OGI', 'init_detect_date': datetime.datetime(2018, 4, 3, 8, 0), 'requires_shutdown': False, 'date_repaired': datetime.datetime(2018, 4, 19, 16, 0), 'repair_delay': 16, 'OGI_sp_covered': 1}, {'leak_ID': 'ABRAND00295_0000000002', 'facility_ID': 'ABRAND00295', 'equipment_group': 1, 'rate': 0.0351098716757198, 'lat': 54.87, 'lon': -117.13, 'status': 'repaired', 'days_active': 120, 'days_active_prog_start': 0, 'tagged': True, 'component': 'unknown', 'date_began': datetime.datetime(2018, 5, 6, 0, 0), 'date_tagged': datetime.datetime(2018, 9, 3, 0, 0), 'tagged_by_company': 'natural', 'tagged_by_crew': 1, 'init_detect_by': 'natural', 'init_detect_date': datetime.datetime(2018, 9, 3, 0, 0), 'requires_shutdown': False, 'date_repaired': datetime.datetime(2018, 9, 3, 16, 0), 'repair_delay': 0, 'OGI_sp_covered': 0}, {'leak_ID': 'ABRAND00295_0000000003', 'facility_ID': 'ABRAND00295', 'equipment_group': 1, 'rate': 0.0068936649723393495, 'lat': 54.87, 'lon': -117.13, 'status': 'repaired', 'days_active': 120, 'days_active_prog_start': 0, 'tagged': True, 'component': 'unknown', 'date_began': datetime.datetime(2019, 1, 24, 0, 0), 'date_tagged': datetime.datetime(2019, 5, 24, 0, 0), 'tagged_by_company': 'natural', 'tagged_by_crew': 1, 'init_detect_by': 'natural', 'init_detect_date': datetime.datetime(2019, 5, 24, 0, 0), 'requires_shutdown': False, 'date_repaired': datetime.datetime(2019, 5, 24, 16, 0), 'repair_delay': 0, 'OGI_sp_covered': 0}, {'leak_ID': 'ABRAND00295_0000000004', 'facility_ID': 'ABRAND00295', 'equipment_group': 1, 'rate': 0.06040353545798713, 'lat': 54.87, 'lon': -117.13, 'status': 'repaired', 'days_active': 31, 'days_active_prog_start': 0, 'tagged': True, 'component': 'unknown', 'date_began': datetime.datetime(2020, 9, 14, 0, 0), 'date_tagged': datetime.datetime(2020, 9, 29, 8, 0), 'tagged_by_company': 'OGI', 'tagged_by_crew': 3, 'init_detect_by': 'OGI', 'init_detect_date': datetime.datetime(2020, 9, 29, 8, 0), 'requires_shutdown': False, 'date_repaired': datetime.datetime(2020, 10, 15, 16, 0), 'repair_delay': 16, 'OGI_sp_covered': 1}]",[],0,False,,,,2,4,32,30,False,6,4,0,5,0.0,867.8532954498783,0.5811623246492986,0.848460725199351,0.47553605230130314
ABRAND00397,601,52.95,-115.99,5,6,2,2,2,120,1,30,20,120,1,lognorm,0.062287158377333125,[1.462],"['kilogram', 'hour']",<scipy.stats._distn_infrastructure.rv_frozen object at 0x000002073C01D1C8>,0,11,60,2235.6248429587968,[],"[{'leak_ID': 'ABRAND00397_0000000000', 'facility_ID': 'ABRAND00397', 'equipment_group': 2, 'rate': 0.002671692864288972, 'lat': 52.95, 'lon': -115.99, 'status': 'repaired', 'days_active': 120, 'days_active_prog_start': 0, 'tagged': True, 'component': 'unknown', 'date_began': datetime.datetime(2017, 1, 30, 0, 0), 'date_tagged': datetime.datetime(2017, 5, 30, 0, 0), 'tagged_by_company': 'natural', 'tagged_by_crew': 1, 'init_detect_by': 'natural', 'init_detect_date': datetime.datetime(2017, 5, 30, 0, 0), 'requires_shutdown': False, 'date_repaired': datetime.datetime(2017, 5, 30, 16, 0), 'repair_delay': 0, 'OGI_sp_covered': 1}, {'leak_ID': 'ABRAND00397_0000000001', 'facility_ID': 'ABRAND00397', 'equipment_group': 4, 'rate': 0.011143652977951564, 'lat': 52.95, 'lon': -115.99, 'status': 'repaired', 'days_active': 120, 'days_active_prog_start': 0, 'tagged': True, 'component': 'unknown', 'date_began': datetime.datetime(2018, 2, 16, 0, 0), 'date_tagged': datetime.datetime(2018, 6, 16, 0, 0), 'tagged_by_company': 'natural', 'tagged_by_crew': 1, 'init_detect_by': 'natural', 'init_detect_date': datetime.datetime(2018, 6, 16, 0, 0), 'requires_shutdown': False, 'date_repaired': datetime.datetime(2018, 6, 16, 16, 0), 'repair_delay': 0, 'OGI_sp_covered': 1}, {'leak_ID': 'ABRAND00397_0000000002', 'facility_ID': 'ABRAND00397', 'equipment_group': 4, 'rate': 0.05433959960909367, 'lat': 52.95, 'lon': -115.99, 'status': 'repaired', 'days_active': 79, 'days_active_prog_start': 0, 'tagged': True, 'component': 'unknown', 'date_began': datetime.datetime(2018, 7, 29, 0, 0), 'date_tagged': datetime.datetime(2018, 9, 30, 10, 30), 'tagged_by_company': 'OGI', 'tagged_by_crew': 1, 'init_detect_by': 'OGI', 'init_detect_date': datetime.datetime(2018, 9, 30, 10, 30), 'requires_shutdown': False, 'date_repaired': datetime.datetime(2018, 10, 16, 16, 0), 'repair_delay': 16, 'OGI_sp_covered': 1}, {'leak_ID': 'ABRAND00397_0000000003', 'facility_ID': 'ABRAND00397', 'equipment_group': 5, 'rate': 0.0167155954412493, 'lat': 52.95, 'lon': -115.99, 'status': 'repaired', 'days_active': 120, 'days_active_prog_start': 0, 'tagged': True, 'component': 'unknown', 'date_began': datetime.datetime(2019, 2, 8, 0, 0), 'date_tagged': datetime.datetime(2019, 6, 8, 0, 0), 'tagged_by_company': 'natural', 'tagged_by_crew': 1, 'init_detect_by': 'natural', 'init_detect_date': datetime.datetime(2019, 6, 8, 0, 0), 'requires_shutdown': False, 'date_repaired': datetime.datetime(2019, 6, 8, 16, 0), 'repair_delay': 0, 'OGI_sp_covered': 1}, {'leak_ID': 'ABRAND00397_0000000006', 'facility_ID': 'ABRAND00397', 'equipment_group': 4, 'rate': 0.11837759421254905, 'lat': 52.95, 'lon': -115.99, 'status': 'repaired', 'days_active': 24, 'days_active_prog_start': 0, 'tagged': True, 'component': 'unknown', 'date_began': datetime.datetime(2019, 7, 24, 0, 0), 'date_tagged': datetime.datetime(2019, 8, 1, 10, 30), 'tagged_by_company': 'OGI', 'tagged_by_crew': 1, 'init_detect_by': 'OGI', 'init_detect_date': datetime.datetime(2019, 8, 1, 10, 30), 'requires_shutdown': False, 'date_repaired': datetime.datetime(2019, 8, 17, 16, 0), 'repair_delay': 16, 'OGI_sp_covered': 1}, {'leak_ID': 'ABRAND00397_0000000004', 'facility_ID': 'ABRAND00397', 'equipment_group': 5, 'rate': 0.024269096202796565, 'lat': 52.95, 'lon': -115.99, 'status': 'repaired', 'days_active': 120, 'days_active_prog_start': 0, 'tagged': True, 'component': 'unknown', 'date_began': datetime.datetime(2019, 4, 28, 0, 0), 'date_tagged': datetime.datetime(2019, 8, 26, 0, 0), 'tagged_by_company': 'natural', 'tagged_by_crew': 1, 'init_detect_by': 'natural', 'init_detect_date': datetime.datetime(2019, 8, 26, 0, 0), 'requires_shutdown': False, 'date_repaired': datetime.datetime(2019, 8, 26, 0, 0), 'repair_delay': 0, 'OGI_sp_covered': 1}, {'leak_ID': 'ABRAND00397_0000000005', 'facility_ID': 'ABRAND00397', 'equipment_group': 3, 'rate': 0.019391957877728388, 'lat': 52.95, 'lon': -115.99, 'status': 'repaired', 'days_active': 120, 'days_active_prog_start': 0, 'tagged': True, 'component': 'unknown', 'date_began': datetime.datetime(2019, 6, 4, 0, 0), 'date_tagged': datetime.datetime(2019, 10, 2, 0, 0), 'tagged_by_company': 'natural', 'tagged_by_crew': 1, 'init_detect_by': 'natural', 'init_detect_date': datetime.datetime(2019, 10, 2, 0, 0), 'requires_shutdown': False, 'date_repaired': datetime.datetime(2019, 10, 2, 16, 0), 'repair_delay': 0, 'OGI_sp_covered': 1}, {'leak_ID': 'ABRAND00397_0000000007', 'facility_ID': 'ABRAND00397', 'equipment_group': 2, 'rate': 0.04372517498530122, 'lat': 52.95, 'lon': -115.99, 'status': 'repaired', 'days_active': 55, 'days_active_prog_start': 0, 'tagged': True, 'component': 'unknown', 'date_began': datetime.datetime(2020, 12, 25, 0, 0), 'date_tagged': datetime.datetime(2021, 2, 2, 10, 30), 'tagged_by_company': 'OGI', 'tagged_by_crew': 1, 'init_detect_by': 'OGI', 'init_detect_date': datetime.datetime(2021, 2, 2, 10, 30), 'requires_shutdown': False, 'date_repaired': datetime.datetime(2021, 2, 18, 16, 0), 'repair_delay': 16, 'OGI_sp_covered': 1}, {'leak_ID': 'ABRAND00397_0000000008', 'facility_ID': 'ABRAND00397', 'equipment_group': 3, 'rate': 0.04376695324253538, 'lat': 52.95, 'lon': -115.99, 'status': 'repaired', 'days_active': 72, 'days_active_prog_start': 0, 'tagged': True, 'component': 'unknown', 'date_began': datetime.datetime(2021, 2, 6, 0, 0), 'date_tagged': datetime.datetime(2021, 4, 3, 10, 30), 'tagged_by_company': 'OGI', 'tagged_by_crew': 1, 'init_detect_by': 'OGI', 'init_detect_date': datetime.datetime(2021, 4, 3, 10, 30), 'requires_shutdown': False, 'date_repaired': datetime.datetime(2021, 4, 19, 16, 0), 'repair_delay': 16, 'OGI_sp_covered': 1}, {'leak_ID': 'ABRAND00397_0000000010', 'facility_ID': 'ABRAND00397', 'equipment_group': 1, 'rate': 0.1202353958060497, 'lat': 52.95, 'lon': -115.99, 'status': 'repaired', 'days_active': 35, 'days_active_prog_start': 0, 'tagged': True, 'component': 'unknown', 'date_began': datetime.datetime(2021, 5, 14, 0, 0), 'date_tagged': datetime.datetime(2021, 6, 2, 10, 30), 'tagged_by_company': 'OGI', 'tagged_by_crew': 1, 'init_detect_by': 'OGI', 'init_detect_date': datetime.datetime(2021, 6, 2, 10, 30), 'requires_shutdown': False, 'date_repaired': datetime.datetime(2021, 6, 18, 16, 0), 'repair_delay': 16, 'OGI_sp_covered': 1}, {'leak_ID': 'ABRAND00397_0000000009', 'facility_ID': 'ABRAND00397', 'equipment_group': 5, 'rate': 0.0006167779123177643, 'lat': 52.95, 'lon': -115.99, 'status': 'repaired', 'days_active': 120, 'days_active_prog_start': 0, 'tagged': True, 'component': 'unknown', 'date_began': datetime.datetime(2021, 3, 4, 0, 0), 'date_tagged': datetime.datetime(2021, 7, 2, 0, 0), 'tagged_by_company': 'natural', 'tagged_by_crew': 1, 'init_detect_by': 'natural', 'init_detect_date': datetime.datetime(2021, 7, 2, 0, 0), 'requires_shutdown': False, 'date_repaired': datetime.datetime(2021, 7, 2, 16, 0), 'repair_delay': 0, 'OGI_sp_covered': 1}]",[],0,False,,,,2,4,32,30,False,6,12,0,11,0.0,2235.6248429587968,0.5831663326653307,0.8497156181026538,1.2249999139500256
ABRAND00688,361,53.15,-115.03,1,6,2,2,2,120,1,30,20,120,1,lognorm,0.062287158377333125,[1.462],"['kilogram', 'hour']",<scipy.stats._distn_infrastructure.rv_frozen object at 0x000002073C01D1C8>,0,7,60,2825.9989158509443,[],"[{'leak_ID': 'ABRAND00688_0000000000', 'facility_ID': 'ABRAND00688', 'equipment_group': 1, 'rate': 0.0017367958041550513, 'lat': 53.15, 'lon': -115.03, 'status': 'repaired', 'days_active': 120, 'days_active_prog_start': 0, 'tagged': True, 'component': 'unknown', 'date_began': datetime.datetime(2017, 7, 17, 0, 0), 'date_tagged': datetime.datetime(2017, 11, 14, 0, 0), 'tagged_by_company': 'natural', 'tagged_by_crew': 1, 'init_detect_by': 'natural', 'init_detect_date': datetime.datetime(2017, 11, 14, 0, 0), 'requires_shutdown': False, 'date_repaired': datetime.datetime(2017, 11, 14, 16, 0), 'repair_delay': 0, 'OGI_sp_covered': 1}, {'leak_ID': 'ABRAND00688_0000000001', 'facility_ID': 'ABRAND00688', 'equipment_group': 1, 'rate': 0.006504358272552196, 'lat': 53.15, 'lon': -115.03, 'status': 'repaired', 'days_active': 120, 'days_active_prog_start': 0, 'tagged': True, 'component': 'unknown', 'date_began': datetime.datetime(2018, 5, 31, 0, 0), 'date_tagged': datetime.datetime(2018, 9, 28, 0, 0), 'tagged_by_company': 'natural', 'tagged_by_crew': 1, 'init_detect_by': 'natural', 'init_detect_date': datetime.datetime(2018, 9, 28, 0, 0), 'requires_shutdown': False, 'date_repaired': datetime.datetime(2018, 9, 28, 16, 0), 'repair_delay': 0, 'OGI_sp_covered': 1}, {'leak_ID': 'ABRAND00688_0000000002', 'facility_ID': 'ABRAND00688', 'equipment_group': 1, 'rate': 0.2511287258736232, 'lat': 53.15, 'lon': -115.03, 'status': 'repaired', 'days_active': 108, 'days_active_prog_start': 0, 'tagged': True, 'component': 'unknown', 'date_began': datetime.datetime(2018, 11, 2, 0, 0), 'date_tagged': datetime.datetime(2019, 2, 2, 10, 30), 'tagged_by_company': 'OGI', 'tagged_by_crew': 2, 'init_detect_by': 'OGI', 'init_detect_date': datetime.datetime(2019, 2, 2, 10, 30), 'requires_shutdown': False, 'date_repaired': datetime.datetime(2019, 2, 18, 16, 0), 'repair_delay': 16, 'OGI_sp_covered': 1}, {'leak_ID': 'ABRAND00688_0000000003', 'facility_ID': 'ABRAND00688', 'equipment_group': 1, 'rate': 0.0046985819342402245, 'lat': 53.15, 'lon': -115.03, 'status': 'repaired', 'days_active': 120, 'days_active_prog_start': 0, 'tagged': True, 'component': 'unknown', 'date_began': datetime.datetime(2019, 4, 28, 0, 0), 'date_tagged': datetime.datetime(2019, 8, 26, 0, 0), 'tagged_by_company': 'natural', 'tagged_by_crew': 1, 'init_detect_by': 'natural', 'init_detect_date': datetime.datetime(2019, 8, 26, 0, 0), 'requires_shutdown': False, 'date_repaired': datetime.datetime(2019, 8, 26, 0, 0), 'repair_delay': 0, 'OGI_sp_covered': 1}, {'leak_ID': 'ABRAND00688_0000000004', 'facility_ID': 'ABRAND00688', 'equipment_group': 1, 'rate': 0.0033419311327944658, 'lat': 53.15, 'lon': -115.03, 'status': 'repaired', 'days_active': 120, 'days_active_prog_start': 0, 'tagged': True, 'component': 'unknown', 'date_began': datetime.datetime(2019, 12, 5, 0, 0), 'date_tagged': datetime.datetime(2020, 4, 3, 0, 0), 'tagged_by_company': 'natural', 'tagged_by_crew': 1, 'init_detect_by': 'natural', 'init_detect_date': datetime.datetime(2020, 4, 3, 0, 0), 'requires_shutdown': False, 'date_repaired': datetime.datetime(2020, 4, 3, 16, 0), 'repair_delay': 0, 'OGI_sp_covered': 1}, {'leak_ID': 'ABRAND00688_0000000005', 'facility_ID': 'ABRAND00688', 'equipment_group': 1, 'rate': 0.012664527760327117, 'lat': 53.15, 'lon': -115.03, 'status': 'repaired', 'days_active': 120, 'days_active_prog_start': 0, 'tagged': True, 'component': 'unknown', 'date_began': datetime.datetime(2020, 2, 24, 0, 0), 'date_tagged': datetime.datetime(2020, 6, 23, 0, 0), 'tagged_by_company': 'natural', 'tagged_by_crew': 1, 'init_detect_by': 'natural', 'init_detect_date': datetime.datetime(2020, 6, 23, 0, 0), 'requires_shutdown': False, 'date_repaired': datetime.datetime(2020, 6, 23, 16, 0), 'repair_delay': 0, 'OGI_sp_covered': 1}, {'leak_ID': 'ABRAND00688_0000000006', 'facility_ID': 'ABRAND00688', 'equipment_group': 1, 'rate': 0.046952777832716924, 'lat': 53.15, 'lon': -115.03, 'status': 'repaired', 'days_active': 45, 'days_active_prog_start': 0, 'tagged': True, 'component': 'unknown', 'date_began': datetime.datetime(2020, 10, 30, 0, 0), 'date_tagged': datetime.datetime(2020, 11, 28, 10, 30), 'tagged_by_company': 'OGI', 'tagged_by_crew': 2, 'init_detect_by': 'OGI', 'init_detect_date': datetime.datetime(2020, 11, 28, 10, 30), 'requires_shutdown': False, 'date_repaired': datetime.datetime(2020, 12, 14, 16, 0), 'repair_delay': 16, 'OGI_sp_covered': 1}]",[],0,False,,,,2,4,32,30,False,6,9,0,7,0.0,2825.9989158509443,0.5851703406813628,0.8509692879465749,1.5484925566306544
ABRAND01128,601,50.29,-110.76,3,6,2,2,2,120,1,30,20,120,1,lognorm,0.062287158377333125,[1.462],"['kilogram', 'hour']",<scipy.stats._distn_infrastructure.rv_frozen object at 0x000002073C01D1C8>,1,5,60,2619.9490850067473,[],"[{'leak_ID': 'ABRAND01128_0000000001', 'facility_ID': 'ABRAND01128', 'equipment_group': 2, 'rate': 0.003742036705101489, 'lat': 50.29, 'lon': -110.76, 'status': 'repaired', 'days_active': 120, 'days_active_prog_start': 6, 'tagged': True, 'component': 'unknown', 'date_began': datetime.datetime(2016, 12, 26, 0, 0), 'date_tagged': datetime.datetime(2017, 4, 24, 0, 0), 'tagged_by_company': 'natural', 'tagged_by_crew': 1, 'init_detect_by': 'natural', 'init_detect_date': datetime.datetime(2017, 4, 24, 0, 0), 'requires_shutdown': False, 'date_repaired': datetime.datetime(2017, 4, 24, 16, 0), 'repair_delay': 0, 'OGI_sp_covered': 1}, {'leak_ID': 'ABRAND01128_0000000001', 'facility_ID': 'ABRAND01128', 'equipment_group': 3, 'rate': 0.0016534411534670072, 'lat': 50.29, 'lon': -110.76, 'status': 'repaired', 'days_active': 120, 'days_active_prog_start': 0, 'tagged': True, 'component': 'unknown', 'date_began': datetime.datetime(2018, 11, 26, 0, 0), 'date_tagged': datetime.datetime(2019, 3, 26, 0, 0), 'tagged_by_company': 'natural', 'tagged_by_crew': 1, 'init_detect_by': 'natural', 'init_detect_date': datetime.datetime(2019, 3, 26, 0, 0), 'requires_shutdown': False, 'date_repaired': datetime.datetime(2019, 3, 26, 16, 0), 'repair_delay': 0, 'OGI_sp_covered': 1}, {'leak_ID': 'ABRAND01128_0000000002', 'facility_ID': 'ABRAND01128', 'equipment_group': 2, 'rate': 0.03658332947191865, 'lat': 50.29, 'lon': -110.76, 'status': 'repaired', 'days_active': 57, 'days_active_prog_start': 0, 'tagged': True, 'component': 'unknown', 'date_began': datetime.datetime(2019, 8, 20, 0, 0), 'date_tagged': datetime.datetime(2019, 9, 30, 10, 30), 'tagged_by_company': 'OGI', 'tagged_by_crew': 3, 'init_detect_by': 'OGI', 'init_detect_date': datetime.datetime(2019, 9, 30, 10, 30), 'requires_shutdown': False, 'date_repaired': datetime.datetime(2019, 10, 16, 16, 0), 'repair_delay': 16, 'OGI_sp_covered': 1}, {'leak_ID': 'ABRAND01128_0000000003', 'facility_ID': 'ABRAND01128', 'equipment_group': 1, 'rate': 0.037962899333282306, 'lat': 50.29, 'lon': -110.76, 'status': 'repaired', 'days_active': 37, 'days_active_prog_start': 0, 'tagged': True, 'component': 'unknown', 'date_began': datetime.datetime(2019, 11, 8, 0, 0), 'date_tagged': datetime.datetime(2019, 11, 29, 10, 30), 'tagged_by_company': 'OGI', 'tagged_by_crew': 3, 'init_detect_by': 'OGI', 'init_detect_date': datetime.datetime(2019, 11, 29, 10, 30), 'requires_shutdown': False, 'date_repaired': datetime.datetime(2019, 12, 15, 16, 0), 'repair_delay': 16, 'OGI_sp_covered': 1}, {'leak_ID': 'ABRAND01128_0000000004', 'facility_ID': 'ABRAND01128', 'equipment_group': 2, 'rate': 0.7083406108687098, 'lat': 50.29, 'lon': -110.76, 'status': 'repaired', 'days_active': 37, 'days_active_prog_start': 0, 'tagged': True, 'component': 'unknown', 'date_began': datetime.datetime(2020, 7, 10, 0, 0), 'date_tagged': datetime.datetime(2020, 7, 31, 10, 30), 'tagged_by_company': 'OGI', 'tagged_by_crew': 3, 'init_detect_by': 'OGI', 'init_detect_date': datetime.datetime(2020, 7, 31, 10, 30), 'requires_shutdown': False, 'date_repaired': datetime.datetime(2020, 8, 16, 16, 0), 'repair_delay': 16, 'OGI_sp_covered': 1}]",[],1,False,,,,3,4,32,30,False,6,3,0,5,0.0,2619.9490850067473,0.5871743486973948,0.8522211223322937,1.4355885397297246
ABRAND00902,501,52.44,-114.25,5,6,2,2,2,120,1,30,20,120,1,lognorm,0.062287158377333125,[1.462],"['kilogram', 'hour']",<scipy.stats._distn_infrastructure.rv_frozen object at 0x000002073C01D1C8>,1,6,60,1822.781588742048,"[{'leak_ID': 'ABRAND00902_0000000005', 'facility_ID': 'ABRAND00902', 'equipment_group': 1, 'rate': 0.030402130504747292, 'lat': 52.44, 'lon': -114.25, 'status': 'active', 'days_active': 46, 'days_active_prog_start': 0, 'tagged': False, 'component': 'unknown', 'date_began': datetime.datetime(2021, 11, 14, 0, 0), 'date_tagged': None, 'tagged_by_company': None, 'tagged_by_crew': None, 'init_detect_by': None, 'init_detect_date': None, 'requires_shutdown': False, 'date_repaired': None, 'repair_delay': None, 'OGI_sp_covered': 1}]","[{'leak_ID': 'ABRAND00902_0000000001', 'facility_ID': 'ABRAND00902', 'equipment_group': 4, 'rate': 0.1638118803709478, 'lat': 52.44, 'lon': -114.25, 'status': 'repaired', 'days_active': 67, 'days_active_prog_start': 18, 'tagged': True, 'component': 'unknown', 'date_began': datetime.datetime(2016, 12, 14, 0, 0), 'date_tagged': datetime.datetime(2017, 2, 2, 13, 0), 'tagged_by_company': 'OGI', 'tagged_by_crew': 1, 'init_detect_by': 'OGI', 'init_detect_date': datetime.datetime(2017, 2, 2, 13, 0), 'requires_shutdown': False, 'date_repaired': datetime.datetime(2017, 2, 18, 16, 0), 'repair_delay': 16, 'OGI_sp_covered': 1}, {'leak_ID': 'ABRAND00902_0000000001', 'facility_ID': 'ABRAND00902', 'equipment_group': 3, 'rate': 0.0027027662727164897, 'lat': 52.44, 'lon': -114.25, 'status': 'repaired', 'days_active': 120, 'days_active_prog_start': 0, 'tagged': True, 'component': 'unknown', 'date_began': datetime.datetime(2017, 8, 30, 0, 0), 'date_tagged': datetime.datetime(2017, 12, 28, 0, 0), 'tagged_by_company': 'natural', 'tagged_by_crew': 1, 'init_detect_by': 'natural', 'init_detect_date': datetime.datetime(2017, 12, 28, 0, 0), 'requires_shutdown': False, 'date_repaired': datetime.datetime(2017, 12, 28, 0, 0), 'repair_delay': 0, 'OGI_sp_covered': 0}, {'leak_ID': 'ABRAND00902_0000000002', 'facility_ID': 'ABRAND00902', 'equipment_group': 2, 'rate': 0.09432116398456299, 'lat': 52.44, 'lon': -114.25, 'status': 'repaired', 'days_active': 97, 'days_active_prog_start': 0, 'tagged': True, 'component': 'unknown', 'date_began': datetime.datetime(2019, 9, 9, 0, 0), 'date_tagged': datetime.datetime(2019, 11, 29, 13, 0), 'tagged_by_company': 'OGI', 'tagged_by_crew': 1, 'init_detect_by': 'OGI', 'init_detect_date': datetime.datetime(2019, 11, 29, 13, 0), 'requires_shutdown': False, 'date_repaired': datetime.datetime(2019, 12, 15, 16, 0), 'repair_delay': 16, 'OGI_sp_covered': 1}, {'leak_ID': 'ABRAND00902_0000000003', 'facility_ID': 'ABRAND00902', 'equipment_group': 4, 'rate': 0.0005892467673676095, 'lat': 52.44, 'lon': -114.25, 'status': 'repaired', 'days_active': 120, 'days_active_prog_start': 0, 'tagged': True, 'component': 'unknown', 'date_began': datetime.datetime(2020, 8, 25, 0, 0), 'date_tagged': datetime.datetime(2020, 12, 23, 0, 0), 'tagged_by_company': 'natural', 'tagged_by_crew': 1, 'init_detect_by': 'natural', 'init_detect_date': datetime.datetime(2020, 12, 23, 0, 0), 'requires_shutdown': False, 'date_repaired': datetime.datetime(2020, 12, 23, 0, 0), 'repair_delay': 0, 'OGI_sp_covered': 0}, {'leak_ID': 'ABRAND00902_0000000004', 'facility_ID': 'ABRAND00902', 'equipment_group': 3, 'rate': 0.01772945430209473, 'lat': 52.44, 'lon': -114.25, 'status': 'repaired', 'days_active': 120, 'days_active_prog_start': 0, 'tagged': True, 'component': 'unknown', 'date_began': datetime.datetime(2021, 4, 3, 0, 0), 'date_tagged': datetime.datetime(2021, 8, 1, 0, 0), 'tagged_by_company': 'natural', 'tagged_by_crew': 1, 'init_detect_by': 'natural', 'init_detect_date': datetime.datetime(2021, 8, 1, 0, 0), 'requires_shutdown': False, 'date_repaired': datetime.datetime(2021, 8, 1, 16, 0), 'repair_delay': 0, 'OGI_sp_covered': 1}]",[],1,False,,,,3,4,32,30,False,6,4,1,5,120.83022747806764,1701.9513612639803,0.5891783567134269,0.8534672104424142,0.9987844321874235
ABRAND00445,601,53.96,-115.87,1,6,2,2,2,120,1,30,20,120,1,lognorm,0.062287158377333125,[1.462],"['kilogram', 'hour']",<scipy.stats._distn_infrastructure.rv_frozen object at 0x000002073C01D1C8>,1,7,60,425.5444475964589,[],"[{'leak_ID': 'ABRAND00445_0000000001', 'facility_ID': 'ABRAND00445', 'equipment_group': 1, 'rate': 0.017030021096322165, 'lat': 53.96, 'lon': -115.87, 'status': 'repaired', 'days_active': 120, 'days_active_prog_start': 39, 'tagged': True, 'component': 'unknown', 'date_began': datetime.datetime(2016, 11, 23, 0, 0), 'date_tagged': datetime.datetime(2017, 3, 22, 0, 0), 'tagged_by_company': 'natural', 'tagged_by_crew': 1, 'init_detect_by': 'natural', 'init_detect_date': datetime.datetime(2017, 3, 22, 0, 0), 'requires_shutdown': False, 'date_repaired': datetime.datetime(2017, 3, 22, 16, 0), 'repair_delay': 0, 'OGI_sp_covered': 1}, {'leak_ID': 'ABRAND00445_0000000001', 'facility_ID': 'ABRAND00445', 'equipment_group': 1, 'rate': 0.0026458251221221827, 'lat': 53.96, 'lon': -115.87, 'status': 'repaired', 'days_active': 120, 'days_active_prog_start': 0, 'tagged': True, 'component': 'unknown', 'date_began': datetime.datetime(2017, 6, 17, 0, 0), 'date_tagged': datetime.datetime(2017, 10, 15, 0, 0), 'tagged_by_company': 'natural', 'tagged_by_crew': 1, 'init_detect_by': 'natural', 'init_detect_date': datetime.datetime(2017, 10, 15, 0, 0), 'requires_shutdown': False, 'date_repaired': datetime.datetime(2017, 10, 15, 16, 0), 'repair_delay': 0, 'OGI_sp_covered': 1}, {'leak_ID': 'ABRAND00445_0000000002', 'facility_ID': 'ABRAND00445', 'equipment_group': 1, 'rate': 0.002102957585578112, 'lat': 53.96, 'lon': -115.87, 'status': 'repaired', 'days_active': 120, 'days_active_prog_start': 0, 'tagged': True, 'component': 'unknown', 'date_began': datetime.datetime(2018, 10, 18, 0, 0), 'date_tagged': datetime.datetime(2019, 2, 15, 0, 0), 'tagged_by_company': 'natural', 'tagged_by_crew': 1, 'init_detect_by': 'natural', 'init_detect_date': datetime.datetime(2019, 2, 15, 0, 0), 'requires_shutdown': False, 'date_repaired': datetime.datetime(2019, 2, 15, 16, 0), 'repair_delay': 0, 'OGI_sp_covered': 1}, {'leak_ID': 'ABRAND00445_0000000003', 'facility_ID': 'ABRAND00445', 'equipment_group': 1, 'rate': 0.0003859093483009079, 'lat': 53.96, 'lon': -115.87, 'status': 'repaired', 'days_active': 120, 'days_active_prog_start': 0, 'tagged': True, 'component': 'unknown', 'date_began': datetime.datetime(2019, 5, 7, 0, 0), 'date_tagged': datetime.datetime(2019, 9, 4, 0, 0), 'tagged_by_company': 'natural', 'tagged_by_crew': 1, 'init_detect_by': 'natural', 'init_detect_date': datetime.datetime(2019, 9, 4, 0, 0), 'requires_shutdown': False, 'date_repaired': datetime.datetime(2019, 9, 4, 16, 0), 'repair_delay': 0, 'OGI_sp_covered': 1}, {'leak_ID': 'ABRAND00445_0000000004', 'facility_ID': 'ABRAND00445', 'equipment_group': 1, 'rate': 0.006890687818538523, 'lat': 53.96, 'lon': -115.87, 'status': 'repaired', 'days_active': 120, 'days_active_prog_start': 0, 'tagged': True, 'component': 'unknown', 'date_began': datetime.datetime(2019, 8, 10, 0, 0), 'date_tagged': datetime.datetime(2019, 12, 8, 0, 0), 'tagged_by_company': 'natural', 'tagged_by_crew': 1, 'init_detect_by': 'natural', 'init_detect_date': datetime.datetime(2019, 12, 8, 0, 0), 'requires_shutdown': False, 'date_repaired': datetime.datetime(2019, 12, 8, 16, 0), 'repair_delay': 0, 'OGI_sp_covered': 1}, {'leak_ID': 'ABRAND00445_0000000005', 'facility_ID': 'ABRAND00445', 'equipment_group': 1, 'rate': 0.012262848778103672, 'lat': 53.96, 'lon': -115.87, 'status': 'repaired', 'days_active': 120, 'days_active_prog_start': 0, 'tagged': True, 'component': 'unknown', 'date_began': datetime.datetime(2021, 4, 4, 0, 0), 'date_tagged': datetime.datetime(2021, 8, 2, 0, 0), 'tagged_by_company': 'natural', 'tagged_by_crew': 1, 'init_detect_by': 'natural', 'init_detect_date': datetime.datetime(2021, 8, 2, 0, 0), 'requires_shutdown': False, 'date_repaired': datetime.datetime(2021, 8, 2, 16, 0), 'repair_delay': 0, 'OGI_sp_covered': 1}, {'leak_ID': 'ABRAND00445_0000000006', 'facility_ID': 'ABRAND00445', 'equipment_group': 1, 'rate': 0.005260531759775374, 'lat': 53.96, 'lon': -115.87, 'status': 'repaired', 'days_active': 120, 'days_active_prog_start': 0, 'tagged': True, 'component': 'unknown', 'date_began': datetime.datetime(2021, 6, 10, 0, 0), 'date_tagged': datetime.datetime(2021, 10, 8, 0, 0), 'tagged_by_company': 'natural', 'tagged_by_crew': 1, 'init_detect_by': 'natural', 'init_detect_date': datetime.datetime(2021, 10, 8, 0, 0), 'requires_shutdown': False, 'date_repaired': datetime.datetime(2021, 10, 8, 16, 0), 'repair_delay': 0, 'OGI_sp_covered': 1}]",[],1,False,,,,2,4,32,30,False,6,13,0,7,0.0,425.5444475964589,0.591182364729459,0.8547124055974683,0.2331750397788816
ABRAND01037,601,56.42,-113.19,1,6,2,2,2,120,1,30,20,120,1,lognorm,0.062287158377333125,[1.462],"['kilogram', 'hour']",<scipy.stats._distn_infrastructure.rv_frozen object at 0x000002073C01D1C8>,0,3,60,173.41962299101434,"[{'leak_ID': 'ABRAND01037_0000000002', 'facility_ID': 'ABRAND01037', 'equipment_group': 1, 'rate': 0.010183300997898631, 'lat': 56.42, 'lon': -113.19, 'status': 'active', 'days_active': 46, 'days_active_prog_start': 0, 'tagged': False, 'component': 'unknown', 'date_began': datetime.datetime(2021, 11, 14, 0, 0), 'date_tagged': None, 'tagged_by_company': None, 'tagged_by_crew': None, 'init_detect_by': None, 'init_detect_date': None, 'requires_shutdown': False, 'date_repaired': None, 'repair_delay': None, 'OGI_sp_covered': 1}]","[{'leak_ID': 'ABRAND01037_0000000000', 'facility_ID': 'ABRAND01037', 'equipment_group': 1, 'rate': 0.039215883166361605, 'lat': 56.42, 'lon': -113.19, 'status': 'repaired', 'days_active': 23, 'days_active_prog_start': 0, 'tagged': True, 'component': 'unknown', 'date_began': datetime.datetime(2019, 3, 27, 0, 0), 'date_tagged': datetime.datetime(2019, 4, 3, 13, 0), 'tagged_by_company': 'OGI', 'tagged_by_crew': 3, 'init_detect_by': 'OGI', 'init_detect_date': datetime.datetime(2019, 4, 3, 13, 0), 'requires_shutdown': False, 'date_repaired': datetime.datetime(2019, 4, 19, 16, 0), 'repair_delay': 16, 'OGI_sp_covered': 1}, {'leak_ID': 'ABRAND01037_0000000001', 'facility_ID': 'ABRAND01037', 'equipment_group': 1, 'rate': 0.005306453363886211, 'lat': 56.42, 'lon': -113.19, 'status': 'repaired', 'days_active': 120, 'days_active_prog_start': 0, 'tagged': True, 'component': 'unknown', 'date_began': datetime.datetime(2021, 7, 20, 0, 0), 'date_tagged': datetime.datetime(2021, 11, 17, 0, 0), 'tagged_by_company': 'natural', 'tagged_by_crew': 1, 'init_detect_by': 'natural', 'init_detect_date': datetime.datetime(2021, 11, 17, 0, 0), 'requires_shutdown': False, 'date_repaired': datetime.datetime(2021, 11, 17, 16, 0), 'repair_delay': 0, 'OGI_sp_covered': 1}]",[],0,False,,,,1,4,32,30,False,6,3,1,2,40.47251148604832,132.94711150496602,0.593186372745491,0.8559569965874921,0.09502445095398046
ABRAND00888,601,53.06,-114.28,3,6,2,2,2,120,1,30,20,120,1,lognorm,0.062287158377333125,[1.462],"['kilogram', 'hour']",<scipy.stats._distn_infrastructure.rv_frozen object at 0x000002073C01D1C8>,0,3,60,6602.0086993596915,[],"[{'leak_ID': 'ABRAND00888_0000000000', 'facility_ID': 'ABRAND00888', 'equipment_group': 1, 'rate': 0.029888351250455213, 'lat': 53.06, 'lon': -114.28, 'status': 'repaired', 'days_active': 120, 'days_active_prog_start': 0, 'tagged': True, 'component': 'unknown', 'date_began': datetime.datetime(2019, 8, 5, 0, 0), 'date_tagged': datetime.datetime(2019, 12, 3, 0, 0), 'tagged_by_company': 'natural', 'tagged_by_crew': 1, 'init_detect_by': 'natural', 'init_detect_date': datetime.datetime(2019, 12, 3, 0, 0), 'requires_shutdown': False, 'date_repaired': datetime.datetime(2019, 12, 3, 16, 0), 'repair_delay': 0, 'OGI_sp_covered': 1}, {'leak_ID': 'ABRAND00888_0000000001', 'facility_ID': 'ABRAND00888', 'equipment_group': 1, 'rate': 0.003759468189742746, 'lat': 53.06, 'lon': -114.28, 'status': 'repaired', 'days_active': 120, 'days_active_prog_start': 0, 'tagged': True, 'component': 'unknown', 'date_began': datetime.datetime(2021, 4, 19, 0, 0), 'date_tagged': datetime.datetime(2021, 8, 17, 0, 0), 'tagged_by_company': 'natural', 'tagged_by_crew': 1, 'init_detect_by': 'natural', 'init_detect_date': datetime.datetime(2021, 8, 17, 0, 0), 'requires_shutdown': False, 'date_repaired': datetime.datetime(2021, 8, 17, 16, 0), 'repair_delay': 0, 'OGI_sp_covered': 1}, {'leak_ID': 'ABRAND00888_0000000002', 'facility_ID': 'ABRAND00888', 'equipment_group': 2, 'rate': 0.6031199949270561, 'lat': 53.06, 'lon': -114.28, 'status': 'repaired', 'days_active': 120, 'days_active_prog_start': 0, 'tagged': True, 'component': 'unknown', 'date_began': datetime.datetime(2021, 8, 18, 0, 0), 'date_tagged': datetime.datetime(2021, 12, 16, 0, 0), 'tagged_by_company': 'natural', 'tagged_by_crew': 1, 'init_detect_by': 'OGI', 'init_detect_date': datetime.datetime(2021, 11, 30, 8, 0), 'requires_shutdown': False, 'date_repaired': datetime.datetime(2021, 12, 16, 16, 0), 'repair_delay': 0, 'OGI_sp_covered': 1}]",[],0,False,,,,2,4,31,30,False,6,3,0,3,0.0,6602.0086993596915,0.5951903807615231,0.8571969909322795,3.617539013347776
ABRAND00979,351,52.8,-114.04,5,6,2,2,2,120,1,30,20,120,1,lognorm,0.062287158377333125,[1.462],"['kilogram', 'hour']",<scipy.stats._distn_infrastructure.rv_frozen object at 0x000002073C01D1C8>,0,6,60,1875.7483962168144,[],"[{'leak_ID': 'ABRAND00979_0000000000', 'facility_ID': 'ABRAND00979', 'equipment_group': 4, 'rate': 0.08854490266494834, 'lat': 52.8, 'lon': -114.04, 'status': 'repaired', 'days_active': 38, 'days_active_prog_start': 0, 'tagged': True, 'component': 'unknown', 'date_began': datetime.datetime(2018, 3, 13, 0, 0), 'date_tagged': datetime.datetime(2018, 4, 4, 8, 0), 'tagged_by_company': 'OGI', 'tagged_by_crew': 2, 'init_detect_by': 'OGI', 'init_detect_date': datetime.datetime(2018, 4, 4, 8, 0), 'requires_shutdown': False, 'date_repaired': datetime.datetime(2018, 4, 20, 16, 0), 'repair_delay': 16, 'OGI_sp_covered': 1}, {'leak_ID': 'ABRAND00979_0000000001', 'facility_ID': 'ABRAND00979', 'equipment_group': 5, 'rate': 0.01989126869844996, 'lat': 52.8, 'lon': -114.04, 'status': 'repaired', 'days_active': 120, 'days_active_prog_start': 0, 'tagged': True, 'component': 'unknown', 'date_began': datetime.datetime(2018, 10, 1, 0, 0), 'date_tagged': datetime.datetime(2019, 1, 29, 0, 0), 'tagged_by_company': 'natural', 'tagged_by_crew': 1, 'init_detect_by': 'natural', 'init_detect_date': datetime.datetime(2019, 1, 29, 0, 0), 'requires_shutdown': False, 'date_repaired': datetime.datetime(2019, 1, 29, 16, 0), 'repair_delay': 0, 'OGI_sp_covered': 1}, {'leak_ID': 'ABRAND00979_0000000002', 'facility_ID': 'ABRAND00979', 'equipment_group': 1, 'rate': 0.0006682148086603797, 'lat': 52.8, 'lon': -114.04, 'status': 'repaired', 'days_active': 120, 'days_active_prog_start': 0, 'tagged': True, 'component': 'unknown', 'date_began': datetime.datetime(2018, 12, 13, 0, 0), 'date_tagged': datetime.datetime(2019, 4, 12, 0, 0), 'tagged_by_company': 'natural', 'tagged_by_crew': 1, 'init_detect_by': 'natural', 'init_detect_date': datetime.datetime(2019, 4, 12, 0, 0), 'requires_shutdown': False, 'date_repaired': datetime.datetime(2019, 4, 12, 16, 0), 'repair_delay': 0, 'OGI_sp_covered': 1}, {'leak_ID': 'ABRAND00979_0000000003', 'facility_ID': 'ABRAND00979', 'equipment_group': 5, 'rate': 0.011702198255909393, 'lat': 52.8, 'lon': -114.04, 'status': 'repaired', 'days_active': 120, 'days_active_prog_start': 0, 'tagged': True, 'component': 'unknown', 'date_began': datetime.datetime(2019, 4, 5, 0, 0), 'date_tagged': datetime.datetime(2019, 8, 3, 0, 0), 'tagged_by_company': 'natural', 'tagged_by_crew': 1, 'init_detect_by': 'natural', 'init_detect_date': datetime.datetime(2019, 8, 3, 0, 0), 'requires_shutdown': False, 'date_repaired': datetime.datetime(2019, 8, 3, 16, 0), 'repair_delay': 0, 'OGI_sp_covered': 1}, {'leak_ID': 'ABRAND00979_0000000004', 'facility_ID': 'ABRAND00979', 'equipment_group': 5, 'rate': 0.22380863219088795, 'lat': 52.8, 'lon': -114.04, 'status': 'repaired', 'days_active': 62, 'days_active_prog_start': 0, 'tagged': True, 'component': 'unknown', 'date_began': datetime.datetime(2020, 4, 17, 0, 0), 'date_tagged': datetime.datetime(2020, 6, 2, 8, 0), 'tagged_by_company': 'OGI', 'tagged_by_crew': 2, 'init_detect_by': 'OGI', 'init_detect_date': datetime.datetime(2020, 6, 2, 8, 0), 'requires_shutdown': False, 'date_repaired': datetime.datetime(2020, 6, 18, 16, 0), 'repair_delay': 16, 'OGI_sp_covered': 1}, {'leak_ID': 'ABRAND00979_0000000005', 'facility_ID': 'ABRAND00979', 'equipment_group': 1, 'rate': 0.0049817297789466215, 'lat': 52.8, 'lon': -114.04, 'status': 'repaired', 'days_active': 120, 'days_active_prog_start': 0, 'tagged': True, 'component': 'unknown', 'date_began': datetime.datetime(2020, 8, 19, 0, 0), 'date_tagged': datetime.datetime(2020, 12, 17, 0, 0), 'tagged_by_company': 'natural', 'tagged_by_crew': 1, 'init_detect_by': 'natural', 'init_detect_date': datetime.datetime(2020, 12, 17, 0, 0), 'requires_shutdown': False, 'date_repaired': datetime.datetime(2020, 12, 17, 16, 0), 'repair_delay': 0, 'OGI_sp_covered': 1}]",[],0,False,,,,2,4,31,30,False,6,7,0,6,0.0,1875.7483962168144,0.5971943887775552,0.8584298890112023,1.027807340392775
ABRAND00018,601,55.04,-119.9,1,6,2,2,2,120,1,30,20,120,1,lognorm,0.062287158377333125,[1.462],"['kilogram', 'hour']",<scipy.stats._distn_infrastructure.rv_frozen object at 0x000002073C01D1C8>,0,4,60,494.12224493909815,[],"[{'leak_ID': 'ABRAND00018_0000000000', 'facility_ID': 'ABRAND00018', 'equipment_group': 1, 'rate': 0.024176329450164034, 'lat': 55.04, 'lon': -119.9, 'status': 'repaired', 'days_active': 120, 'days_active_prog_start': 0, 'tagged': True, 'component': 'unknown', 'date_began': datetime.datetime(2017, 2, 26, 0, 0), 'date_tagged': datetime.datetime(2017, 6, 26, 0, 0), 'tagged_by_company': 'natural', 'tagged_by_crew': 1, 'init_detect_by': 'natural', 'init_detect_date': datetime.datetime(2017, 6, 26, 0, 0), 'requires_shutdown': False, 'date_repaired': datetime.datetime(2017, 6, 26, 0, 0), 'repair_delay': 0, 'OGI_sp_covered': 1}, {'leak_ID': 'ABRAND00018_0000000001', 'facility_ID': 'ABRAND00018', 'equipment_group': 1, 'rate': 0.003737105262425498, 'lat': 55.04, 'lon': -119.9, 'status': 'repaired', 'days_active': 120, 'days_active_prog_start': 0, 'tagged': True, 'component': 'unknown', 'date_began': datetime.datetime(2019, 1, 12, 0, 0), 'date_tagged': datetime.datetime(2019, 5, 12, 0, 0), 'tagged_by_company': 'natural', 'tagged_by_crew': 1, 'init_detect_by': 'natural', 'init_detect_date': datetime.datetime(2019, 5, 12, 0, 0), 'requires_shutdown': False, 'date_repaired': datetime.datetime(2019, 5, 12, 16, 0), 'repair_delay': 0, 'OGI_sp_covered': 1}, {'leak_ID': 'ABRAND00018_0000000002', 'facility_ID': 'ABRAND00018', 'equipment_group': 1, 'rate': 0.05255432358761196, 'lat': 55.04, 'lon': -119.9, 'status': 'repaired', 'days_active': 39, 'days_active_prog_start': 0, 'tagged': True, 'component': 'unknown', 'date_began': datetime.datetime(2020, 1, 11, 0, 0), 'date_tagged': datetime.datetime(2020, 2, 3, 8, 0), 'tagged_by_company': 'OGI', 'tagged_by_crew': 3, 'init_detect_by': 'OGI', 'init_detect_date': datetime.datetime(2020, 2, 3, 8, 0), 'requires_shutdown': False, 'date_repaired': datetime.datetime(2020, 2, 19, 16, 0), 'repair_delay': 16, 'OGI_sp_covered': 1}, {'leak_ID': 'ABRAND00018_0000000003', 'facility_ID': 'ABRAND00018', 'equipment_group': 1, 'rate': 0.0026648056595440337, 'lat': 55.04, 'lon': -119.9, 'status': 'repaired', 'days_active': 120, 'days_active_prog_start': 0, 'tagged': True, 'component': 'unknown', 'date_began': datetime.datetime(2021, 2, 16, 0, 0), 'date_tagged': datetime.datetime(2021, 6, 16, 0, 0), 'tagged_by_company': 'natural', 'tagged_by_crew': 1, 'init_detect_by': 'natural', 'init_detect_date': datetime.datetime(2021, 6, 16, 0, 0), 'requires_shutdown': False, 'date_repaired': datetime.datetime(2021, 6, 16, 16, 0), 'repair_delay': 0, 'OGI_sp_covered': 1}]",[],0,False,,,,2,4,31,30,False,6,3,0,4,0.0,494.12224493909815,0.5991983967935872,0.8596467053926616,0.27075191503512225
ABRAND00561,351,53.12,-115.51,3,6,2,2,2,120,1,30,20,120,1,lognorm,0.062287158377333125,[1.462],"['kilogram', 'hour']",<scipy.stats._distn_infrastructure.rv_frozen object at 0x000002073C01D1C8>,1,6,60,860.7947595120979,[],"[{'leak_ID': 'ABRAND00561_0000000001', 'facility_ID': 'ABRAND00561', 'equipment_group': 1, 'rate': 0.010583939106006825, 'lat': 53.12, 'lon': -115.51, 'status': 'repaired', 'days_active': 120, 'days_active_prog_start': 112, 'tagged': True, 'component': 'unknown', 'date_began': datetime.datetime(2016, 9, 11, 0, 0), 'date_tagged': datetime.datetime(2017, 1, 8, 0, 0), 'tagged_by_company': 'natural', 'tagged_by_crew': 1, 'init_detect_by': 'natural', 'init_detect_date': datetime.datetime(2017, 1, 8, 0, 0), 'requires_shutdown': False, 'date_repaired': datetime.datetime(2017, 1, 8, 16, 0), 'repair_delay': 0}, {'leak_ID': 'ABRAND00561_0000000001', 'facility_ID': 'ABRAND00561', 'equipment_group': 1, 'rate': 0.009438928168493671, 'lat': 53.12, 'lon': -115.51, 'status': 'repaired', 'days_active': 120, 'days_active_prog_start': 0, 'tagged': True, 'component': 'unknown', 'date_began': datetime.datetime(2017, 8, 12, 0, 0), 'date_tagged': datetime.datetime(2017, 12, 10, 0, 0), 'tagged_by_company': 'natural', 'tagged_by_crew': 1, 'init_detect_by': 'natural', 'init_detect_date': datetime.datetime(2017, 12, 10, 0, 0), 'requires_shutdown': False, 'date_repaired': datetime.datetime(2017, 12, 10, 16, 0), 'repair_delay': 0, 'OGI_sp_covered': 1}, {'leak_ID': 'ABRAND00561_0000000002', 'facility_ID': 'ABRAND00561', 'equipment_group': 3, 'rate': 0.011043732943825739, 'lat': 53.12, 'lon': -115.51, 'status': 'repaired', 'days_active': 120, 'days_active_prog_start': 0, 'tagged': True, 'component': 'unknown', 'date_began': datetime.datetime(2018, 9, 23, 0, 0), 'date_tagged': datetime.datetime(2019, 1, 21, 0, 0), 'tagged_by_company': 'natural', 'tagged_by_crew': 1, 'init_detect_by': 'natural', 'init_detect_date': datetime.datetime(2019, 1, 21, 0, 0), 'requires_shutdown': False, 'date_repaired': datetime.datetime(2019, 1, 21, 16, 0), 'repair_delay': 0, 'OGI_sp_covered': 1}, {'leak_ID': 'ABRAND00561_0000000003', 'facility_ID': 'ABRAND00561', 'equipment_group': 1, 'rate': 0.03825709747391314, 'lat': 53.12, 'lon': -115.51, 'status': 'repaired', 'days_active': 96, 'days_active_prog_start': 0, 'tagged': True, 'component': 'unknown', 'date_began': datetime.datetime(2018, 11, 15, 0, 0), 'date_tagged': datetime.datetime(2019, 2, 3, 10, 30), 'tagged_by_company': 'OGI', 'tagged_by_crew': 1, 'init_detect_by': 'OGI', 'init_detect_date': datetime.datetime(2019, 2, 3, 10, 30), 'requires_shutdown': False, 'date_repaired': datetime.datetime(2019, 2, 19, 16, 0), 'repair_delay': 16, 'OGI_sp_covered': 1}, {'leak_ID': 'ABRAND00561_0000000004', 'facility_ID': 'ABRAND00561', 'equipment_group': 2, 'rate': 0.04680565068391777, 'lat': 53.12, 'lon': -115.51, 'status': 'repaired', 'days_active': 58, 'days_active_prog_start': 0, 'tagged': True, 'component': 'unknown', 'date_began': datetime.datetime(2020, 12, 23, 0, 0), 'date_tagged': datetime.datetime(2021, 2, 3, 10, 30), 'tagged_by_company': 'OGI', 'tagged_by_crew': 1, 'init_detect_by': 'OGI', 'init_detect_date': datetime.datetime(2021, 2, 3, 10, 30), 'requires_shutdown': False, 'date_repaired': datetime.datetime(2021, 2, 19, 16, 0), 'repair_delay': 16, 'OGI_sp_covered': 1}, {'leak_ID': 'ABRAND00561_0000000005', 'facility_ID': 'ABRAND00561', 'equipment_group': 1, 'rate': 0.008607519713987703, 'lat': 53.12, 'lon': -115.51, 'status': 'repaired', 'days_active': 120, 'days_active_prog_start': 0, 'tagged': True, 'component': 'unknown', 'date_began': datetime.datetime(2021, 1, 1, 0, 0), 'date_tagged': datetime.datetime(2021, 5, 1, 0, 0), 'tagged_by_company': 'natural', 'tagged_by_crew': 1, 'init_detect_by': 'natural', 'init_detect_date': datetime.datetime(2021, 5, 1, 0, 0), 'requires_shutdown': False, 'date_repaired': datetime.datetime(2021, 5, 1, 0, 0), 'repair_delay': 0, 'OGI_sp_covered': 1}]",[],1,False,,,,2,4,31,30,False,6,5,0,6,0.0,860.7947595120979,0.6012024048096193,0.8608613644770662,0.47166836137649204
ABRAND00826,621,52.12,-114.43,1,6,2,2,2,120,1,30,20,120,1,lognorm,0.062287158377333125,[1.462],"['kilogram', 'hour']",<scipy.stats._distn_infrastructure.rv_frozen object at 0x000002073C01D1C8>,0,9,60,1093.7274980021177,[],"[{'leak_ID': 'ABRAND00826_0000000000', 'facility_ID': 'ABRAND00826', 'equipment_group': 1, 'rate': 0.06949608159537451, 'lat': 52.12, 'lon': -114.43, 'status': 'repaired', 'days_active': 21, 'days_active_prog_start': 0, 'tagged': True, 'component': 'unknown', 'date_began': datetime.datetime(2017, 3, 30, 0, 0), 'date_tagged': datetime.datetime(2017, 4, 4, 10, 30), 'tagged_by_company': 'OGI', 'tagged_by_crew': 2, 'init_detect_by': 'OGI', 'init_detect_date': datetime.datetime(2017, 4, 4, 10, 30), 'requires_shutdown': False, 'date_repaired': datetime.datetime(2017, 4, 20, 16, 0), 'repair_delay': 16, 'OGI_sp_covered': 1}, {'leak_ID': 'ABRAND00826_0000000001', 'facility_ID': 'ABRAND00826', 'equipment_group': 1, 'rate': 0.0012119801820928285, 'lat': 52.12, 'lon': -114.43, 'status': 'repaired', 'days_active': 120, 'days_active_prog_start': 0, 'tagged': True, 'component': 'unknown', 'date_began': datetime.datetime(2017, 4, 10, 0, 0), 'date_tagged': datetime.datetime(2017, 8, 8, 0, 0), 'tagged_by_company': 'natural', 'tagged_by_crew': 1, 'init_detect_by': 'natural', 'init_detect_date': datetime.datetime(2017, 8, 8, 0, 0), 'requires_shutdown': False, 'date_repaired': datetime.datetime(2017, 8, 8, 16, 0), 'repair_delay': 0, 'OGI_sp_covered': 1}, {'leak_ID': 'ABRAND00826_0000000002', 'facility_ID': 'ABRAND00826', 'equipment_group': 1, 'rate': 0.008934009163862716, 'lat': 52.12, 'lon': -114.43, 'status': 'repaired', 'days_active': 120, 'days_active_prog_start': 0, 'tagged': True, 'component': 'unknown', 'date_began': datetime.datetime(2017, 9, 8, 0, 0), 'date_tagged': datetime.datetime(2018, 1, 6, 0, 0), 'tagged_by_company': 'natural', 'tagged_by_crew': 1, 'init_detect_by': 'natural', 'init_detect_date': datetime.datetime(2018, 1, 6, 0, 0), 'requires_shutdown': False, 'date_repaired': datetime.datetime(2018, 1, 6, 16, 0), 'repair_delay': 0, 'OGI_sp_covered': 1}, {'leak_ID': 'ABRAND00826_0000000003', 'facility_ID': 'ABRAND00826', 'equipment_group': 1, 'rate': 0.023061706268103496, 'lat': 52.12, 'lon': -114.43, 'status': 'repaired', 'days_active': 120, 'days_active_prog_start': 0, 'tagged': True, 'component': 'unknown', 'date_began': datetime.datetime(2017, 11, 9, 0, 0), 'date_tagged': datetime.datetime(2018, 3, 9, 0, 0), 'tagged_by_company': 'natural', 'tagged_by_crew': 1, 'init_detect_by': 'natural', 'init_detect_date': datetime.datetime(2018, 3, 9, 0, 0), 'requires_shutdown': False, 'date_repaired': datetime.datetime(2018, 3, 9, 16, 0), 'repair_delay': 0, 'OGI_sp_covered': 1}, {'leak_ID': 'ABRAND00826_0000000004', 'facility_ID': 'ABRAND00826', 'equipment_group': 1, 'rate': 0.0022748147999015716, 'lat': 52.12, 'lon': -114.43, 'status': 'repaired', 'days_active': 120, 'days_active_prog_start': 0, 'tagged': True, 'component': 'unknown', 'date_began': datetime.datetime(2018, 9, 28, 0, 0), 'date_tagged': datetime.datetime(2019, 1, 26, 0, 0), 'tagged_by_company': 'natural', 'tagged_by_crew': 1, 'init_detect_by': 'natural', 'init_detect_date': datetime.datetime(2019, 1, 26, 0, 0), 'requires_shutdown': False, 'date_repaired': datetime.datetime(2019, 1, 26, 16, 0), 'repair_delay': 0, 'OGI_sp_covered': 1}, {'leak_ID': 'ABRAND00826_0000000005', 'facility_ID': 'ABRAND00826', 'equipment_group': 1, 'rate': 0.015123254548017238, 'lat': 52.12, 'lon': -114.43, 'status': 'repaired', 'days_active': 120, 'days_active_prog_start': 0, 'tagged': True, 'component': 'unknown', 'date_began': datetime.datetime(2020, 1, 30, 0, 0), 'date_tagged': datetime.datetime(2020, 5, 29, 0, 0), 'tagged_by_company': 'natural', 'tagged_by_crew': 1, 'init_detect_by': 'natural', 'init_detect_date': datetime.datetime(2020, 5, 29, 0, 0), 'requires_shutdown': False, 'date_repaired': datetime.datetime(2020, 5, 29, 16, 0), 'repair_delay': 0, 'OGI_sp_covered': 1}, {'leak_ID': 'ABRAND00826_0000000006', 'facility_ID': 'ABRAND00826', 'equipment_group': 1, 'rate': 0.0034580744410688297, 'lat': 52.12, 'lon': -114.43, 'status': 'repaired', 'days_active': 120, 'days_active_prog_start': 0, 'tagged': True, 'component': 'unknown', 'date_began': datetime.datetime(2020, 9, 19, 0, 0), 'date_tagged': datetime.datetime(2021, 1, 17, 0, 0), 'tagged_by_company': 'natural', 'tagged_by_crew': 1, 'init_detect_by': 'natural', 'init_detect_date': datetime.datetime(2021, 1, 17, 0, 0), 'requires_shutdown': False, 'date_repaired': datetime.datetime(2021, 1, 17, 16, 0), 'repair_delay': 0, 'OGI_sp_covered': 0}, {'leak_ID': 'ABRAND00826_0000000007', 'facility_ID': 'ABRAND00826', 'equipment_group': 1, 'rate': 0.029368164444543807, 'lat': 52.12, 'lon': -114.43, 'status': 'repaired', 'days_active': 120, 'days_active_prog_start': 0, 'tagged': True, 'component': 'unknown', 'date_began': datetime.datetime(2020, 9, 25, 0, 0), 'date_tagged': datetime.datetime(2021, 1, 23, 0, 0), 'tagged_by_company': 'natural', 'tagged_by_crew': 1, 'init_detect_by': 'natural', 'init_detect_date': datetime.datetime(2021, 1, 23, 0, 0), 'requires_shutdown': False, 'date_repaired': datetime.datetime(2021, 1, 23, 16, 0), 'repair_delay': 0, 'OGI_sp_covered': 1}, {'leak_ID': 'ABRAND00826_0000000008', 'facility_ID': 'ABRAND00826', 'equipment_group': 1, 'rate': 0.009896874195954081, 'lat': 52.12, 'lon': -114.43, 'status': 'repaired', 'days_active': 120, 'days_active_prog_start': 0, 'tagged': True, 'component': 'unknown', 'date_began': datetime.datetime(2021, 7, 20, 0, 0), 'date_tagged': datetime.datetime(2021, 11, 17, 0, 0), 'tagged_by_company': 'natural', 'tagged_by_crew': 1, 'init_detect_by': 'natural', 'init_detect_date': datetime.datetime(2021, 11, 17, 0, 0), 'requires_shutdown': False, 'date_repaired': datetime.datetime(2021, 11, 17, 16, 0), 'repair_delay': 0, 'OGI_sp_covered': 1}]",[],0,False,,,,3,4,31,30,False,6,12,0,9,0.0,1093.7274980021177,0.6032064128256514,0.8620738981812744,0.5993027386312973
ABRAND01029,601,52.02,-113.37,1,6,2,2,2,120,1,30,20,120,1,lognorm,0.062287158377333125,[1.462],"['kilogram', 'hour']",<scipy.stats._distn_infrastructure.rv_frozen object at 0x000002073C01D1C8>,0,5,60,2721.6274398854193,[],"[{'leak_ID': 'ABRAND01029_0000000000', 'facility_ID': 'ABRAND01029', 'equipment_group': 1, 'rate': 0.37239953391669467, 'lat': 52.02, 'lon': -113.37, 'status': 'repaired', 'days_active': 45, 'days_active_prog_start': 0, 'tagged': True, 'component': 'unknown', 'date_began': datetime.datetime(2018, 1, 5, 0, 0), 'date_tagged': datetime.datetime(2018, 2, 3, 10, 30), 'tagged_by_company': 'OGI', 'tagged_by_crew': 3, 'init_detect_by': 'OGI', 'init_detect_date': datetime.datetime(2018, 2, 3, 10, 30), 'requires_shutdown': False, 'date_repaired': datetime.datetime(2018, 2, 19, 16, 0), 'repair_delay': 16, 'OGI_sp_covered': 1}, {'leak_ID': 'ABRAND01029_0000000001', 'facility_ID': 'ABRAND01029', 'equipment_group': 1, 'rate': 0.0035917097129418633, 'lat': 52.02, 'lon': -113.37, 'status': 'repaired', 'days_active': 120, 'days_active_prog_start': 0, 'tagged': True, 'component': 'unknown', 'date_began': datetime.datetime(2019, 5, 18, 0, 0), 'date_tagged': datetime.datetime(2019, 9, 15, 0, 0), 'tagged_by_company': 'natural', 'tagged_by_crew': 1, 'init_detect_by': 'natural', 'init_detect_date': datetime.datetime(2019, 9, 15, 0, 0), 'requires_shutdown': False, 'date_repaired': datetime.datetime(2019, 9, 15, 16, 0), 'repair_delay': 0, 'OGI_sp_covered': 1}, {'leak_ID': 'ABRAND01029_0000000002', 'facility_ID': 'ABRAND01029', 'equipment_group': 1, 'rate': 0.006789058880768947, 'lat': 52.02, 'lon': -113.37, 'status': 'repaired', 'days_active': 120, 'days_active_prog_start': 0, 'tagged': True, 'component': 'unknown', 'date_began': datetime.datetime(2019, 6, 15, 0, 0), 'date_tagged': datetime.datetime(2019, 10, 13, 0, 0), 'tagged_by_company': 'natural', 'tagged_by_crew': 1, 'init_detect_by': 'natural', 'init_detect_date': datetime.datetime(2019, 10, 13, 0, 0), 'requires_shutdown': False, 'date_repaired': datetime.datetime(2019, 10, 13, 16, 0), 'repair_delay': 0, 'OGI_sp_covered': 1}, {'leak_ID': 'ABRAND01029_0000000003', 'facility_ID': 'ABRAND01029', 'equipment_group': 1, 'rate': 0.24902865730553175, 'lat': 52.02, 'lon': -113.37, 'status': 'repaired', 'days_active': 45, 'days_active_prog_start': 0, 'tagged': True, 'component': 'unknown', 'date_began': datetime.datetime(2021, 1, 5, 0, 0), 'date_tagged': datetime.datetime(2021, 2, 3, 10, 30), 'tagged_by_company': 'OGI', 'tagged_by_crew': 3, 'init_detect_by': 'OGI', 'init_detect_date': datetime.datetime(2021, 2, 3, 10, 30), 'requires_shutdown': False, 'date_repaired': datetime.datetime(2021, 2, 19, 16, 0), 'repair_delay': 16, 'OGI_sp_covered': 1}, {'leak_ID': 'ABRAND01029_0000000004', 'facility_ID': 'ABRAND01029', 'equipment_group': 1, 'rate': 0.019086306291841187, 'lat': 52.02, 'lon': -113.37, 'status': 'repaired', 'days_active': 120, 'days_active_prog_start': 0, 'tagged': True, 'component': 'unknown', 'date_began': datetime.datetime(2021, 6, 6, 0, 0), 'date_tagged': datetime.datetime(2021, 10, 4, 0, 0), 'tagged_by_company': 'natural', 'tagged_by_crew': 1, 'init_detect_by': 'natural', 'init_detect_date': datetime.datetime(2021, 10, 4, 0, 0), 'requires_shutdown': False, 'date_repaired': datetime.datetime(2021, 10, 4, 16, 0), 'repair_delay': 0, 'OGI_sp_covered': 1}]",[],0,False,,,,3,4,31,30,False,6,4,0,5,0.0,2721.6274398854193,0.6052104208416834,0.8632853918388456,1.4913027067865312
ABRAND00969,351,52.6,-114.09,5,6,2,2,2,120,1,30,20,120,1,lognorm,0.062287158377333125,[1.462],"['kilogram', 'hour']",<scipy.stats._distn_infrastructure.rv_frozen object at 0x000002073C01D1C8>,0,4,60,1298.1988885938017,[],"[{'leak_ID': 'ABRAND00969_0000000000', 'facility_ID': 'ABRAND00969', 'equipment_group': 3, 'rate': 0.033402084569422036, 'lat': 52.6, 'lon': -114.09, 'status': 'repaired', 'days_active': 120, 'days_active_prog_start': 0, 'tagged': True, 'component': 'unknown', 'date_began': datetime.datetime(2018, 4, 7, 0, 0), 'date_tagged': datetime.datetime(2018, 8, 5, 0, 0), 'tagged_by_company': 'natural', 'tagged_by_crew': 1, 'init_detect_by': 'natural', 'init_detect_date': datetime.datetime(2018, 8, 5, 0, 0), 'requires_shutdown': False, 'date_repaired': datetime.datetime(2018, 8, 5, 16, 0), 'repair_delay': 0, 'OGI_sp_covered': 1}, {'leak_ID': 'ABRAND00969_0000000001', 'facility_ID': 'ABRAND00969', 'equipment_group': 3, 'rate': 0.04190465810674086, 'lat': 52.6, 'lon': -114.09, 'status': 'repaired', 'days_active': 78, 'days_active_prog_start': 0, 'tagged': True, 'component': 'unknown', 'date_began': datetime.datetime(2019, 6, 1, 0, 0), 'date_tagged': datetime.datetime(2019, 8, 2, 13, 0), 'tagged_by_company': 'OGI', 'tagged_by_crew': 1, 'init_detect_by': 'OGI', 'init_detect_date': datetime.datetime(2019, 8, 2, 13, 0), 'requires_shutdown': False, 'date_repaired': datetime.datetime(2019, 8, 18, 16, 0), 'repair_delay': 16, 'OGI_sp_covered': 1}, {'leak_ID': 'ABRAND00969_0000000002', 'facility_ID': 'ABRAND00969', 'equipment_group': 5, 'rate': 0.12388965950130558, 'lat': 52.6, 'lon': -114.09, 'status': 'repaired', 'days_active': 55, 'days_active_prog_start': 0, 'tagged': True, 'component': 'unknown', 'date_began': datetime.datetime(2019, 12, 26, 0, 0), 'date_tagged': datetime.datetime(2020, 2, 3, 13, 0), 'tagged_by_company': 'OGI', 'tagged_by_crew': 1, 'init_detect_by': 'OGI', 'init_detect_date': datetime.datetime(2020, 2, 3, 13, 0), 'requires_shutdown': False, 'date_repaired': datetime.datetime(2020, 2, 19, 16, 0), 'repair_delay': 16, 'OGI_sp_covered': 1}, {'leak_ID': 'ABRAND00969_0000000003', 'facility_ID': 'ABRAND00969', 'equipment_group': 2, 'rate': 0.007789211218642149, 'lat': 52.6, 'lon': -114.09, 'status': 'repaired', 'days_active': 120, 'days_active_prog_start': 0, 'tagged': True, 'component': 'unknown', 'date_began': datetime.datetime(2021, 2, 24, 0, 0), 'date_tagged': datetime.datetime(2021, 6, 24, 0, 0), 'tagged_by_company': 'natural', 'tagged_by_crew': 1, 'init_detect_by': 'natural', 'init_detect_date': datetime.datetime(2021, 6, 24, 0, 0), 'requires_shutdown': False, 'date_repaired': datetime.datetime(2021, 6, 24, 16, 0), 'repair_delay': 0, 'OGI_sp_covered': 1}]",[],0,False,,,,3,4,31,30,False,6,4,0,4,0.0,1298.1988885938017,0.6072144288577155,0.8644964414140419,0.711341856763727
ABRAND01050,601,56.17,-112.93,1,6,2,2,2,120,1,30,20,120,1,lognorm,0.062287158377333125,[1.462],"['kilogram', 'hour']",<scipy.stats._distn_infrastructure.rv_frozen object at 0x000002073C01D1C8>,1,4,60,536.3252378236489,[],"[{'leak_ID': 'ABRAND01050_0000000001', 'facility_ID': 'ABRAND01050', 'equipment_group': 1, 'rate': 0.01518077826946799, 'lat': 56.17, 'lon': -112.93, 'status': 'repaired', 'days_active': 120, 'days_active_prog_start': 55, 'tagged': True, 'component': 'unknown', 'date_began': datetime.datetime(2016, 11, 7, 0, 0), 'date_tagged': datetime.datetime(2017, 3, 6, 0, 0), 'tagged_by_company': 'natural', 'tagged_by_crew': 1, 'init_detect_by': 'natural', 'init_detect_date': datetime.datetime(2017, 3, 6, 0, 0), 'requires_shutdown': False, 'date_repaired': datetime.datetime(2017, 3, 6, 16, 0), 'repair_delay': 0, 'OGI_sp_covered': 1}, {'leak_ID': 'ABRAND01050_0000000001', 'facility_ID': 'ABRAND01050', 'equipment_group': 1, 'rate': 0.022769825982260978, 'lat': 56.17, 'lon': -112.93, 'status': 'repaired', 'days_active': 120, 'days_active_prog_start': 0, 'tagged': True, 'component': 'unknown', 'date_began': datetime.datetime(2018, 2, 24, 0, 0), 'date_tagged': datetime.datetime(2018, 6, 24, 0, 0), 'tagged_by_company': 'natural', 'tagged_by_crew': 1, 'init_detect_by': 'natural', 'init_detect_date': datetime.datetime(2018, 6, 24, 0, 0), 'requires_shutdown': False, 'date_repaired': datetime.datetime(2018, 6, 24, 16, 0), 'repair_delay': 0, 'OGI_sp_covered': 1}, {'leak_ID': 'ABRAND01050_0000000002', 'facility_ID': 'ABRAND01050', 'equipment_group': 1, 'rate': 0.004328975754447454, 'lat': 56.17, 'lon': -112.93, 'status': 'repaired', 'days_active': 120, 'days_active_prog_start': 0, 'tagged': True, 'component': 'unknown', 'date_began': datetime.datetime(2018, 8, 18, 0, 0), 'date_tagged': datetime.datetime(2018, 12, 16, 0, 0), 'tagged_by_company': 'natural', 'tagged_by_crew': 1, 'init_detect_by': 'natural', 'init_detect_date': datetime.datetime(2018, 12, 16, 0, 0), 'requires_shutdown': False, 'date_repaired': datetime.datetime(2018, 12, 16, 16, 0), 'repair_delay': 0, 'OGI_sp_covered': 1}, {'leak_ID': 'ABRAND01050_0000000003', 'facility_ID': 'ABRAND01050', 'equipment_group': 1, 'rate': 0.01640717695371562, 'lat': 56.17, 'lon': -112.93, 'status': 'repaired', 'days_active': 120, 'days_active_prog_start': 0, 'tagged': True, 'component': 'unknown', 'date_began': datetime.datetime(2020, 9, 14, 0, 0), 'date_tagged': datetime.datetime(2021, 1, 12, 0, 0), 'tagged_by_company': 'natural', 'tagged_by_crew': 1, 'init_detect_by': 'natural', 'init_detect_date': datetime.datetime(2021, 1, 12, 0, 0), 'requires_shutdown': False, 'date_repaired': datetime.datetime(2021, 1, 12, 16, 0), 'repair_delay': 0, 'OGI_sp_covered': 0}]",[],1,False,,,,1,4,31,30,False,6,3,0,4,0.0,536.3252378236489,0.6092184368737475,0.8657045832764448,0.29387684264309527
ABRAND00490,361,53.04,-115.74,2,6,2,2,2,120,1,30,20,120,1,lognorm,0.062287158377333125,[1.462],"['kilogram', 'hour']",<scipy.stats._distn_infrastructure.rv_frozen object at 0x000002073C01D1C8>,0,5,60,2249.5461844192027,[],"[{'leak_ID': 'ABRAND00490_0000000000', 'facility_ID': 'ABRAND00490', 'equipment_group': 1, 'rate': 0.02089986142993034, 'lat': 53.04, 'lon': -115.74, 'status': 'repaired', 'days_active': 120, 'days_active_prog_start': 0, 'tagged': True, 'component': 'unknown', 'date_began': datetime.datetime(2017, 9, 24, 0, 0), 'date_tagged': datetime.datetime(2018, 1, 22, 0, 0), 'tagged_by_company': 'natural', 'tagged_by_crew': 1, 'init_detect_by': 'natural', 'init_detect_date': datetime.datetime(2018, 1, 22, 0, 0), 'requires_shutdown': False, 'date_repaired': datetime.datetime(2018, 1, 22, 16, 0), 'repair_delay': 0, 'OGI_sp_covered': 0}, {'leak_ID': 'ABRAND00490_0000000001', 'facility_ID': 'ABRAND00490', 'equipment_group': 2, 'rate': 0.006019353570210937, 'lat': 53.04, 'lon': -115.74, 'status': 'repaired', 'days_active': 120, 'days_active_prog_start': 0, 'tagged': True, 'component': 'unknown', 'date_began': datetime.datetime(2018, 3, 30, 0, 0), 'date_tagged': datetime.datetime(2018, 7, 28, 0, 0), 'tagged_by_company': 'natural', 'tagged_by_crew': 1, 'init_detect_by': 'natural', 'init_detect_date': datetime.datetime(2018, 7, 28, 0, 0), 'requires_shutdown': False, 'date_repaired': datetime.datetime(2018, 7, 28, 16, 0), 'repair_delay': 0, 'OGI_sp_covered': 1}, {'leak_ID': 'ABRAND00490_0000000002', 'facility_ID': 'ABRAND00490', 'equipment_group': 2, 'rate': 0.011982179605490521, 'lat': 53.04, 'lon': -115.74, 'status': 'repaired', 'days_active': 120, 'days_active_prog_start': 0, 'tagged': True, 'component': 'unknown', 'date_began': datetime.datetime(2018, 9, 12, 0, 0), 'date_tagged': datetime.datetime(2019, 1, 10, 0, 0), 'tagged_by_company': 'natural', 'tagged_by_crew': 1, 'init_detect_by': 'natural', 'init_detect_date': datetime.datetime(2019, 1, 10, 0, 0), 'requires_shutdown': False, 'date_repaired': datetime.datetime(2019, 1, 10, 16, 0), 'repair_delay': 0, 'OGI_sp_covered': 1}, {'leak_ID': 'ABRAND00490_0000000003', 'facility_ID': 'ABRAND00490', 'equipment_group': 1, 'rate': 0.22005692832864113, 'lat': 53.04, 'lon': -115.74, 'status': 'repaired', 'days_active': 73, 'days_active_prog_start': 0, 'tagged': True, 'component': 'unknown', 'date_began': datetime.datetime(2020, 2, 6, 0, 0), 'date_tagged': datetime.datetime(2020, 4, 3, 13, 0), 'tagged_by_company': 'OGI', 'tagged_by_crew': 3, 'init_detect_by': 'OGI', 'init_detect_date': datetime.datetime(2020, 4, 3, 13, 0), 'requires_shutdown': False, 'date_repaired': datetime.datetime(2020, 4, 19, 16, 0), 'repair_delay': 16, 'OGI_sp_covered': 1}, {'leak_ID': 'ABRAND00490_0000000004', 'facility_ID': 'ABRAND00490', 'equipment_group': 1, 'rate': 0.07800133898311662, 'lat': 53.04, 'lon': -115.74, 'status': 'repaired', 'days_active': 68, 'days_active_prog_start': 0, 'tagged': True, 'component': 'unknown', 'date_began': datetime.datetime(2020, 2, 11, 0, 0), 'date_tagged': datetime.datetime(2020, 4, 3, 13, 0), 'tagged_by_company': 'OGI', 'tagged_by_crew': 3, 'init_detect_by': 'OGI', 'init_detect_date': datetime.datetime(2020, 4, 3, 13, 0), 'requires_shutdown': False, 'date_repaired': datetime.datetime(2020, 4, 19, 16, 0), 'repair_delay': 16, 'OGI_sp_covered': 1}]",[],0,False,,,,2,4,31,30,False,6,5,0,5,0.0,2249.5461844192027,0.6112224448897795,0.8669079115529694,1.2326280462570973
ABRAND00190,601,54.43,-118.82,1,6,2,2,2,120,1,30,20,120,1,lognorm,0.062287158377333125,[1.462],"['kilogram', 'hour']",<scipy.stats._distn_infrastructure.rv_frozen object at 0x000002073C01D1C8>,0,5,60,11414.884663007055,[],"[{'leak_ID': 'ABRAND00190_0000000000', 'facility_ID': 'ABRAND00190', 'equipment_group': 1, 'rate': 0.0003220887191674592, 'lat': 54.43, 'lon': -118.82, 'status': 'repaired', 'days_active': 120, 'days_active_prog_start': 0, 'tagged': True, 'component': 'unknown', 'date_began': datetime.datetime(2017, 8, 2, 0, 0), 'date_tagged': datetime.datetime(2017, 11, 30, 0, 0), 'tagged_by_company': 'natural', 'tagged_by_crew': 1, 'init_detect_by': 'natural', 'init_detect_date': datetime.datetime(2017, 11, 30, 0, 0), 'requires_shutdown': False, 'date_repaired': datetime.datetime(2017, 11, 30, 16, 0), 'repair_delay': 0, 'OGI_sp_covered': 1}, {'leak_ID': 'ABRAND00190_0000000001', 'facility_ID': 'ABRAND00190', 'equipment_group': 1, 'rate': 0.026287369103834012, 'lat': 54.43, 'lon': -118.82, 'status': 'repaired', 'days_active': 120, 'days_active_prog_start': 0, 'tagged': True, 'component': 'unknown', 'date_began': datetime.datetime(2017, 10, 4, 0, 0), 'date_tagged': datetime.datetime(2018, 2, 1, 0, 0), 'tagged_by_company': 'natural', 'tagged_by_crew': 1, 'init_detect_by': 'natural', 'init_detect_date': datetime.datetime(2018, 2, 1, 0, 0), 'requires_shutdown': False, 'date_repaired': datetime.datetime(2018, 2, 1, 16, 0), 'repair_delay': 0, 'OGI_sp_covered': 0}, {'leak_ID': 'ABRAND00190_0000000002', 'facility_ID': 'ABRAND00190', 'equipment_group': 1, 'rate': 0.00243651789859212, 'lat': 54.43, 'lon': -118.82, 'status': 'repaired', 'days_active': 120, 'days_active_prog_start': 0, 'tagged': True, 'component': 'unknown', 'date_began': datetime.datetime(2018, 7, 25, 0, 0), 'date_tagged': datetime.datetime(2018, 11, 22, 0, 0), 'tagged_by_company': 'natural', 'tagged_by_crew': 1, 'init_detect_by': 'natural', 'init_detect_date': datetime.datetime(2018, 11, 22, 0, 0), 'requires_shutdown': False, 'date_repaired': datetime.datetime(2018, 11, 22, 16, 0), 'repair_delay': 0, 'OGI_sp_covered': 0}, {'leak_ID': 'ABRAND00190_0000000003', 'facility_ID': 'ABRAND00190', 'equipment_group': 1, 'rate': 1.0470205474053254, 'lat': 54.43, 'lon': -118.82, 'status': 'repaired', 'days_active': 120, 'days_active_prog_start': 0, 'tagged': True, 'component': 'unknown', 'date_began': datetime.datetime(2019, 10, 15, 0, 0), 'date_tagged': datetime.datetime(2020, 2, 12, 0, 0), 'tagged_by_company': 'natural', 'tagged_by_crew': 1, 'init_detect_by': 'OGI', 'init_detect_date': datetime.datetime(2020, 2, 4, 8, 0), 'requires_shutdown': False, 'date_repaired': datetime.datetime(2020, 2, 12, 16, 0), 'repair_delay': 0, 'OGI_sp_covered': 1}, {'leak_ID': 'ABRAND00190_0000000004', 'facility_ID': 'ABRAND00190', 'equipment_group': 1, 'rate': 0.046699029084772394, 'lat': 54.43, 'lon': -118.82, 'status': 'repaired', 'days_active': 64, 'days_active_prog_start': 0, 'tagged': True, 'component': 'unknown', 'date_began': datetime.datetime(2020, 4, 16, 0, 0), 'date_tagged': datetime.datetime(2020, 6, 3, 8, 0), 'tagged_by_company': 'OGI', 'tagged_by_crew': 1, 'init_detect_by': 'OGI', 'init_detect_date': datetime.datetime(2020, 6, 3, 8, 0), 'requires_shutdown': False, 'date_repaired': datetime.datetime(2020, 6, 19, 16, 0), 'repair_delay': 16, 'OGI_sp_covered': 1}]",[],0,False,,,,2,4,30,30,False,6,2,0,5,0.0,11414.884663007055,0.6132264529058116,0.8681107905917994,6.254731322195647
ABRAND00970,351,52.74,-114.08,2,6,2,2,2,120,1,30,20,120,1,lognorm,0.062287158377333125,[1.462],"['kilogram', 'hour']",<scipy.stats._distn_infrastructure.rv_frozen object at 0x000002073C01D1C8>,0,5,60,918.3343438406846,[],"[{'leak_ID': 'ABRAND00970_0000000000', 'facility_ID': 'ABRAND00970', 'equipment_group': 1, 'rate': 0.018256224291734492, 'lat': 52.74, 'lon': -114.08, 'status': 'repaired', 'days_active': 120, 'days_active_prog_start': 0, 'tagged': True, 'component': 'unknown', 'date_began': datetime.datetime(2017, 5, 25, 0, 0), 'date_tagged': datetime.datetime(2017, 9, 22, 0, 0), 'tagged_by_company': 'natural', 'tagged_by_crew': 1, 'init_detect_by': 'natural', 'init_detect_date': datetime.datetime(2017, 9, 22, 0, 0), 'requires_shutdown': False, 'date_repaired': datetime.datetime(2017, 9, 22, 16, 0), 'repair_delay': 0, 'OGI_sp_covered': 1}, {'leak_ID': 'ABRAND00970_0000000001', 'facility_ID': 'ABRAND00970', 'equipment_group': 2, 'rate': 0.0026833364266907176, 'lat': 52.74, 'lon': -114.08, 'status': 'repaired', 'days_active': 120, 'days_active_prog_start': 0, 'tagged': True, 'component': 'unknown', 'date_began': datetime.datetime(2018, 3, 23, 0, 0), 'date_tagged': datetime.datetime(2018, 7, 21, 0, 0), 'tagged_by_company': 'natural', 'tagged_by_crew': 1, 'init_detect_by': 'natural', 'init_detect_date': datetime.datetime(2018, 7, 21, 0, 0), 'requires_shutdown': False, 'date_repaired': datetime.datetime(2018, 7, 21, 16, 0), 'repair_delay': 0, 'OGI_sp_covered': 1}, {'leak_ID': 'ABRAND00970_0000000002', 'facility_ID': 'ABRAND00970', 'equipment_group': 1, 'rate': 0.03262887219524541, 'lat': 52.74, 'lon': -114.08, 'status': 'repaired', 'days_active': 120, 'days_active_prog_start': 0, 'tagged': True, 'component': 'unknown', 'date_began': datetime.datetime(2018, 12, 27, 0, 0), 'date_tagged': datetime.datetime(2019, 4, 26, 0, 0), 'tagged_by_company': 'natural', 'tagged_by_crew': 1, 'init_detect_by': 'natural', 'init_detect_date': datetime.datetime(2019, 4, 26, 0, 0), 'requires_shutdown': False, 'date_repaired': datetime.datetime(2019, 4, 26, 16, 0), 'repair_delay': 0, 'OGI_sp_covered': 1}, {'leak_ID': 'ABRAND00970_0000000003', 'facility_ID': 'ABRAND00970', 'equipment_group': 1, 'rate': 0.006453625175335785, 'lat': 52.74, 'lon': -114.08, 'status': 'repaired', 'days_active': 120, 'days_active_prog_start': 0, 'tagged': True, 'component': 'unknown', 'date_began': datetime.datetime(2019, 2, 28, 0, 0), 'date_tagged': datetime.datetime(2019, 6, 28, 0, 0), 'tagged_by_company': 'natural', 'tagged_by_crew': 1, 'init_detect_by': 'natural', 'init_detect_date': datetime.datetime(2019, 6, 28, 0, 0), 'requires_shutdown': False, 'date_repaired': datetime.datetime(2019, 6, 28, 0, 0), 'repair_delay': 0, 'OGI_sp_covered': 1}, {'leak_ID': 'ABRAND00970_0000000004', 'facility_ID': 'ABRAND00970', 'equipment_group': 2, 'rate': 0.02855185624747936, 'lat': 52.74, 'lon': -114.08, 'status': 'repaired', 'days_active': 120, 'days_active_prog_start': 0, 'tagged': True, 'component': 'unknown', 'date_began': datetime.datetime(2021, 4, 12, 0, 0), 'date_tagged': datetime.datetime(2021, 8, 10, 0, 0), 'tagged_by_company': 'natural', 'tagged_by_crew': 1, 'init_detect_by': 'natural', 'init_detect_date': datetime.datetime(2021, 8, 10, 0, 0), 'requires_shutdown': False, 'date_repaired': datetime.datetime(2021, 8, 10, 16, 0), 'repair_delay': 0, 'OGI_sp_covered': 1}]",[],0,False,,,,3,4,30,30,False,6,6,0,5,0.0,918.3343438406846,0.6152304609218436,0.8693087615081687,0.5031969007346216
ABRAND00605,601,52.32,-115.31,5,6,2,2,2,120,1,30,20,120,1,lognorm,0.062287158377333125,[1.462],"['kilogram', 'hour']",<scipy.stats._distn_infrastructure.rv_frozen object at 0x000002073C01D1C8>,0,1,60,93.47663315248391,[],"[{'leak_ID': 'ABRAND00605_0000000000', 'facility_ID': 'ABRAND00605', 'equipment_group': 3, 'rate': 0.009015878969182477, 'lat': 52.32, 'lon': -115.31, 'status': 'repaired', 'days_active': 120, 'days_active_prog_start': 0, 'tagged': True, 'component': 'unknown', 'date_began': datetime.datetime(2019, 11, 22, 0, 0), 'date_tagged': datetime.datetime(2020, 3, 21, 0, 0), 'tagged_by_company': 'natural', 'tagged_by_crew': 1, 'init_detect_by': 'natural', 'init_detect_date': datetime.datetime(2020, 3, 21, 0, 0), 'requires_shutdown': False, 'date_repaired': datetime.datetime(2020, 3, 21, 16, 0), 'repair_delay': 0, 'OGI_sp_covered': 1}]",[],0,False,,,,3,4,30,30,False,6,1,0,1,0.0,93.47663315248391,0.6172344689378757,0.8705018571366355,0.05122007296026516
ABRAND00715,351,52.8,-114.88,1,6,2,2,2,120,1,30,20,120,1,lognorm,0.062287158377333125,[1.462],"['kilogram', 'hour']",<scipy.stats._distn_infrastructure.rv_frozen object at 0x000002073C01D1C8>,0,3,60,666.8925491724239,[],"[{'leak_ID': 'ABRAND00715_0000000000', 'facility_ID': 'ABRAND00715', 'equipment_group': 1, 'rate': 0.005689687442128657, 'lat': 52.8, 'lon': -114.88, 'status': 'repaired', 'days_active': 120, 'days_active_prog_start': 0, 'tagged': True, 'component': 'unknown', 'date_began': datetime.datetime(2018, 7, 19, 0, 0), 'date_tagged': datetime.datetime(2018, 11, 16, 0, 0), 'tagged_by_company': 'natural', 'tagged_by_crew': 1, 'init_detect_by': 'natural', 'init_detect_date': datetime.datetime(2018, 11, 16, 0, 0), 'requires_shutdown': False, 'date_repaired': datetime.datetime(2018, 11, 16, 16, 0), 'repair_delay': 0, 'OGI_sp_covered': 0}, {'leak_ID': 'ABRAND00715_0000000001', 'facility_ID': 'ABRAND00715', 'equipment_group': 1, 'rate': 0.05184890688664449, 'lat': 52.8, 'lon': -114.88, 'status': 'repaired', 'days_active': 74, 'days_active_prog_start': 0, 'tagged': True, 'component': 'unknown', 'date_began': datetime.datetime(2021, 8, 5, 0, 0), 'date_tagged': datetime.datetime(2021, 10, 2, 10, 30), 'tagged_by_company': 'OGI', 'tagged_by_crew': 1, 'init_detect_by': 'OGI', 'init_detect_date': datetime.datetime(2021, 10, 2, 10, 30), 'requires_shutdown': False, 'date_repaired': datetime.datetime(2021, 10, 18, 16, 0), 'repair_delay': 16, 'OGI_sp_covered': 1}, {'leak_ID': 'ABRAND00715_0000000002', 'facility_ID': 'ABRAND00715', 'equipment_group': 1, 'rate': 0.04774749493884462, 'lat': 52.8, 'lon': -114.88, 'status': 'repaired', 'days_active': 67, 'days_active_prog_start': 0, 'tagged': True, 'component': 'unknown', 'date_began': datetime.datetime(2021, 10, 11, 0, 0), 'date_tagged': datetime.datetime(2021, 12, 1, 10, 30), 'tagged_by_company': 'OGI', 'tagged_by_crew': 1, 'init_detect_by': 'OGI', 'init_detect_date': datetime.datetime(2021, 12, 1, 10, 30), 'requires_shutdown': False, 'date_repaired': datetime.datetime(2021, 12, 17, 16, 0), 'repair_delay': 16, 'OGI_sp_covered': 1}]",[],0,False,,,,2,4,30,30,False,6,0,0,3,0.0,666.8925491724239,0.6192384769539078,0.8716898340857363,0.36542057488899937
ABRAND01014,601,52.88,-113.8,4,6,2,2,2,120,1,30,20,120,1,lognorm,0.062287158377333125,[1.462],"['kilogram', 'hour']",<scipy.stats._distn_infrastructure.rv_frozen object at 0x000002073C01D1C8>,0,5,60,1050.373635550674,[],"[{'leak_ID': 'ABRAND01014_0000000000', 'facility_ID': 'ABRAND01014', 'equipment_group': 1, 'rate': 0.07945468677914957, 'lat': 52.88, 'lon': -113.8, 'status': 'repaired', 'days_active': 47, 'days_active_prog_start': 0, 'tagged': True, 'component': 'unknown', 'date_began': datetime.datetime(2018, 1, 4, 0, 0), 'date_tagged': datetime.datetime(2018, 2, 4, 10, 30), 'tagged_by_company': 'OGI', 'tagged_by_crew': 2, 'init_detect_by': 'OGI', 'init_detect_date': datetime.datetime(2018, 2, 4, 10, 30), 'requires_shutdown': False, 'date_repaired': datetime.datetime(2018, 2, 20, 16, 0), 'repair_delay': 16, 'OGI_sp_covered': 1}, {'leak_ID': 'ABRAND01014_0000000001', 'facility_ID': 'ABRAND01014', 'equipment_group': 3, 'rate': 0.02773250930023929, 'lat': 52.88, 'lon': -113.8, 'status': 'repaired', 'days_active': 120, 'days_active_prog_start': 0, 'tagged': True, 'component': 'unknown', 'date_began': datetime.datetime(2019, 12, 3, 0, 0), 'date_tagged': datetime.datetime(2020, 4, 1, 0, 0), 'tagged_by_company': 'natural', 'tagged_by_crew': 1, 'init_detect_by': 'natural', 'init_detect_date': datetime.datetime(2020, 4, 1, 0, 0), 'requires_shutdown': False, 'date_repaired': datetime.datetime(2020, 4, 1, 16, 0), 'repair_delay': 0, 'OGI_sp_covered': 1}, {'leak_ID': 'ABRAND01014_0000000002', 'facility_ID': 'ABRAND01014', 'equipment_group': 2, 'rate': 0.02069921975768251, 'lat': 52.88, 'lon': -113.8, 'status': 'repaired', 'days_active': 120, 'days_active_prog_start': 0, 'tagged': True, 'component': 'unknown', 'date_began': datetime.datetime(2020, 6, 29, 0, 0), 'date_tagged': datetime.datetime(2020, 10, 27, 0, 0), 'tagged_by_company': 'natural', 'tagged_by_crew': 1, 'init_detect_by': 'natural', 'init_detect_date': datetime.datetime(2020, 10, 27, 0, 0), 'requires_shutdown': False, 'date_repaired': datetime.datetime(2020, 10, 27, 0, 0), 'repair_delay': 0, 'OGI_sp_covered': 1}, {'leak_ID': 'ABRAND01014_0000000004', 'facility_ID': 'ABRAND01014', 'equipment_group': 1, 'rate': 0.04370767617860638, 'lat': 52.88, 'lon': -113.8, 'status': 'repaired', 'days_active': 17, 'days_active_prog_start': 0, 'tagged': True, 'component': 'unknown', 'date_began': datetime.datetime(2021, 10, 1, 0, 0), 'date_tagged': datetime.datetime(2021, 10, 2, 10, 30), 'tagged_by_company': 'OGI', 'tagged_by_crew': 2, 'init_detect_by': 'OGI', 'init_detect_date': datetime.datetime(2021, 10, 2, 10, 30), 'requires_shutdown': False, 'date_repaired': datetime.datetime(2021, 10, 18, 16, 0), 'repair_delay': 16, 'OGI_sp_covered': 1}, {'leak_ID': 'ABRAND01014_0000000003', 'facility_ID': 'ABRAND01014', 'equipment_group': 3, 'rate': 0.015565783355925261, 'lat': 52.88, 'lon': -113.8, 'status': 'repaired', 'days_active': 120, 'days_active_prog_start': 0, 'tagged': True, 'component': 'unknown', 'date_began': datetime.datetime(2021, 7, 2, 0, 0), 'date_tagged': datetime.datetime(2021, 10, 30, 0, 0), 'tagged_by_company': 'natural', 'tagged_by_crew': 1, 'init_detect_by': 'natural', 'init_detect_date': datetime.datetime(2021, 10, 30, 0, 0), 'requires_shutdown': False, 'date_repaired': datetime.datetime(2021, 10, 30, 16, 0), 'repair_delay': 0, 'OGI_sp_covered': 1}]",[],0,False,,,,2,4,30,30,False,6,5,0,5,0.0,1050.373635550674,0.6212424849699398,0.87287776237996,0.5755471975620131
ABRAND00486,351,53.15,-115.76,5,6,2,2,2,120,1,30,20,120,1,lognorm,0.062287158377333125,[1.462],"['kilogram', 'hour']",<scipy.stats._distn_infrastructure.rv_frozen object at 0x000002073C01D1C8>,0,1,60,345.24165715604823,[],"[{'leak_ID': 'ABRAND00486_0000000000', 'facility_ID': 'ABRAND00486', 'equipment_group': 1, 'rate': 0.033298770944834896, 'lat': 53.15, 'lon': -115.76, 'status': 'repaired', 'days_active': 120, 'days_active_prog_start': 0, 'tagged': True, 'component': 'unknown', 'date_began': datetime.datetime(2020, 5, 18, 0, 0), 'date_tagged': datetime.datetime(2020, 9, 15, 0, 0), 'tagged_by_company': 'natural', 'tagged_by_crew': 1, 'init_detect_by': 'natural', 'init_detect_date': datetime.datetime(2020, 9, 15, 0, 0), 'requires_shutdown': False, 'date_repaired': datetime.datetime(2020, 9, 15, 16, 0), 'repair_delay': 0, 'OGI_sp_covered': 1}]",[],0,False,,,,2,4,30,30,False,6,2,0,1,0.0,345.24165715604823,0.6232464929859719,0.8740655300553503,0.1891735107704374
ABRAND00613,621,53.2,-115.28,3,6,2,2,2,120,1,30,20,120,1,lognorm,0.062287158377333125,[1.462],"['kilogram', 'hour']",<scipy.stats._distn_infrastructure.rv_frozen object at 0x000002073C01D1C8>,0,4,60,690.3219838494244,"[{'leak_ID': 'ABRAND00613_0000000003', 'facility_ID': 'ABRAND00613', 'equipment_group': 2, 'rate': 0.004231299136926608, 'lat': 53.2, 'lon': -115.28, 'status': 'active', 'days_active': 38, 'days_active_prog_start': 0, 'tagged': False, 'component': 'unknown', 'date_began': datetime.datetime(2021, 11, 22, 0, 0), 'date_tagged': None, 'tagged_by_company': None, 'tagged_by_crew': None, 'init_detect_by': None, 'init_detect_date': None, 'requires_shutdown': False, 'date_repaired': None, 'repair_delay': None, 'OGI_sp_covered': 1}]","[{'leak_ID': 'ABRAND00613_0000000000', 'facility_ID': 'ABRAND00613', 'equipment_group': 2, 'rate': 0.01232308340414644, 'lat': 53.2, 'lon': -115.28, 'status': 'repaired', 'days_active': 120, 'days_active_prog_start': 0, 'tagged': True, 'component': 'unknown', 'date_began': datetime.datetime(2018, 12, 31, 0, 0), 'date_tagged': datetime.datetime(2019, 4, 30, 0, 0), 'tagged_by_company': 'natural', 'tagged_by_crew': 1, 'init_detect_by': 'natural', 'init_detect_date': datetime.datetime(2019, 4, 30, 0, 0), 'requires_shutdown': False, 'date_repaired': datetime.datetime(2019, 4, 30, 0, 0), 'repair_delay': 0, 'OGI_sp_covered': 1}, {'leak_ID': 'ABRAND00613_0000000001', 'facility_ID': 'ABRAND00613', 'equipment_group': 2, 'rate': 0.023395900942556648, 'lat': 53.2, 'lon': -115.28, 'status': 'repaired', 'days_active': 120, 'days_active_prog_start': 0, 'tagged': True, 'component': 'unknown', 'date_began': datetime.datetime(2019, 10, 24, 0, 0), 'date_tagged': datetime.datetime(2020, 2, 21, 0, 0), 'tagged_by_company': 'natural', 'tagged_by_crew': 1, 'init_detect_by': 'natural', 'init_detect_date': datetime.datetime(2020, 2, 21, 0, 0), 'requires_shutdown': False, 'date_repaired': datetime.datetime(2020, 2, 21, 16, 0), 'repair_delay': 0, 'OGI_sp_covered': 1}, {'leak_ID': 'ABRAND00613_0000000002', 'facility_ID': 'ABRAND00613', 'equipment_group': 2, 'rate': 0.029523085726895198, 'lat': 53.2, 'lon': -115.28, 'status': 'repaired', 'days_active': 120, 'days_active_prog_start': 0, 'tagged': True, 'component': 'unknown', 'date_began': datetime.datetime(2019, 12, 3, 0, 0), 'date_tagged': datetime.datetime(2020, 4, 1, 0, 0), 'tagged_by_company': 'natural', 'tagged_by_crew': 1, 'init_detect_by': 'natural', 'init_detect_date': datetime.datetime(2020, 4, 1, 0, 0), 'requires_shutdown': False, 'date_repaired': datetime.datetime(2020, 4, 1, 16, 0), 'repair_delay': 0, 'OGI_sp_covered': 1}]",[],0,False,,,,2,4,30,30,False,6,3,1,3,13.89220132635744,676.429782523067,0.625250501002004,0.8752488185406256,0.3782586212873559
ABRAND00321,362,53.25,-116.3,3,6,2,2,2,120,1,30,20,120,1,lognorm,0.062287158377333125,[1.462],"['kilogram', 'hour']",<scipy.stats._distn_infrastructure.rv_frozen object at 0x000002073C01D1C8>,1,1,60,203.0368223362928,[],"[{'leak_ID': 'ABRAND00321_0000000001', 'facility_ID': 'ABRAND00321', 'equipment_group': 1, 'rate': 0.04607771022519353, 'lat': 53.25, 'lon': -116.3, 'status': 'repaired', 'days_active': 60, 'days_active_prog_start': 9, 'tagged': True, 'component': 'unknown', 'date_began': datetime.datetime(2016, 12, 23, 0, 0), 'date_tagged': datetime.datetime(2017, 2, 4, 13, 0), 'tagged_by_company': 'OGI', 'tagged_by_crew': 2, 'init_detect_by': 'OGI', 'init_detect_date': datetime.datetime(2017, 2, 4, 13, 0), 'requires_shutdown': False, 'date_repaired': datetime.datetime(2017, 2, 20, 16, 0), 'repair_delay': 16, 'OGI_sp_covered': 1}]",[],1,False,,,,2,4,30,30,False,6,0,0,1,0.0,203.0368223362928,0.627254509018036,0.876423890376969,0.11125305333495496
ABRAND00050,351,55.11,-119.7,3,6,2,2,2,120,1,30,20,120,1,lognorm,0.062287158377333125,[1.462],"['kilogram', 'hour']",<scipy.stats._distn_infrastructure.rv_frozen object at 0x000002073C01D1C8>,0,2,60,650.0230581553627,[],"[{'leak_ID': 'ABRAND00050_0000000000', 'facility_ID': 'ABRAND00050', 'equipment_group': 3, 'rate': 0.08638331075883923, 'lat': 55.11, 'lon': -119.7, 'status': 'repaired', 'days_active': 71, 'days_active_prog_start': 0, 'tagged': True, 'component': 'unknown', 'date_began': datetime.datetime(2018, 2, 9, 0, 0), 'date_tagged': datetime.datetime(2018, 4, 5, 13, 0), 'tagged_by_company': 'OGI', 'tagged_by_crew': 3, 'init_detect_by': 'OGI', 'init_detect_date': datetime.datetime(2018, 4, 5, 13, 0), 'requires_shutdown': False, 'date_repaired': datetime.datetime(2018, 4, 21, 16, 0), 'repair_delay': 16, 'OGI_sp_covered': 1}, {'leak_ID': 'ABRAND00050_0000000001', 'facility_ID': 'ABRAND00050', 'equipment_group': 2, 'rate': 0.04212727154753763, 'lat': 55.11, 'lon': -119.7, 'status': 'repaired', 'days_active': 33, 'days_active_prog_start': 0, 'tagged': True, 'component': 'unknown', 'date_began': datetime.datetime(2020, 7, 16, 0, 0), 'date_tagged': datetime.datetime(2020, 8, 2, 13, 0), 'tagged_by_company': 'OGI', 'tagged_by_crew': 3, 'init_detect_by': 'OGI', 'init_detect_date': datetime.datetime(2020, 8, 2, 13, 0), 'requires_shutdown': False, 'date_repaired': datetime.datetime(2020, 8, 18, 16, 0), 'repair_delay': 16, 'OGI_sp_covered': 1}]",[],0,False,,,,2,4,30,30,False,6,0,0,2,0.0,650.0230581553627,0.6292585170340681,0.8775973920662992,0.35617701816732206
ABRAND01043,601,51.67,-113.06,3,6,2,2,2,120,1,30,20,120,1,lognorm,0.062287158377333125,[1.462],"['kilogram', 'hour']",<scipy.stats._distn_infrastructure.rv_frozen object at 0x000002073C01D1C8>,0,3,60,514.0815723751961,[],"[{'leak_ID': 'ABRAND01043_0000000000', 'facility_ID': 'ABRAND01043', 'equipment_group': 3, 'rate': 0.0018520074761274176, 'lat': 51.67, 'lon': -113.06, 'status': 'repaired', 'days_active': 120, 'days_active_prog_start': 0, 'tagged': True, 'component': 'unknown', 'date_began': datetime.datetime(2017, 5, 17, 0, 0), 'date_tagged': datetime.datetime(2017, 9, 14, 0, 0), 'tagged_by_company': 'natural', 'tagged_by_crew': 1, 'init_detect_by': 'natural', 'init_detect_date': datetime.datetime(2017, 9, 14, 0, 0), 'requires_shutdown': False, 'date_repaired': datetime.datetime(2017, 9, 14, 16, 0), 'repair_delay': 0, 'OGI_sp_covered': 1}, {'leak_ID': 'ABRAND01043_0000000001', 'facility_ID': 'ABRAND01043', 'equipment_group': 3, 'rate': 0.031223781788813274, 'lat': 51.67, 'lon': -113.06, 'status': 'repaired', 'days_active': 120, 'days_active_prog_start': 0, 'tagged': True, 'component': 'unknown', 'date_began': datetime.datetime(2020, 10, 2, 0, 0), 'date_tagged': datetime.datetime(2021, 1, 30, 0, 0), 'tagged_by_company': 'natural', 'tagged_by_crew': 1, 'init_detect_by': 'natural', 'init_detect_date': datetime.datetime(2021, 1, 30, 0, 0), 'requires_shutdown': False, 'date_repaired': datetime.datetime(2021, 1, 30, 16, 0), 'repair_delay': 0, 'OGI_sp_covered': 1}, {'leak_ID': 'ABRAND01043_0000000002', 'facility_ID': 'ABRAND01043', 'equipment_group': 2, 'rate': 0.04716484492843115, 'lat': 51.67, 'lon': -113.06, 'status': 'repaired', 'days_active': 42, 'days_active_prog_start': 0, 'tagged': True, 'component': 'unknown', 'date_began': datetime.datetime(2021, 7, 9, 0, 0), 'date_tagged': datetime.datetime(2021, 8, 4, 8, 0), 'tagged_by_company': 'OGI', 'tagged_by_crew': 1, 'init_detect_by': 'OGI', 'init_detect_date': datetime.datetime(2021, 8, 4, 8, 0), 'requires_shutdown': False, 'date_repaired': datetime.datetime(2021, 8, 20, 16, 0), 'repair_delay': 16, 'OGI_sp_covered': 1}]",[],0,False,,,,3,4,29,30,False,6,4,0,3,0.0,514.0815723751961,0.6312625250501002,0.8787689634707772,0.2816885328083266
ABRAND00835,601,52.42,-114.4,4,6,2,2,2,120,1,30,20,120,1,lognorm,0.062287158377333125,[1.462],"['kilogram', 'hour']",<scipy.stats._distn_infrastructure.rv_frozen object at 0x000002073C01D1C8>,0,7,60,1166.6778182846224,[],"[{'leak_ID': 'ABRAND00835_0000000000', 'facility_ID': 'ABRAND00835', 'equipment_group': 1, 'rate': 0.026037115959022385, 'lat': 52.42, 'lon': -114.4, 'status': 'repaired', 'days_active': 120, 'days_active_prog_start': 0, 'tagged': True, 'component': 'unknown', 'date_began': datetime.datetime(2017, 3, 12, 0, 0), 'date_tagged': datetime.datetime(2017, 7, 10, 0, 0), 'tagged_by_company': 'natural', 'tagged_by_crew': 1, 'init_detect_by': 'natural', 'init_detect_date': datetime.datetime(2017, 7, 10, 0, 0), 'requires_shutdown': False, 'date_repaired': datetime.datetime(2017, 7, 10, 16, 0), 'repair_delay': 0, 'OGI_sp_covered': 1}, {'leak_ID': 'ABRAND00835_0000000001', 'facility_ID': 'ABRAND00835', 'equipment_group': 2, 'rate': 0.017886018941971553, 'lat': 52.42, 'lon': -114.4, 'status': 'repaired', 'days_active': 120, 'days_active_prog_start': 0, 'tagged': True, 'component': 'unknown', 'date_began': datetime.datetime(2017, 12, 27, 0, 0), 'date_tagged': datetime.datetime(2018, 4, 26, 0, 0), 'tagged_by_company': 'natural', 'tagged_by_crew': 1, 'init_detect_by': 'natural', 'init_detect_date': datetime.datetime(2018, 4, 26, 0, 0), 'requires_shutdown': False, 'date_repaired': datetime.datetime(2018, 4, 26, 16, 0), 'repair_delay': 0, 'OGI_sp_covered': 1}, {'leak_ID': 'ABRAND00835_0000000002', 'facility_ID': 'ABRAND00835', 'equipment_group': 2, 'rate': 0.015958612011495343, 'lat': 52.42, 'lon': -114.4, 'status': 'repaired', 'days_active': 120, 'days_active_prog_start': 0, 'tagged': True, 'component': 'unknown', 'date_began': datetime.datetime(2019, 6, 18, 0, 0), 'date_tagged': datetime.datetime(2019, 10, 16, 0, 0), 'tagged_by_company': 'natural', 'tagged_by_crew': 1, 'init_detect_by': 'natural', 'init_detect_date': datetime.datetime(2019, 10, 16, 0, 0), 'requires_shutdown': False, 'date_repaired': datetime.datetime(2019, 10, 16, 16, 0), 'repair_delay': 0, 'OGI_sp_covered': 1}, {'leak_ID': 'ABRAND00835_0000000003', 'facility_ID': 'ABRAND00835', 'equipment_group': 3, 'rate': 0.0296336576362606, 'lat': 52.42, 'lon': -114.4, 'status': 'repaired', 'days_active': 120, 'days_active_prog_start': 0, 'tagged': True, 'component': 'unknown', 'date_began': datetime.datetime(2020, 2, 10, 0, 0), 'date_tagged': datetime.datetime(2020, 6, 9, 0, 0), 'tagged_by_company': 'natural', 'tagged_by_crew': 1, 'init_detect_by': 'natural', 'init_detect_date': datetime.datetime(2020, 6, 9, 0, 0), 'requires_shutdown': False, 'date_repaired': datetime.datetime(2020, 6, 9, 16, 0), 'repair_delay': 0, 'OGI_sp_covered': 0}, {'leak_ID': 'ABRAND00835_0000000004', 'facility_ID': 'ABRAND00835', 'equipment_group': 3, 'rate': 0.010246707955660869, 'lat': 52.42, 'lon': -114.4, 'status': 'repaired', 'days_active': 120, 'days_active_prog_start': 0, 'tagged': True, 'component': 'unknown', 'date_began': datetime.datetime(2020, 4, 5, 0, 0), 'date_tagged': datetime.datetime(2020, 8, 3, 0, 0), 'tagged_by_company': 'natural', 'tagged_by_crew': 1, 'init_detect_by': 'natural', 'init_detect_date': datetime.datetime(2020, 8, 3, 0, 0), 'requires_shutdown': False, 'date_repaired': datetime.datetime(2020, 8, 3, 16, 0), 'repair_delay': 0, 'OGI_sp_covered': 1}, {'leak_ID': 'ABRAND00835_0000000005', 'facility_ID': 'ABRAND00835', 'equipment_group': 1, 'rate': 0.0026214182068703884, 'lat': 52.42, 'lon': -114.4, 'status': 'repaired', 'days_active': 120, 'days_active_prog_start': 0, 'tagged': True, 'component': 'unknown', 'date_began': datetime.datetime(2020, 4, 6, 0, 0), 'date_tagged': datetime.datetime(2020, 8, 4, 0, 0), 'tagged_by_company': 'natural', 'tagged_by_crew': 1, 'init_detect_by': 'natural', 'init_detect_date': datetime.datetime(2020, 8, 4, 0, 0), 'requires_shutdown': False, 'date_repaired': datetime.datetime(2020, 8, 4, 16, 0), 'repair_delay': 0, 'OGI_sp_covered': 1}, {'leak_ID': 'ABRAND00835_0000000006', 'facility_ID': 'ABRAND00835', 'equipment_group': 1, 'rate': 0.010143265033763454, 'lat': 52.42, 'lon': -114.4, 'status': 'repaired', 'days_active': 120, 'days_active_prog_start': 0, 'tagged': True, 'component': 'unknown', 'date_began': datetime.datetime(2020, 6, 30, 0, 0), 'date_tagged': datetime.datetime(2020, 10, 28, 0, 0), 'tagged_by_company': 'natural', 'tagged_by_crew': 1, 'init_detect_by': 'natural', 'init_detect_date': datetime.datetime(2020, 10, 28, 0, 0), 'requires_shutdown': False, 'date_repaired': datetime.datetime(2020, 10, 28, 16, 0), 'repair_delay': 0, 'OGI_sp_covered': 1}]",[],0,False,,,,3,4,29,30,False,6,14,0,7,0.0,1166.6778182846224,0.6332665330661322,0.8799338309939093,0.6392755168682862
ABRAND00438,351,53.31,-115.89,4,6,2,2,2,120,1,30,20,120,1,lognorm,0.062287158377333125,[1.462],"['kilogram', 'hour']",<scipy.stats._distn_infrastructure.rv_frozen object at 0x000002073C01D1C8>,1,5,60,1481.9214622031295,"[{'leak_ID': 'ABRAND00438_0000000004', 'facility_ID': 'ABRAND00438', 'equipment_group': 4, 'rate': 0.002977792169556257, 'lat': 53.31, 'lon': -115.89, 'status': 'active', 'days_active': 56, 'days_active_prog_start': 0, 'tagged': False, 'component': 'unknown', 'date_began': datetime.datetime(2021, 11, 4, 0, 0), 'date_tagged': None, 'tagged_by_company': None, 'tagged_by_crew': None, 'init_detect_by': None, 'init_detect_date': None, 'requires_shutdown': False, 'date_repaired': None, 'repair_delay': None, 'OGI_sp_covered': 1}]","[{'leak_ID': 'ABRAND00438_0000000001', 'facility_ID': 'ABRAND00438', 'equipment_group': 4, 'rate': 0.05422285285174147, 'lat': 53.31, 'lon': -115.89, 'status': 'repaired', 'days_active': 120, 'days_active_prog_start': 92, 'tagged': True, 'component': 'unknown', 'date_began': datetime.datetime(2016, 10, 1, 0, 0), 'date_tagged': datetime.datetime(2017, 1, 28, 0, 0), 'tagged_by_company': 'natural', 'tagged_by_crew': 1, 'init_detect_by': 'natural', 'init_detect_date': datetime.datetime(2017, 1, 28, 0, 0), 'requires_shutdown': False, 'date_repaired': datetime.datetime(2017, 1, 28, 16, 0), 'repair_delay': 0}, {'leak_ID': 'ABRAND00438_0000000001', 'facility_ID': 'ABRAND00438', 'equipment_group': 2, 'rate': 0.2245285965148358, 'lat': 53.31, 'lon': -115.89, 'status': 'repaired', 'days_active': 48, 'days_active_prog_start': 0, 'tagged': True, 'component': 'unknown', 'date_began': datetime.datetime(2018, 5, 4, 0, 0), 'date_tagged': datetime.datetime(2018, 6, 5, 8, 0), 'tagged_by_company': 'OGI', 'tagged_by_crew': 3, 'init_detect_by': 'OGI', 'init_detect_date': datetime.datetime(2018, 6, 5, 8, 0), 'requires_shutdown': False, 'date_repaired': datetime.datetime(2018, 6, 21, 16, 0), 'repair_delay': 16, 'OGI_sp_covered': 1}, {'leak_ID': 'ABRAND00438_0000000002', 'facility_ID': 'ABRAND00438', 'equipment_group': 2, 'rate': 0.01889544435354541, 'lat': 53.31, 'lon': -115.89, 'status': 'repaired', 'days_active': 120, 'days_active_prog_start': 0, 'tagged': True, 'component': 'unknown', 'date_began': datetime.datetime(2020, 3, 30, 0, 0), 'date_tagged': datetime.datetime(2020, 7, 28, 0, 0), 'tagged_by_company': 'natural', 'tagged_by_crew': 1, 'init_detect_by': 'natural', 'init_detect_date': datetime.datetime(2020, 7, 28, 0, 0), 'requires_shutdown': False, 'date_repaired': datetime.datetime(2020, 7, 28, 16, 0), 'repair_delay': 0, 'OGI_sp_covered': 0}, {'leak_ID': 'ABRAND00438_0000000003', 'facility_ID': 'ABRAND00438', 'equipment_group': 1, 'rate': 0.04036744298362839, 'lat': 53.31, 'lon': -115.89, 'status': 'repaired', 'days_active': 60, 'days_active_prog_start': 0, 'tagged': True, 'component': 'unknown', 'date_began': datetime.datetime(2021, 10, 19, 0, 0), 'date_tagged': datetime.datetime(2021, 12, 2, 8, 0), 'tagged_by_company': 'OGI', 'tagged_by_crew': 3, 'init_detect_by': 'OGI', 'init_detect_date': datetime.datetime(2021, 12, 2, 8, 0), 'requires_shutdown': False, 'date_repaired': datetime.datetime(2021, 12, 18, 16, 0), 'repair_delay': 16, 'OGI_sp_covered': 1}]",[],1,False,,,,2,4,29,30,False,6,2,1,4,14.407749633180995,1467.5137125699484,0.6352705410821643,0.8810976129713939,0.8120117601113038
ABRAND01161,601,55.39,-110.45,2,6,2,2,2,120,1,30,20,120,1,lognorm,0.062287158377333125,[1.462],"['kilogram', 'hour']",<scipy.stats._distn_infrastructure.rv_frozen object at 0x000002073C01D1C8>,0,10,60,1104.374013008909,"[{'leak_ID': 'ABRAND01161_0000000009', 'facility_ID': 'ABRAND01161', 'equipment_group': 2, 'rate': 0.0043796150584133504, 'lat': 55.39, 'lon': -110.45, 'status': 'active', 'days_active': 110, 'days_active_prog_start': 0, 'tagged': False, 'component': 'unknown', 'date_began': datetime.datetime(2021, 9, 11, 0, 0), 'date_tagged': None, 'tagged_by_company': None, 'tagged_by_crew': None, 'init_detect_by': None, 'init_detect_date': None, 'requires_shutdown': False, 'date_repaired': None, 'repair_delay': None, 'OGI_sp_covered': 1}]","[{'leak_ID': 'ABRAND01161_0000000000', 'facility_ID': 'ABRAND01161', 'equipment_group': 2, 'rate': 0.039066042962266755, 'lat': 55.39, 'lon': -110.45, 'status': 'repaired', 'days_active': 85, 'days_active_prog_start': 0, 'tagged': True, 'component': 'unknown', 'date_began': datetime.datetime(2017, 3, 28, 0, 0), 'date_tagged': datetime.datetime(2017, 6, 5, 10, 30), 'tagged_by_company': 'OGI', 'tagged_by_crew': 1, 'init_detect_by': 'OGI', 'init_detect_date': datetime.datetime(2017, 6, 5, 10, 30), 'requires_shutdown': False, 'date_repaired': datetime.datetime(2017, 6, 21, 16, 0), 'repair_delay': 16, 'OGI_sp_covered': 1}, {'leak_ID': 'ABRAND01161_0000000001', 'facility_ID': 'ABRAND01161', 'equipment_group': 1, 'rate': 0.0032399018566728645, 'lat': 55.39, 'lon': -110.45, 'status': 'repaired', 'days_active': 120, 'days_active_prog_start': 0, 'tagged': True, 'component': 'unknown', 'date_began': datetime.datetime(2017, 11, 22, 0, 0), 'date_tagged': datetime.datetime(2018, 3, 22, 0, 0), 'tagged_by_company': 'natural', 'tagged_by_crew': 1, 'init_detect_by': 'natural', 'init_detect_date': datetime.datetime(2018, 3, 22, 0, 0), 'requires_shutdown': False, 'date_repaired': datetime.datetime(2018, 3, 22, 16, 0), 'repair_delay': 0, 'OGI_sp_covered': 1}, {'leak_ID': 'ABRAND01161_0000000002', 'facility_ID': 'ABRAND01161', 'equipment_group': 1, 'rate': 0.002023205582310104, 'lat': 55.39, 'lon': -110.45, 'status': 'repaired', 'days_active': 120, 'days_active_prog_start': 0, 'tagged': True, 'component': 'unknown', 'date_began': datetime.datetime(2018, 1, 13, 0, 0), 'date_tagged': datetime.datetime(2018, 5, 13, 0, 0), 'tagged_by_company': 'natural', 'tagged_by_crew': 1, 'init_detect_by': 'natural', 'init_detect_date': datetime.datetime(2018, 5, 13, 0, 0), 'requires_shutdown': False, 'date_repaired': datetime.datetime(2018, 5, 13, 16, 0), 'repair_delay': 0, 'OGI_sp_covered': 1}, {'leak_ID': 'ABRAND01161_0000000003', 'facility_ID': 'ABRAND01161', 'equipment_group': 1, 'rate': 0.011553324787371836, 'lat': 55.39, 'lon': -110.45, 'status': 'repaired', 'days_active': 120, 'days_active_prog_start': 0, 'tagged': True, 'component': 'unknown', 'date_began': datetime.datetime(2018, 1, 15, 0, 0), 'date_tagged': datetime.datetime(2018, 5, 15, 0, 0), 'tagged_by_company': 'natural', 'tagged_by_crew': 1, 'init_detect_by': 'natural', 'init_detect_date': datetime.datetime(2018, 5, 15, 0, 0), 'requires_shutdown': False, 'date_repaired': datetime.datetime(2018, 5, 15, 16, 0), 'repair_delay': 0, 'OGI_sp_covered': 1}, {'leak_ID': 'ABRAND01161_0000000004', 'facility_ID': 'ABRAND01161', 'equipment_group': 2, 'rate': 0.012626859032356948, 'lat': 55.39, 'lon': -110.45, 'status': 'repaired', 'days_active': 120, 'days_active_prog_start': 0, 'tagged': True, 'component': 'unknown', 'date_began': datetime.datetime(2019, 8, 1, 0, 0), 'date_tagged': datetime.datetime(2019, 11, 29, 0, 0), 'tagged_by_company': 'natural', 'tagged_by_crew': 1, 'init_detect_by': 'natural', 'init_detect_date': datetime.datetime(2019, 11, 29, 0, 0), 'requires_shutdown': False, 'date_repaired': datetime.datetime(2019, 11, 29, 16, 0), 'repair_delay': 0, 'OGI_sp_covered': 1}, {'leak_ID': 'ABRAND01161_0000000005', 'facility_ID': 'ABRAND01161', 'equipment_group': 2, 'rate': 0.06774833130139502, 'lat': 55.39, 'lon': -110.45, 'status': 'repaired', 'days_active': 40, 'days_active_prog_start': 0, 'tagged': True, 'component': 'unknown', 'date_began': datetime.datetime(2020, 1, 12, 0, 0), 'date_tagged': datetime.datetime(2020, 2, 5, 10, 30), 'tagged_by_company': 'OGI', 'tagged_by_crew': 1, 'init_detect_by': 'OGI', 'init_detect_date': datetime.datetime(2020, 2, 5, 10, 30), 'requires_shutdown': False, 'date_repaired': datetime.datetime(2020, 2, 21, 16, 0), 'repair_delay': 16, 'OGI_sp_covered': 1}, {'leak_ID': 'ABRAND01161_0000000006', 'facility_ID': 'ABRAND01161', 'equipment_group': 2, 'rate': 0.0039014308528347555, 'lat': 55.39, 'lon': -110.45, 'status': 'repaired', 'days_active': 120, 'days_active_prog_start': 0, 'tagged': True, 'component': 'unknown', 'date_began': datetime.datetime(2020, 4, 27, 0, 0), 'date_tagged': datetime.datetime(2020, 8, 25, 0, 0), 'tagged_by_company': 'natural', 'tagged_by_crew': 1, 'init_detect_by': 'natural', 'init_detect_date': datetime.datetime(2020, 8, 25, 0, 0), 'requires_shutdown': False, 'date_repaired': datetime.datetime(2020, 8, 25, 0, 0), 'repair_delay': 0, 'OGI_sp_covered': 1}, {'leak_ID': 'ABRAND01161_0000000007', 'facility_ID': 'ABRAND01161', 'equipment_group': 1, 'rate': 0.012280668599973203, 'lat': 55.39, 'lon': -110.45, 'status': 'repaired', 'days_active': 120, 'days_active_prog_start': 0, 'tagged': True, 'component': 'unknown', 'date_began': datetime.datetime(2021, 1, 16, 0, 0), 'date_tagged': datetime.datetime(2021, 5, 16, 0, 0), 'tagged_by_company': 'natural', 'tagged_by_crew': 1, 'init_detect_by': 'natural', 'init_detect_date': datetime.datetime(2021, 5, 16, 0, 0), 'requires_shutdown': False, 'date_repaired': datetime.datetime(2021, 5, 16, 16, 0), 'repair_delay': 0, 'OGI_sp_covered': 1}, {'leak_ID': 'ABRAND01161_0000000008', 'facility_ID': 'ABRAND01161', 'equipment_group': 1, 'rate': 0.006622959886593741, 'lat': 55.39, 'lon': -110.45, 'status': 'repaired', 'days_active': 120, 'days_active_prog_start': 0, 'tagged': True, 'component': 'unknown', 'date_began': datetime.datetime(2021, 8, 19, 0, 0), 'date_tagged': datetime.datetime(2021, 12, 17, 0, 0), 'tagged_by_company': 'natural', 'tagged_by_crew': 1, 'init_detect_by': 'natural', 'init_detect_date': datetime.datetime(2021, 12, 17, 0, 0), 'requires_shutdown': False, 'date_repaired': datetime.datetime(2021, 12, 17, 16, 0), 'repair_delay': 0, 'OGI_sp_covered': 1}]",[],0,False,,,,1,4,29,30,False,6,12,1,9,41.623861515160485,1062.7501514937485,0.6372745490981964,0.8822560808346637,0.6051364454843338
ABRAND00522,311,53.02,-115.63,2,6,2,2,2,120,1,30,20,120,1,lognorm,0.062287158377333125,[1.462],"['kilogram', 'hour']",<scipy.stats._distn_infrastructure.rv_frozen object at 0x000002073C01D1C8>,0,6,60,965.9907424352509,[],"[{'leak_ID': 'ABRAND00522_0000000000', 'facility_ID': 'ABRAND00522', 'equipment_group': 1, 'rate': 0.05362721319316554, 'lat': 53.02, 'lon': -115.63, 'status': 'repaired', 'days_active': 49, 'days_active_prog_start': 0, 'tagged': True, 'component': 'unknown', 'date_began': datetime.datetime(2017, 3, 4, 0, 0), 'date_tagged': datetime.datetime(2017, 4, 6, 10, 30), 'tagged_by_company': 'OGI', 'tagged_by_crew': 2, 'init_detect_by': 'OGI', 'init_detect_date': datetime.datetime(2017, 4, 6, 10, 30), 'requires_shutdown': False, 'date_repaired': datetime.datetime(2017, 4, 22, 16, 0), 'repair_delay': 16, 'OGI_sp_covered': 1}, {'leak_ID': 'ABRAND00522_0000000001', 'facility_ID': 'ABRAND00522', 'equipment_group': 1, 'rate': 0.001283070744010524, 'lat': 53.02, 'lon': -115.63, 'status': 'repaired', 'days_active': 120, 'days_active_prog_start': 0, 'tagged': True, 'component': 'unknown', 'date_began': datetime.datetime(2017, 4, 20, 0, 0), 'date_tagged': datetime.datetime(2017, 8, 18, 0, 0), 'tagged_by_company': 'natural', 'tagged_by_crew': 1, 'init_detect_by': 'natural', 'init_detect_date': datetime.datetime(2017, 8, 18, 0, 0), 'requires_shutdown': False, 'date_repaired': datetime.datetime(2017, 8, 18, 16, 0), 'repair_delay': 0, 'OGI_sp_covered': 1}, {'leak_ID': 'ABRAND00522_0000000002', 'facility_ID': 'ABRAND00522', 'equipment_group': 2, 'rate': 0.09399001814079543, 'lat': 53.02, 'lon': -115.63, 'status': 'repaired', 'days_active': 41, 'days_active_prog_start': 0, 'tagged': True, 'component': 'unknown', 'date_began': datetime.datetime(2018, 7, 10, 0, 0), 'date_tagged': datetime.datetime(2018, 8, 4, 10, 30), 'tagged_by_company': 'OGI', 'tagged_by_crew': 2, 'init_detect_by': 'OGI', 'init_detect_date': datetime.datetime(2018, 8, 4, 10, 30), 'requires_shutdown': False, 'date_repaired': datetime.datetime(2018, 8, 20, 16, 0), 'repair_delay': 16, 'OGI_sp_covered': 1}, {'leak_ID': 'ABRAND00522_0000000003', 'facility_ID': 'ABRAND00522', 'equipment_group': 2, 'rate': 0.0009525171150578017, 'lat': 53.02, 'lon': -115.63, 'status': 'repaired', 'days_active': 120, 'days_active_prog_start': 0, 'tagged': True, 'component': 'unknown', 'date_began': datetime.datetime(2019, 9, 14, 0, 0), 'date_tagged': datetime.datetime(2020, 1, 12, 0, 0), 'tagged_by_company': 'natural', 'tagged_by_crew': 1, 'init_detect_by': 'natural', 'init_detect_date': datetime.datetime(2020, 1, 12, 0, 0), 'requires_shutdown': False, 'date_repaired': datetime.datetime(2020, 1, 12, 16, 0), 'repair_delay': 0, 'OGI_sp_covered': 1}, {'leak_ID': 'ABRAND00522_0000000004', 'facility_ID': 'ABRAND00522', 'equipment_group': 1, 'rate': 0.03976183169207934, 'lat': 53.02, 'lon': -115.63, 'status': 'repaired', 'days_active': 63, 'days_active_prog_start': 0, 'tagged': True, 'component': 'unknown', 'date_began': datetime.datetime(2021, 4, 19, 0, 0), 'date_tagged': datetime.datetime(2021, 6, 5, 10, 30), 'tagged_by_company': 'OGI', 'tagged_by_crew': 2, 'init_detect_by': 'OGI', 'init_detect_date': datetime.datetime(2021, 6, 5, 10, 30), 'requires_shutdown': False, 'date_repaired': datetime.datetime(2021, 6, 21, 16, 0), 'repair_delay': 16, 'OGI_sp_covered': 1}, {'leak_ID': 'ABRAND00522_0000000005', 'facility_ID': 'ABRAND00522', 'equipment_group': 2, 'rate': 0.016048818982404015, 'lat': 53.02, 'lon': -115.63, 'status': 'repaired', 'days_active': 120, 'days_active_prog_start': 0, 'tagged': True, 'component': 'unknown', 'date_began': datetime.datetime(2021, 5, 18, 0, 0), 'date_tagged': datetime.datetime(2021, 9, 15, 0, 0), 'tagged_by_company': 'natural', 'tagged_by_crew': 1, 'init_detect_by': 'natural', 'init_detect_date': datetime.datetime(2021, 9, 15, 0, 0), 'requires_shutdown': False, 'date_repaired': datetime.datetime(2021, 9, 15, 16, 0), 'repair_delay': 0, 'OGI_sp_covered': 1}]",[],0,False,,,,2,4,29,30,False,6,4,0,6,0.0,965.9907424352509,0.6392785571142284,0.8834144407194663,0.529309995854932
ABRAND00837,322,52.25,-114.39,4,6,2,2,2,120,1,30,20,120,1,lognorm,0.062287158377333125,[1.462],"['kilogram', 'hour']",<scipy.stats._distn_infrastructure.rv_frozen object at 0x000002073C01D1C8>,0,4,60,425.00882927607256,"[{'leak_ID': 'ABRAND00837_0000000002', 'facility_ID': 'ABRAND00837', 'equipment_group': 4, 'rate': 0.05335486789248723, 'lat': 52.25, 'lon': -114.39, 'status': 'active', 'days_active': 17, 'days_active_prog_start': 0, 'tagged': False, 'component': 'unknown', 'date_began': datetime.datetime(2021, 12, 13, 0, 0), 'date_tagged': None, 'tagged_by_company': None, 'tagged_by_crew': None, 'init_detect_by': None, 'init_detect_date': None, 'requires_shutdown': False, 'date_repaired': None, 'repair_delay': None}, {'leak_ID': 'ABRAND00837_0000000003', 'facility_ID': 'ABRAND00837', 'equipment_group': 3, 'rate': 0.001649584535382711, 'lat': 52.25, 'lon': -114.39, 'status': 'active', 'days_active': 15, 'days_active_prog_start': 0, 'tagged': False, 'component': 'unknown', 'date_began': datetime.datetime(2021, 12, 15, 0, 0), 'date_tagged': None, 'tagged_by_company': None, 'tagged_by_crew': None, 'init_detect_by': None, 'init_detect_date': None, 'requires_shutdown': False, 'date_repaired': None, 'repair_delay': None}]","[{'leak_ID': 'ABRAND00837_0000000000', 'facility_ID': 'ABRAND00837', 'equipment_group': 4, 'rate': 0.07227544612456457, 'lat': 52.25, 'lon': -114.39, 'status': 'repaired', 'days_active': 50, 'days_active_prog_start': 0, 'tagged': True, 'component': 'unknown', 'date_began': datetime.datetime(2017, 1, 2, 0, 0), 'date_tagged': datetime.datetime(2017, 2, 5, 10, 30), 'tagged_by_company': 'OGI', 'tagged_by_crew': 3, 'init_detect_by': 'OGI', 'init_detect_date': datetime.datetime(2017, 2, 5, 10, 30), 'requires_shutdown': False, 'date_repaired': datetime.datetime(2017, 2, 21, 16, 0), 'repair_delay': 16, 'OGI_sp_covered': 1}, {'leak_ID': 'ABRAND00837_0000000001', 'facility_ID': 'ABRAND00837', 'equipment_group': 4, 'rate': 0.0031127903645459497, 'lat': 52.25, 'lon': -114.39, 'status': 'repaired', 'days_active': 120, 'days_active_prog_start': 0, 'tagged': True, 'component': 'unknown', 'date_began': datetime.datetime(2021, 8, 12, 0, 0), 'date_tagged': datetime.datetime(2021, 12, 10, 0, 0), 'tagged_by_company': 'natural', 'tagged_by_crew': 1, 'init_detect_by': 'natural', 'init_detect_date': datetime.datetime(2021, 12, 10, 0, 0), 'requires_shutdown': False, 'date_repaired': datetime.datetime(2021, 12, 10, 16, 0), 'repair_delay': 0, 'OGI_sp_covered': 1}]",[],0,False,,,,3,4,29,30,False,6,2,2,2,80.50549151834124,344.50333775773134,0.6412825651302605,0.8845678950581513,0.23288155028825894
ABRAND00663,321,52.4,-115.13,3,6,2,2,2,120,1,30,20,120,1,lognorm,0.062287158377333125,[1.462],"['kilogram', 'hour']",<scipy.stats._distn_infrastructure.rv_frozen object at 0x000002073C01D1C8>,0,6,60,1113.2696031332023,[],"[{'leak_ID': 'ABRAND00663_0000000000', 'facility_ID': 'ABRAND00663', 'equipment_group': 1, 'rate': 0.004871346828157731, 'lat': 52.4, 'lon': -115.13, 'status': 'repaired', 'days_active': 120, 'days_active_prog_start': 0, 'tagged': True, 'component': 'unknown', 'date_began': datetime.datetime(2019, 10, 27, 0, 0), 'date_tagged': datetime.datetime(2020, 2, 24, 0, 0), 'tagged_by_company': 'natural', 'tagged_by_crew': 1, 'init_detect_by': 'natural', 'init_detect_date': datetime.datetime(2020, 2, 24, 0, 0), 'requires_shutdown': False, 'date_repaired': datetime.datetime(2020, 2, 24, 16, 0), 'repair_delay': 0, 'OGI_sp_covered': 0}, {'leak_ID': 'ABRAND00663_0000000002', 'facility_ID': 'ABRAND00663', 'equipment_group': 3, 'rate': 0.03723913123191039, 'lat': 52.4, 'lon': -115.13, 'status': 'repaired', 'days_active': 50, 'days_active_prog_start': 0, 'tagged': True, 'component': 'unknown', 'date_began': datetime.datetime(2020, 6, 30, 0, 0), 'date_tagged': datetime.datetime(2020, 8, 3, 13, 0), 'tagged_by_company': 'OGI', 'tagged_by_crew': 1, 'init_detect_by': 'OGI', 'init_detect_date': datetime.datetime(2020, 8, 3, 13, 0), 'requires_shutdown': False, 'date_repaired': datetime.datetime(2020, 8, 19, 16, 0), 'repair_delay': 16, 'OGI_sp_covered': 1}, {'leak_ID': 'ABRAND00663_0000000001', 'facility_ID': 'ABRAND00663', 'equipment_group': 3, 'rate': 0.006800618672104118, 'lat': 52.4, 'lon': -115.13, 'status': 'repaired', 'days_active': 120, 'days_active_prog_start': 0, 'tagged': True, 'component': 'unknown', 'date_began': datetime.datetime(2020, 6, 19, 0, 0), 'date_tagged': datetime.datetime(2020, 10, 17, 0, 0), 'tagged_by_company': 'natural', 'tagged_by_crew': 1, 'init_detect_by': 'natural', 'init_detect_date': datetime.datetime(2020, 10, 17, 0, 0), 'requires_shutdown': False, 'date_repaired': datetime.datetime(2020, 10, 17, 16, 0), 'repair_delay': 0, 'OGI_sp_covered': 1}, {'leak_ID': 'ABRAND00663_0000000003', 'facility_ID': 'ABRAND00663', 'equipment_group': 3, 'rate': 0.07124916198961549, 'lat': 52.4, 'lon': -115.13, 'status': 'repaired', 'days_active': 96, 'days_active_prog_start': 0, 'tagged': True, 'component': 'unknown', 'date_began': datetime.datetime(2020, 9, 12, 0, 0), 'date_tagged': datetime.datetime(2020, 12, 1, 13, 0), 'tagged_by_company': 'OGI', 'tagged_by_crew': 1, 'init_detect_by': 'OGI', 'init_detect_date': datetime.datetime(2020, 12, 1, 13, 0), 'requires_shutdown': False, 'date_repaired': datetime.datetime(2020, 12, 17, 16, 0), 'repair_delay': 16, 'OGI_sp_covered': 1}, {'leak_ID': 'ABRAND00663_0000000004', 'facility_ID': 'ABRAND00663', 'equipment_group': 2, 'rate': 0.00028464731647376106, 'lat': 52.4, 'lon': -115.13, 'status': 'repaired', 'days_active': 120, 'days_active_prog_start': 0, 'tagged': True, 'component': 'unknown', 'date_began': datetime.datetime(2020, 11, 18, 0, 0), 'date_tagged': datetime.datetime(2021, 3, 18, 0, 0), 'tagged_by_company': 'natural', 'tagged_by_crew': 1, 'init_detect_by': 'natural', 'init_detect_date': datetime.datetime(2021, 3, 18, 0, 0), 'requires_shutdown': False, 'date_repaired': datetime.datetime(2021, 3, 18, 16, 0), 'repair_delay': 0, 'OGI_sp_covered': 1}, {'leak_ID': 'ABRAND00663_0000000005', 'facility_ID': 'ABRAND00663', 'equipment_group': 3, 'rate': 0.02290329333726542, 'lat': 52.4, 'lon': -115.13, 'status': 'repaired', 'days_active': 120, 'days_active_prog_start': 0, 'tagged': True, 'component': 'unknown', 'date_began': datetime.datetime(2020, 11, 21, 0, 0), 'date_tagged': datetime.datetime(2021, 3, 21, 0, 0), 'tagged_by_company': 'natural', 'tagged_by_crew': 1, 'init_detect_by': 'natural', 'init_detect_date': datetime.datetime(2021, 3, 21, 0, 0), 'requires_shutdown': False, 'date_repaired': datetime.datetime(2021, 3, 21, 16, 0), 'repair_delay': 0, 'OGI_sp_covered': 1}]",[],0,False,,,,3,4,29,30,False,6,6,0,6,0.0,1113.2696031332023,0.6432865731462926,0.8856902603958259,0.6100107414428506
ABRAND00525,351,53.94,-115.62,4,6,2,2,2,120,1,30,20,120,1,lognorm,0.062287158377333125,[1.462],"['kilogram', 'hour']",<scipy.stats._distn_infrastructure.rv_frozen object at 0x000002073C01D1C8>,0,6,60,839.6455435182611,"[{'leak_ID': 'ABRAND00525_0000000005', 'facility_ID': 'ABRAND00525', 'equipment_group': 4, 'rate': 0.023892253903936036, 'lat': 53.94, 'lon': -115.62, 'status': 'active', 'days_active': 29, 'days_active_prog_start': 0, 'tagged': False, 'component': 'unknown', 'date_began': datetime.datetime(2021, 12, 1, 0, 0), 'date_tagged': None, 'tagged_by_company': None, 'tagged_by_crew': None, 'init_detect_by': None, 'init_detect_date': None, 'requires_shutdown': False, 'date_repaired': None, 'repair_delay': None, 'OGI_sp_covered': 1}]","[{'leak_ID': 'ABRAND00525_0000000000', 'facility_ID': 'ABRAND00525', 'equipment_group': 3, 'rate': 0.012370823324212783, 'lat': 53.94, 'lon': -115.62, 'status': 'repaired', 'days_active': 120, 'days_active_prog_start': 0, 'tagged': True, 'component': 'unknown', 'date_began': datetime.datetime(2017, 3, 25, 0, 0), 'date_tagged': datetime.datetime(2017, 7, 23, 0, 0), 'tagged_by_company': 'natural', 'tagged_by_crew': 1, 'init_detect_by': 'natural', 'init_detect_date': datetime.datetime(2017, 7, 23, 0, 0), 'requires_shutdown': False, 'date_repaired': datetime.datetime(2017, 7, 23, 16, 0), 'repair_delay': 0, 'OGI_sp_covered': 1}, {'leak_ID': 'ABRAND00525_0000000001', 'facility_ID': 'ABRAND00525', 'equipment_group': 1, 'rate': 0.0034158972392224637, 'lat': 53.94, 'lon': -115.62, 'status': 'repaired', 'days_active': 120, 'days_active_prog_start': 0, 'tagged': True, 'component': 'unknown', 'date_began': datetime.datetime(2018, 1, 19, 0, 0), 'date_tagged': datetime.datetime(2018, 5, 19, 0, 0), 'tagged_by_company': 'natural', 'tagged_by_crew': 1, 'init_detect_by': 'natural', 'init_detect_date': datetime.datetime(2018, 5, 19, 0, 0), 'requires_shutdown': False, 'date_repaired': datetime.datetime(2018, 5, 19, 16, 0), 'repair_delay': 0, 'OGI_sp_covered': 1}, {'leak_ID': 'ABRAND00525_0000000002', 'facility_ID': 'ABRAND00525', 'equipment_group': 3, 'rate': 0.006855645346116187, 'lat': 53.94, 'lon': -115.62, 'status': 'repaired', 'days_active': 120, 'days_active_prog_start': 0, 'tagged': True, 'component': 'unknown', 'date_began': datetime.datetime(2019, 7, 13, 0, 0), 'date_tagged': datetime.datetime(2019, 11, 10, 0, 0), 'tagged_by_company': 'natural', 'tagged_by_crew': 1, 'init_detect_by': 'natural', 'init_detect_date': datetime.datetime(2019, 11, 10, 0, 0), 'requires_shutdown': False, 'date_repaired': datetime.datetime(2019, 11, 10, 16, 0), 'repair_delay': 0, 'OGI_sp_covered': 1}, {'leak_ID': 'ABRAND00525_0000000003', 'facility_ID': 'ABRAND00525', 'equipment_group': 4, 'rate': 0.051089723480658315, 'lat': 53.94, 'lon': -115.62, 'status': 'repaired', 'days_active': 57, 'days_active_prog_start': 0, 'tagged': True, 'component': 'unknown', 'date_began': datetime.datetime(2020, 10, 21, 0, 0), 'date_tagged': datetime.datetime(2020, 12, 1, 13, 0), 'tagged_by_company': 'OGI', 'tagged_by_crew': 2, 'init_detect_by': 'OGI', 'init_detect_date': datetime.datetime(2020, 12, 1, 13, 0), 'requires_shutdown': False, 'date_repaired': datetime.datetime(2020, 12, 17, 16, 0), 'repair_delay': 16, 'OGI_sp_covered': 1}, {'leak_ID': 'ABRAND00525_0000000004', 'facility_ID': 'ABRAND00525', 'equipment_group': 2, 'rate': 0.028300385049072483, 'lat': 53.94, 'lon': -115.62, 'status': 'repaired', 'days_active': 120, 'days_active_prog_start': 0, 'tagged': True, 'component': 'unknown', 'date_began': datetime.datetime(2021, 2, 3, 0, 0), 'date_tagged': datetime.datetime(2021, 6, 3, 0, 0), 'tagged_by_company': 'natural', 'tagged_by_crew': 1, 'init_detect_by': 'natural', 'init_detect_date': datetime.datetime(2021, 6, 3, 0, 0), 'requires_shutdown': False, 'date_repaired': datetime.datetime(2021, 6, 3, 16, 0), 'repair_delay': 0, 'OGI_sp_covered': 1}]",[],0,False,,,,2,4,29,30,False,6,6,1,5,59.86443138170213,779.7811121365589,0.6452905811623246,0.886810006045915,0.46007974987301975
ABRAND00945,503,52.67,-114.16,4,6,2,2,2,120,1,30,20,120,1,lognorm,0.062287158377333125,[1.462],"['kilogram', 'hour']",<scipy.stats._distn_infrastructure.rv_frozen object at 0x000002073C01D1C8>,0,4,60,591.3222901720641,[],"[{'leak_ID': 'ABRAND00945_0000000000', 'facility_ID': 'ABRAND00945', 'equipment_group': 3, 'rate': 0.058051951436916584, 'lat': 52.67, 'lon': -114.16, 'status': 'repaired', 'days_active': 17, 'days_active_prog_start': 0, 'tagged': True, 'component': 'unknown', 'date_began': datetime.datetime(2017, 10, 2, 0, 0), 'date_tagged': datetime.datetime(2017, 10, 3, 13, 0), 'tagged_by_company': 'OGI', 'tagged_by_crew': 3, 'init_detect_by': 'OGI', 'init_detect_date': datetime.datetime(2017, 10, 3, 13, 0), 'requires_shutdown': False, 'date_repaired': datetime.datetime(2017, 10, 19, 16, 0), 'repair_delay': 16, 'OGI_sp_covered': 1}, {'leak_ID': 'ABRAND00945_0000000001', 'facility_ID': 'ABRAND00945', 'equipment_group': 4, 'rate': 0.03408595003855733, 'lat': 52.67, 'lon': -114.16, 'status': 'repaired', 'days_active': 120, 'days_active_prog_start': 0, 'tagged': True, 'component': 'unknown', 'date_began': datetime.datetime(2018, 11, 14, 0, 0), 'date_tagged': datetime.datetime(2019, 3, 14, 0, 0), 'tagged_by_company': 'natural', 'tagged_by_crew': 1, 'init_detect_by': 'natural', 'init_detect_date': datetime.datetime(2019, 3, 14, 0, 0), 'requires_shutdown': False, 'date_repaired': datetime.datetime(2019, 3, 14, 16, 0), 'repair_delay': 0, 'OGI_sp_covered': 1}, {'leak_ID': 'ABRAND00945_0000000002', 'facility_ID': 'ABRAND00945', 'equipment_group': 2, 'rate': 0.00610251225091756, 'lat': 52.67, 'lon': -114.16, 'status': 'repaired', 'days_active': 120, 'days_active_prog_start': 0, 'tagged': True, 'component': 'unknown', 'date_began': datetime.datetime(2020, 4, 23, 0, 0), 'date_tagged': datetime.datetime(2020, 8, 21, 0, 0), 'tagged_by_company': 'natural', 'tagged_by_crew': 1, 'init_detect_by': 'natural', 'init_detect_date': datetime.datetime(2020, 8, 21, 0, 0), 'requires_shutdown': False, 'date_repaired': datetime.datetime(2020, 8, 21, 16, 0), 'repair_delay': 0, 'OGI_sp_covered': 1}, {'leak_ID': 'ABRAND00945_0000000003', 'facility_ID': 'ABRAND00945', 'equipment_group': 1, 'rate': 0.05172546694690119, 'lat': 52.67, 'lon': -114.16, 'status': 'repaired', 'days_active': 20, 'days_active_prog_start': 0, 'tagged': True, 'component': 'unknown', 'date_began': datetime.datetime(2021, 11, 28, 0, 0), 'date_tagged': datetime.datetime(2021, 12, 2, 13, 0), 'tagged_by_company': 'OGI', 'tagged_by_crew': 3, 'init_detect_by': 'OGI', 'init_detect_date': datetime.datetime(2021, 12, 2, 13, 0), 'requires_shutdown': False, 'date_repaired': datetime.datetime(2021, 12, 18, 16, 0), 'repair_delay': 16, 'OGI_sp_covered': 1}]",[],0,False,,,,3,4,29,30,False,6,4,0,4,0.0,591.3222901720641,0.6472945891783567,0.8879202779859734,0.32401221379291184
ABRAND00077,601,57.41,-119.56,3,6,2,2,2,120,1,30,20,120,1,lognorm,0.062287158377333125,[1.462],"['kilogram', 'hour']",<scipy.stats._distn_infrastructure.rv_frozen object at 0x000002073C01D1C8>,0,3,60,1620.529324026426,[],"[{'leak_ID': 'ABRAND00077_0000000000', 'facility_ID': 'ABRAND00077', 'equipment_group': 3, 'rate': 0.01927812992601029, 'lat': 57.41, 'lon': -119.56, 'status': 'repaired', 'days_active': 120, 'days_active_prog_start': 0, 'tagged': True, 'component': 'unknown', 'date_began': datetime.datetime(2020, 4, 15, 0, 0), 'date_tagged': datetime.datetime(2020, 8, 13, 0, 0), 'tagged_by_company': 'natural', 'tagged_by_crew': 1, 'init_detect_by': 'natural', 'init_detect_date': datetime.datetime(2020, 8, 13, 0, 0), 'requires_shutdown': False, 'date_repaired': datetime.datetime(2020, 8, 13, 16, 0), 'repair_delay': 0, 'OGI_sp_covered': 1}, {'leak_ID': 'ABRAND00077_0000000001', 'facility_ID': 'ABRAND00077', 'equipment_group': 2, 'rate': 0.1239637258597536, 'lat': 57.41, 'lon': -119.56, 'status': 'repaired', 'days_active': 115, 'days_active_prog_start': 0, 'tagged': True, 'component': 'unknown', 'date_began': datetime.datetime(2020, 12, 29, 0, 0), 'date_tagged': datetime.datetime(2021, 4, 7, 8, 0), 'tagged_by_company': 'OGI', 'tagged_by_crew': 1, 'init_detect_by': 'OGI', 'init_detect_date': datetime.datetime(2021, 4, 7, 8, 0), 'requires_shutdown': False, 'date_repaired': datetime.datetime(2021, 4, 23, 16, 0), 'repair_delay': 16, 'OGI_sp_covered': 1}, {'leak_ID': 'ABRAND00077_0000000002', 'facility_ID': 'ABRAND00077', 'equipment_group': 1, 'rate': 0.0182243530874845, 'lat': 57.41, 'lon': -119.56, 'status': 'repaired', 'days_active': 120, 'days_active_prog_start': 0, 'tagged': True, 'component': 'unknown', 'date_began': datetime.datetime(2021, 4, 25, 0, 0), 'date_tagged': datetime.datetime(2021, 8, 23, 0, 0), 'tagged_by_company': 'natural', 'tagged_by_crew': 1, 'init_detect_by': 'natural', 'init_detect_date': datetime.datetime(2021, 8, 23, 0, 0), 'requires_shutdown': False, 'date_repaired': datetime.datetime(2021, 8, 23, 16, 0), 'repair_delay': 0, 'OGI_sp_covered': 1}]",[],0,False,,,,1,4,28,30,False,6,3,0,3,0.0,1620.529324026426,0.6492985971943888,0.8890292969501171,0.8879612734391374
ABRAND01121,601,55.13,-110.88,4,6,2,2,2,120,1,30,20,120,1,lognorm,0.062287158377333125,[1.462],"['kilogram', 'hour']",<scipy.stats._distn_infrastructure.rv_frozen object at 0x000002073C01D1C8>,0,5,60,572.5467917937506,"[{'leak_ID': 'ABRAND01121_0000000004', 'facility_ID': 'ABRAND01121', 'equipment_group': 1, 'rate': 0.00038357972291693275, 'lat': 55.13, 'lon': -110.88, 'status': 'active', 'days_active': 39, 'days_active_prog_start': 0, 'tagged': False, 'component': 'unknown', 'date_began': datetime.datetime(2021, 11, 21, 0, 0), 'date_tagged': None, 'tagged_by_company': None, 'tagged_by_crew': None, 'init_detect_by': None, 'init_detect_date': None, 'requires_shutdown': False, 'date_repaired': None, 'repair_delay': None, 'OGI_sp_covered': 1}]","[{'leak_ID': 'ABRAND01121_0000000000', 'facility_ID': 'ABRAND01121', 'equipment_group': 2, 'rate': 0.018677128985977256, 'lat': 55.13, 'lon': -110.88, 'status': 'repaired', 'days_active': 120, 'days_active_prog_start': 0, 'tagged': True, 'component': 'unknown', 'date_began': datetime.datetime(2017, 2, 11, 0, 0), 'date_tagged': datetime.datetime(2017, 6, 11, 0, 0), 'tagged_by_company': 'natural', 'tagged_by_crew': 1, 'init_detect_by': 'natural', 'init_detect_date': datetime.datetime(2017, 6, 11, 0, 0), 'requires_shutdown': False, 'date_repaired': datetime.datetime(2017, 6, 11, 16, 0), 'repair_delay': 0, 'OGI_sp_covered': 1}, {'leak_ID': 'ABRAND01121_0000000001', 'facility_ID': 'ABRAND01121', 'equipment_group': 1, 'rate': 0.047696308274724285, 'lat': 55.13, 'lon': -110.88, 'status': 'repaired', 'days_active': 41, 'days_active_prog_start': 0, 'tagged': True, 'component': 'unknown', 'date_began': datetime.datetime(2017, 7, 11, 0, 0), 'date_tagged': datetime.datetime(2017, 8, 5, 8, 0), 'tagged_by_company': 'OGI', 'tagged_by_crew': 2, 'init_detect_by': 'OGI', 'init_detect_date': datetime.datetime(2017, 8, 5, 8, 0), 'requires_shutdown': False, 'date_repaired': datetime.datetime(2017, 8, 21, 16, 0), 'repair_delay': 16, 'OGI_sp_covered': 1}, {'leak_ID': 'ABRAND01121_0000000002', 'facility_ID': 'ABRAND01121', 'equipment_group': 2, 'rate': 0.003523619725938846, 'lat': 55.13, 'lon': -110.88, 'status': 'repaired', 'days_active': 120, 'days_active_prog_start': 0, 'tagged': True, 'component': 'unknown', 'date_began': datetime.datetime(2021, 7, 27, 0, 0), 'date_tagged': datetime.datetime(2021, 11, 24, 0, 0), 'tagged_by_company': 'natural', 'tagged_by_crew': 1, 'init_detect_by': 'natural', 'init_detect_date': datetime.datetime(2021, 11, 24, 0, 0), 'requires_shutdown': False, 'date_repaired': datetime.datetime(2021, 11, 24, 16, 0), 'repair_delay': 0, 'OGI_sp_covered': 1}, {'leak_ID': 'ABRAND01121_0000000003', 'facility_ID': 'ABRAND01121', 'equipment_group': 2, 'rate': 0.016600840710057893, 'lat': 55.13, 'lon': -110.88, 'status': 'repaired', 'days_active': 120, 'days_active_prog_start': 0, 'tagged': True, 'component': 'unknown', 'date_began': datetime.datetime(2021, 8, 27, 0, 0), 'date_tagged': datetime.datetime(2021, 12, 25, 0, 0), 'tagged_by_company': 'natural', 'tagged_by_crew': 1, 'init_detect_by': 'natural', 'init_detect_date': datetime.datetime(2021, 12, 25, 0, 0), 'requires_shutdown': False, 'date_repaired': datetime.datetime(2021, 12, 25, 0, 0), 'repair_delay': 0, 'OGI_sp_covered': 1}]",[],0,False,,,,2,4,28,30,False,6,6,1,4,1.2925102343408965,571.2542815594097,0.6513026052104208,0.8901328428341335,0.3137242694760277
ABRAND01001,601,52.42,-113.92,2,6,2,2,2,120,1,30,20,120,1,lognorm,0.062287158377333125,[1.462],"['kilogram', 'hour']",<scipy.stats._distn_infrastructure.rv_frozen object at 0x000002073C01D1C8>,0,7,60,684.2799662377163,"[{'leak_ID': 'ABRAND01001_0000000006', 'facility_ID': 'ABRAND01001', 'equipment_group': 1, 'rate': 0.01623837346269652, 'lat': 52.42, 'lon': -113.92, 'status': 'active', 'days_active': 111, 'days_active_prog_start': 0, 'tagged': False, 'component': 'unknown', 'date_began': datetime.datetime(2021, 9, 10, 0, 0), 'date_tagged': None, 'tagged_by_company': None, 'tagged_by_crew': None, 'init_detect_by': None, 'init_detect_date': None, 'requires_shutdown': False, 'date_repaired': None, 'repair_delay': None, 'OGI_sp_covered': 1}]","[{'leak_ID': 'ABRAND01001_0000000000', 'facility_ID': 'ABRAND01001', 'equipment_group': 2, 'rate': 0.012725547107355432, 'lat': 52.42, 'lon': -113.92, 'status': 'repaired', 'days_active': 120, 'days_active_prog_start': 0, 'tagged': True, 'component': 'unknown', 'date_began': datetime.datetime(2018, 5, 5, 0, 0), 'date_tagged': datetime.datetime(2018, 9, 2, 0, 0), 'tagged_by_company': 'natural', 'tagged_by_crew': 1, 'init_detect_by': 'natural', 'init_detect_date': datetime.datetime(2018, 9, 2, 0, 0), 'requires_shutdown': False, 'date_repaired': datetime.datetime(2018, 9, 2, 16, 0), 'repair_delay': 0, 'OGI_sp_covered': 0}, {'leak_ID': 'ABRAND01001_0000000001', 'facility_ID': 'ABRAND01001', 'equipment_group': 1, 'rate': 0.006158059013986562, 'lat': 52.42, 'lon': -113.92, 'status': 'repaired', 'days_active': 120, 'days_active_prog_start': 0, 'tagged': True, 'component': 'unknown', 'date_began': datetime.datetime(2019, 7, 9, 0, 0), 'date_tagged': datetime.datetime(2019, 11, 6, 0, 0), 'tagged_by_company': 'natural', 'tagged_by_crew': 1, 'init_detect_by': 'natural', 'init_detect_date': datetime.datetime(2019, 11, 6, 0, 0), 'requires_shutdown': False, 'date_repaired': datetime.datetime(2019, 11, 6, 16, 0), 'repair_delay': 0, 'OGI_sp_covered': 1}, {'leak_ID': 'ABRAND01001_0000000002', 'facility_ID': 'ABRAND01001', 'equipment_group': 2, 'rate': 0.017621614431640068, 'lat': 52.42, 'lon': -113.92, 'status': 'repaired', 'days_active': 120, 'days_active_prog_start': 0, 'tagged': True, 'component': 'unknown', 'date_began': datetime.datetime(2020, 4, 3, 0, 0), 'date_tagged': datetime.datetime(2020, 8, 1, 0, 0), 'tagged_by_company': 'natural', 'tagged_by_crew': 1, 'init_detect_by': 'natural', 'init_detect_date': datetime.datetime(2020, 8, 1, 0, 0), 'requires_shutdown': False, 'date_repaired': datetime.datetime(2020, 8, 1, 16, 0), 'repair_delay': 0, 'OGI_sp_covered': 1}, {'leak_ID': 'ABRAND01001_0000000003', 'facility_ID': 'ABRAND01001', 'equipment_group': 1, 'rate': 0.0043672688512623485, 'lat': 52.42, 'lon': -113.92, 'status': 'repaired', 'days_active': 120, 'days_active_prog_start': 0, 'tagged': True, 'component': 'unknown', 'date_began': datetime.datetime(2020, 4, 12, 0, 0), 'date_tagged': datetime.datetime(2020, 8, 10, 0, 0), 'tagged_by_company': 'natural', 'tagged_by_crew': 1, 'init_detect_by': 'natural', 'init_detect_date': datetime.datetime(2020, 8, 10, 0, 0), 'requires_shutdown': False, 'date_repaired': datetime.datetime(2020, 8, 10, 16, 0), 'repair_delay': 0, 'OGI_sp_covered': 1}, {'leak_ID': 'ABRAND01001_0000000004', 'facility_ID': 'ABRAND01001', 'equipment_group': 1, 'rate': 0.03699161346039467, 'lat': 52.42, 'lon': -113.92, 'status': 'repaired', 'days_active': 19, 'days_active_prog_start': 0, 'tagged': True, 'component': 'unknown', 'date_began': datetime.datetime(2021, 2, 3, 0, 0), 'date_tagged': datetime.datetime(2021, 2, 6, 8, 0), 'tagged_by_company': 'OGI', 'tagged_by_crew': 3, 'init_detect_by': 'OGI', 'init_detect_date': datetime.datetime(2021, 2, 6, 8, 0), 'requires_shutdown': False, 'date_repaired': datetime.datetime(2021, 2, 22, 16, 0), 'repair_delay': 16, 'OGI_sp_covered': 1}, {'leak_ID': 'ABRAND01001_0000000005', 'facility_ID': 'ABRAND01001', 'equipment_group': 2, 'rate': 0.004249234816867433, 'lat': 52.42, 'lon': -113.92, 'status': 'repaired', 'days_active': 120, 'days_active_prog_start': 0, 'tagged': True, 'component': 'unknown', 'date_began': datetime.datetime(2021, 2, 14, 0, 0), 'date_tagged': datetime.datetime(2021, 6, 14, 0, 0), 'tagged_by_company': 'natural', 'tagged_by_crew': 1, 'init_detect_by': 'natural', 'init_detect_date': datetime.datetime(2021, 6, 14, 0, 0), 'requires_shutdown': False, 'date_repaired': datetime.datetime(2021, 6, 14, 16, 0), 'repair_delay': 0, 'OGI_sp_covered': 1}]",[],0,False,,,,3,4,28,30,False,6,7,1,6,155.73249685664473,528.5474693810716,0.6533066132264529,0.8912330086607368,0.37494792670559796
ABRAND00452,351,53.79,-115.85,2,6,2,2,2,120,1,30,20,120,1,lognorm,0.062287158377333125,[1.462],"['kilogram', 'hour']",<scipy.stats._distn_infrastructure.rv_frozen object at 0x000002073C01D1C8>,1,6,60,3783.878869281794,[],"[{'leak_ID': 'ABRAND00452_0000000001', 'facility_ID': 'ABRAND00452', 'equipment_group': 1, 'rate': 0.00980268762498199, 'lat': 53.79, 'lon': -115.85, 'status': 'repaired', 'days_active': 120, 'days_active_prog_start': 89, 'tagged': True, 'component': 'unknown', 'date_began': datetime.datetime(2016, 10, 4, 0, 0), 'date_tagged': datetime.datetime(2017, 1, 31, 0, 0), 'tagged_by_company': 'natural', 'tagged_by_crew': 1, 'init_detect_by': 'natural', 'init_detect_date': datetime.datetime(2017, 1, 31, 0, 0), 'requires_shutdown': False, 'date_repaired': datetime.datetime(2017, 1, 31, 16, 0), 'repair_delay': 0}, {'leak_ID': 'ABRAND00452_0000000001', 'facility_ID': 'ABRAND00452', 'equipment_group': 2, 'rate': 0.006003709332729053, 'lat': 53.79, 'lon': -115.85, 'status': 'repaired', 'days_active': 120, 'days_active_prog_start': 0, 'tagged': True, 'component': 'unknown', 'date_began': datetime.datetime(2018, 3, 22, 0, 0), 'date_tagged': datetime.datetime(2018, 7, 20, 0, 0), 'tagged_by_company': 'natural', 'tagged_by_crew': 1, 'init_detect_by': 'natural', 'init_detect_date': datetime.datetime(2018, 7, 20, 0, 0), 'requires_shutdown': False, 'date_repaired': datetime.datetime(2018, 7, 20, 16, 0), 'repair_delay': 0, 'OGI_sp_covered': 1}, {'leak_ID': 'ABRAND00452_0000000003', 'facility_ID': 'ABRAND00452', 'equipment_group': 1, 'rate': 1.1830693083461166, 'lat': 53.79, 'lon': -115.85, 'status': 'repaired', 'days_active': 30, 'days_active_prog_start': 0, 'tagged': True, 'component': 'unknown', 'date_began': datetime.datetime(2019, 3, 24, 0, 0), 'date_tagged': datetime.datetime(2019, 4, 7, 10, 30), 'tagged_by_company': 'OGI', 'tagged_by_crew': 1, 'init_detect_by': 'OGI', 'init_detect_date': datetime.datetime(2019, 4, 7, 10, 30), 'requires_shutdown': False, 'date_repaired': datetime.datetime(2019, 4, 23, 16, 0), 'repair_delay': 16, 'OGI_sp_covered': 1}, {'leak_ID': 'ABRAND00452_0000000002', 'facility_ID': 'ABRAND00452', 'equipment_group': 1, 'rate': 0.009224095366446044, 'lat': 53.79, 'lon': -115.85, 'status': 'repaired', 'days_active': 120, 'days_active_prog_start': 0, 'tagged': True, 'component': 'unknown', 'date_began': datetime.datetime(2019, 3, 19, 0, 0), 'date_tagged': datetime.datetime(2019, 7, 17, 0, 0), 'tagged_by_company': 'natural', 'tagged_by_crew': 1, 'init_detect_by': 'natural', 'init_detect_date': datetime.datetime(2019, 7, 17, 0, 0), 'requires_shutdown': False, 'date_repaired': datetime.datetime(2019, 7, 17, 16, 0), 'repair_delay': 0, 'OGI_sp_covered': 0}, {'leak_ID': 'ABRAND00452_0000000005', 'facility_ID': 'ABRAND00452', 'equipment_group': 2, 'rate': 0.12926876840792056, 'lat': 53.79, 'lon': -115.85, 'status': 'repaired', 'days_active': 39, 'days_active_prog_start': 0, 'tagged': True, 'component': 'unknown', 'date_began': datetime.datetime(2021, 7, 13, 0, 0), 'date_tagged': datetime.datetime(2021, 8, 5, 10, 30), 'tagged_by_company': 'OGI', 'tagged_by_crew': 1, 'init_detect_by': 'OGI', 'init_detect_date': datetime.datetime(2021, 8, 5, 10, 30), 'requires_shutdown': False, 'date_repaired': datetime.datetime(2021, 8, 21, 16, 0), 'repair_delay': 16, 'OGI_sp_covered': 1}, {'leak_ID': 'ABRAND00452_0000000004', 'facility_ID': 'ABRAND00452', 'equipment_group': 1, 'rate': 0.00941761018186059, 'lat': 53.79, 'lon': -115.85, 'status': 'repaired', 'days_active': 120, 'days_active_prog_start': 0, 'tagged': True, 'component': 'unknown', 'date_began': datetime.datetime(2021, 4, 26, 0, 0), 'date_tagged': datetime.datetime(2021, 8, 24, 0, 0), 'tagged_by_company': 'natural', 'tagged_by_crew': 1, 'init_detect_by': 'natural', 'init_detect_date': datetime.datetime(2021, 8, 24, 0, 0), 'requires_shutdown': False, 'date_repaired': datetime.datetime(2021, 8, 24, 16, 0), 'repair_delay': 0, 'OGI_sp_covered': 1}]",[],1,False,,,,2,4,28,30,False,6,5,0,6,0.0,3783.878869281794,0.655310621242485,0.8923326014592707,2.0733582845379694
ABRAND00731,361,53.13,-114.79,4,6,2,2,2,120,1,30,20,120,1,lognorm,0.062287158377333125,[1.462],"['kilogram', 'hour']",<scipy.stats._distn_infrastructure.rv_frozen object at 0x000002073C01D1C8>,2,5,60,2262.1767159112264,[],"[{'leak_ID': 'ABRAND00731_0000000001', 'facility_ID': 'ABRAND00731', 'equipment_group': 2, 'rate': 0.007263910305363184, 'lat': 53.13, 'lon': -114.79, 'status': 'repaired', 'days_active': 120, 'days_active_prog_start': 118, 'tagged': True, 'component': 'unknown', 'date_began': datetime.datetime(2016, 9, 5, 0, 0), 'date_tagged': datetime.datetime(2017, 1, 2, 0, 0), 'tagged_by_company': 'natural', 'tagged_by_crew': 1, 'init_detect_by': 'natural', 'init_detect_date': datetime.datetime(2017, 1, 2, 0, 0), 'requires_shutdown': False, 'date_repaired': datetime.datetime(2017, 1, 2, 16, 0), 'repair_delay': 0}, {'leak_ID': 'ABRAND00731_0000000002', 'facility_ID': 'ABRAND00731', 'equipment_group': 3, 'rate': 0.04481214358593976, 'lat': 53.13, 'lon': -114.79, 'status': 'repaired', 'days_active': 120, 'days_active_prog_start': 103, 'tagged': True, 'component': 'unknown', 'date_began': datetime.datetime(2016, 9, 20, 0, 0), 'date_tagged': datetime.datetime(2017, 1, 17, 0, 0), 'tagged_by_company': 'natural', 'tagged_by_crew': 1, 'init_detect_by': 'natural', 'init_detect_date': datetime.datetime(2017, 1, 17, 0, 0), 'requires_shutdown': False, 'date_repaired': datetime.datetime(2017, 1, 17, 16, 0), 'repair_delay': 0}, {'leak_ID': 'ABRAND00731_0000000002', 'facility_ID': 'ABRAND00731', 'equipment_group': 4, 'rate': 0.004447746693135359, 'lat': 53.13, 'lon': -114.79, 'status': 'repaired', 'days_active': 120, 'days_active_prog_start': 0, 'tagged': True, 'component': 'unknown', 'date_began': datetime.datetime(2019, 4, 1, 0, 0), 'date_tagged': datetime.datetime(2019, 7, 30, 0, 0), 'tagged_by_company': 'natural', 'tagged_by_crew': 1, 'init_detect_by': 'natural', 'init_detect_date': datetime.datetime(2019, 7, 30, 0, 0), 'requires_shutdown': False, 'date_repaired': datetime.datetime(2019, 7, 30, 16, 0), 'repair_delay': 0, 'OGI_sp_covered': 0}, {'leak_ID': 'ABRAND00731_0000000003', 'facility_ID': 'ABRAND00731', 'equipment_group': 2, 'rate': 0.3611117212556511, 'lat': 53.13, 'lon': -114.79, 'status': 'repaired', 'days_active': 49, 'days_active_prog_start': 0, 'tagged': True, 'component': 'unknown', 'date_began': datetime.datetime(2020, 1, 4, 0, 0), 'date_tagged': datetime.datetime(2020, 2, 6, 10, 30), 'tagged_by_company': 'OGI', 'tagged_by_crew': 2, 'init_detect_by': 'OGI', 'init_detect_date': datetime.datetime(2020, 2, 6, 10, 30), 'requires_shutdown': False, 'date_repaired': datetime.datetime(2020, 2, 22, 16, 0), 'repair_delay': 16, 'OGI_sp_covered': 1}, {'leak_ID': 'ABRAND00731_0000000004', 'facility_ID': 'ABRAND00731', 'equipment_group': 3, 'rate': 0.1527247377090916, 'lat': 53.13, 'lon': -114.79, 'status': 'repaired', 'days_active': 47, 'days_active_prog_start': 0, 'tagged': True, 'component': 'unknown', 'date_began': datetime.datetime(2021, 9, 3, 0, 0), 'date_tagged': datetime.datetime(2021, 10, 4, 10, 30), 'tagged_by_company': 'OGI', 'tagged_by_crew': 2, 'init_detect_by': 'OGI', 'init_detect_date': datetime.datetime(2021, 10, 4, 10, 30), 'requires_shutdown': False, 'date_repaired': datetime.datetime(2021, 10, 20, 16, 0), 'repair_delay': 16, 'OGI_sp_covered': 1}]",[],2,False,,,,2,4,28,30,False,6,1,0,5,0.0,2262.1767159112264,0.657314629258517,0.8934183629428502,1.239548885430809
ABRAND00343,601,53.56,-116.19,5,6,2,2,2,120,1,30,20,120,1,lognorm,0.062287158377333125,[1.462],"['kilogram', 'hour']",<scipy.stats._distn_infrastructure.rv_frozen object at 0x000002073C01D1C8>,0,2,60,483.8401484775036,[],"[{'leak_ID': 'ABRAND00343_0000000000', 'facility_ID': 'ABRAND00343', 'equipment_group': 5, 'rate': 0.02036616572496448, 'lat': 53.56, 'lon': -116.19, 'status': 'repaired', 'days_active': 120, 'days_active_prog_start': 0, 'tagged': True, 'component': 'unknown', 'date_began': datetime.datetime(2018, 10, 10, 0, 0), 'date_tagged': datetime.datetime(2019, 2, 7, 0, 0), 'tagged_by_company': 'natural', 'tagged_by_crew': 1, 'init_detect_by': 'natural', 'init_detect_date': datetime.datetime(2019, 2, 7, 0, 0), 'requires_shutdown': False, 'date_repaired': datetime.datetime(2019, 2, 7, 16, 0), 'repair_delay': 0, 'OGI_sp_covered': 1}, {'leak_ID': 'ABRAND00343_0000000001', 'facility_ID': 'ABRAND00343', 'equipment_group': 4, 'rate': 0.08529896841875372, 'lat': 53.56, 'lon': -116.19, 'status': 'repaired', 'days_active': 37, 'days_active_prog_start': 0, 'tagged': True, 'component': 'unknown', 'date_began': datetime.datetime(2019, 11, 12, 0, 0), 'date_tagged': datetime.datetime(2019, 12, 3, 10, 30), 'tagged_by_company': 'OGI', 'tagged_by_crew': 3, 'init_detect_by': 'OGI', 'init_detect_date': datetime.datetime(2019, 12, 3, 10, 30), 'requires_shutdown': False, 'date_repaired': datetime.datetime(2019, 12, 19, 16, 0), 'repair_delay': 16, 'OGI_sp_covered': 1}]",[],0,False,,,,2,4,28,30,False,6,2,0,2,0.0,483.8401484775036,0.6593186372745491,0.8944820093259526,0.2651178895767143
ABRAND00977,362,52.98,-114.05,5,6,2,2,2,120,1,30,20,120,1,lognorm,0.062287158377333125,[1.462],"['kilogram', 'hour']",<scipy.stats._distn_infrastructure.rv_frozen object at 0x000002073C01D1C8>,0,6,60,975.354196072754,[],"[{'leak_ID': 'ABRAND00977_0000000000', 'facility_ID': 'ABRAND00977', 'equipment_group': 1, 'rate': 0.030048094625657915, 'lat': 52.98, 'lon': -114.05, 'status': 'repaired', 'days_active': 120, 'days_active_prog_start': 0, 'tagged': True, 'component': 'unknown', 'date_began': datetime.datetime(2017, 6, 29, 0, 0), 'date_tagged': datetime.datetime(2017, 10, 27, 0, 0), 'tagged_by_company': 'natural', 'tagged_by_crew': 1, 'init_detect_by': 'natural', 'init_detect_date': datetime.datetime(2017, 10, 27, 0, 0), 'requires_shutdown': False, 'date_repaired': datetime.datetime(2017, 10, 27, 0, 0), 'repair_delay': 0, 'OGI_sp_covered': 1}, {'leak_ID': 'ABRAND00977_0000000001', 'facility_ID': 'ABRAND00977', 'equipment_group': 4, 'rate': 0.012084572945140109, 'lat': 52.98, 'lon': -114.05, 'status': 'repaired', 'days_active': 120, 'days_active_prog_start': 0, 'tagged': True, 'component': 'unknown', 'date_began': datetime.datetime(2018, 12, 3, 0, 0), 'date_tagged': datetime.datetime(2019, 4, 2, 0, 0), 'tagged_by_company': 'natural', 'tagged_by_crew': 1, 'init_detect_by': 'natural', 'init_detect_date': datetime.datetime(2019, 4, 2, 0, 0), 'requires_shutdown': False, 'date_repaired': datetime.datetime(2019, 4, 2, 16, 0), 'repair_delay': 0, 'OGI_sp_covered': 1}, {'leak_ID': 'ABRAND00977_0000000002', 'facility_ID': 'ABRAND00977', 'equipment_group': 1, 'rate': 0.0030091898543076895, 'lat': 52.98, 'lon': -114.05, 'status': 'repaired', 'days_active': 120, 'days_active_prog_start': 0, 'tagged': True, 'component': 'unknown', 'date_began': datetime.datetime(2019, 3, 3, 0, 0), 'date_tagged': datetime.datetime(2019, 7, 1, 0, 0), 'tagged_by_company': 'natural', 'tagged_by_crew': 1, 'init_detect_by': 'natural', 'init_detect_date': datetime.datetime(2019, 7, 1, 0, 0), 'requires_shutdown': False, 'date_repaired': datetime.datetime(2019, 7, 1, 16, 0), 'repair_delay': 0, 'OGI_sp_covered': 0}, {'leak_ID': 'ABRAND00977_0000000003', 'facility_ID': 'ABRAND00977', 'equipment_group': 1, 'rate': 0.0017340286268702437, 'lat': 52.98, 'lon': -114.05, 'status': 'repaired', 'days_active': 120, 'days_active_prog_start': 0, 'tagged': True, 'component': 'unknown', 'date_began': datetime.datetime(2019, 11, 18, 0, 0), 'date_tagged': datetime.datetime(2020, 3, 17, 0, 0), 'tagged_by_company': 'natural', 'tagged_by_crew': 1, 'init_detect_by': 'natural', 'init_detect_date': datetime.datetime(2020, 3, 17, 0, 0), 'requires_shutdown': False, 'date_repaired': datetime.datetime(2020, 3, 17, 16, 0), 'repair_delay': 0, 'OGI_sp_covered': 1}, {'leak_ID': 'ABRAND00977_0000000004', 'facility_ID': 'ABRAND00977', 'equipment_group': 3, 'rate': 0.01745238471183857, 'lat': 52.98, 'lon': -114.05, 'status': 'repaired', 'days_active': 120, 'days_active_prog_start': 0, 'tagged': True, 'component': 'unknown', 'date_began': datetime.datetime(2020, 1, 17, 0, 0), 'date_tagged': datetime.datetime(2020, 5, 16, 0, 0), 'tagged_by_company': 'natural', 'tagged_by_crew': 1, 'init_detect_by': 'natural', 'init_detect_date': datetime.datetime(2020, 5, 16, 0, 0), 'requires_shutdown': False, 'date_repaired': datetime.datetime(2020, 5, 16, 16, 0), 'repair_delay': 0, 'OGI_sp_covered': 1}, {'leak_ID': 'ABRAND00977_0000000005', 'facility_ID': 'ABRAND00977', 'equipment_group': 2, 'rate': 0.05099184603067543, 'lat': 52.98, 'lon': -114.05, 'status': 'repaired', 'days_active': 70, 'days_active_prog_start': 0, 'tagged': True, 'component': 'unknown', 'date_began': datetime.datetime(2020, 10, 9, 0, 0), 'date_tagged': datetime.datetime(2020, 12, 2, 13, 0), 'tagged_by_company': 'OGI', 'tagged_by_crew': 1, 'init_detect_by': 'OGI', 'init_detect_date': datetime.datetime(2020, 12, 2, 13, 0), 'requires_shutdown': False, 'date_repaired': datetime.datetime(2020, 12, 18, 16, 0), 'repair_delay': 16, 'OGI_sp_covered': 1}]",[],0,False,,,,2,4,28,30,False,6,7,0,6,0.0,975.354196072754,0.6613226452905812,0.8955416491330277,0.534440655382331
ABRAND00504,311,53.28,-115.7,3,6,2,2,2,120,1,30,20,120,1,lognorm,0.062287158377333125,[1.462],"['kilogram', 'hour']",<scipy.stats._distn_infrastructure.rv_frozen object at 0x000002073C01D1C8>,0,6,60,1271.6004766843191,[],"[{'leak_ID': 'ABRAND00504_0000000000', 'facility_ID': 'ABRAND00504', 'equipment_group': 2, 'rate': 0.0637022307763511, 'lat': 53.28, 'lon': -115.7, 'status': 'repaired', 'days_active': 34, 'days_active_prog_start': 0, 'tagged': True, 'component': 'unknown', 'date_began': datetime.datetime(2017, 9, 16, 0, 0), 'date_tagged': datetime.datetime(2017, 10, 4, 13, 0), 'tagged_by_company': 'OGI', 'tagged_by_crew': 2, 'init_detect_by': 'OGI', 'init_detect_date': datetime.datetime(2017, 10, 4, 13, 0), 'requires_shutdown': False, 'date_repaired': datetime.datetime(2017, 10, 20, 16, 0), 'repair_delay': 16, 'OGI_sp_covered': 1}, {'leak_ID': 'ABRAND00504_0000000001', 'facility_ID': 'ABRAND00504', 'equipment_group': 1, 'rate': 0.03313144640893029, 'lat': 53.28, 'lon': -115.7, 'status': 'repaired', 'days_active': 120, 'days_active_prog_start': 0, 'tagged': True, 'component': 'unknown', 'date_began': datetime.datetime(2018, 5, 18, 0, 0), 'date_tagged': datetime.datetime(2018, 9, 15, 0, 0), 'tagged_by_company': 'natural', 'tagged_by_crew': 1, 'init_detect_by': 'natural', 'init_detect_date': datetime.datetime(2018, 9, 15, 0, 0), 'requires_shutdown': False, 'date_repaired': datetime.datetime(2018, 9, 15, 16, 0), 'repair_delay': 0, 'OGI_sp_covered': 1}, {'leak_ID': 'ABRAND00504_0000000002', 'facility_ID': 'ABRAND00504', 'equipment_group': 1, 'rate': 0.02854852845572621, 'lat': 53.28, 'lon': -115.7, 'status': 'repaired', 'days_active': 120, 'days_active_prog_start': 0, 'tagged': True, 'component': 'unknown', 'date_began': datetime.datetime(2018, 11, 12, 0, 0), 'date_tagged': datetime.datetime(2019, 3, 12, 0, 0), 'tagged_by_company': 'natural', 'tagged_by_crew': 1, 'init_detect_by': 'natural', 'init_detect_date': datetime.datetime(2019, 3, 12, 0, 0), 'requires_shutdown': False, 'date_repaired': datetime.datetime(2019, 3, 12, 16, 0), 'repair_delay': 0, 'OGI_sp_covered': 1}, {'leak_ID': 'ABRAND00504_0000000003', 'facility_ID': 'ABRAND00504', 'equipment_group': 1, 'rate': 0.09182706204779774, 'lat': 53.28, 'lon': -115.7, 'status': 'repaired', 'days_active': 43, 'days_active_prog_start': 0, 'tagged': True, 'component': 'unknown', 'date_began': datetime.datetime(2019, 5, 10, 0, 0), 'date_tagged': datetime.datetime(2019, 6, 6, 13, 0), 'tagged_by_company': 'OGI', 'tagged_by_crew': 2, 'init_detect_by': 'OGI', 'init_detect_date': datetime.datetime(2019, 6, 6, 13, 0), 'requires_shutdown': False, 'date_repaired': datetime.datetime(2019, 6, 22, 16, 0), 'repair_delay': 16, 'OGI_sp_covered': 1}, {'leak_ID': 'ABRAND00504_0000000004', 'facility_ID': 'ABRAND00504', 'equipment_group': 1, 'rate': 0.0012430407467541183, 'lat': 53.28, 'lon': -115.7, 'status': 'repaired', 'days_active': 120, 'days_active_prog_start': 0, 'tagged': True, 'component': 'unknown', 'date_began': datetime.datetime(2019, 8, 11, 0, 0), 'date_tagged': datetime.datetime(2019, 12, 9, 0, 0), 'tagged_by_company': 'natural', 'tagged_by_crew': 1, 'init_detect_by': 'natural', 'init_detect_date': datetime.datetime(2019, 12, 9, 0, 0), 'requires_shutdown': False, 'date_repaired': datetime.datetime(2019, 12, 9, 16, 0), 'repair_delay': 0, 'OGI_sp_covered': 1}, {'leak_ID': 'ABRAND00504_0000000005', 'facility_ID': 'ABRAND00504', 'equipment_group': 1, 'rate': 0.008769972682930807, 'lat': 53.28, 'lon': -115.7, 'status': 'repaired', 'days_active': 120, 'days_active_prog_start': 0, 'tagged': True, 'component': 'unknown', 'date_began': datetime.datetime(2019, 9, 5, 0, 0), 'date_tagged': datetime.datetime(2020, 1, 3, 0, 0), 'tagged_by_company': 'natural', 'tagged_by_crew': 1, 'init_detect_by': 'natural', 'init_detect_date': datetime.datetime(2020, 1, 3, 0, 0), 'requires_shutdown': False, 'date_repaired': datetime.datetime(2020, 1, 3, 16, 0), 'repair_delay': 0, 'OGI_sp_covered': 1}]",[],0,False,,,,2,4,28,30,False,6,6,0,6,0.0,1271.6004766843191,0.6633266533066132,0.8965997849535621,0.6967673844845584
ABRAND01127,601,50.75,-110.76,3,6,2,2,2,120,1,30,20,120,1,lognorm,0.062287158377333125,[1.462],"['kilogram', 'hour']",<scipy.stats._distn_infrastructure.rv_frozen object at 0x000002073C01D1C8>,0,6,60,1188.9388485171914,[],"[{'leak_ID': 'ABRAND01127_0000000000', 'facility_ID': 'ABRAND01127', 'equipment_group': 1, 'rate': 0.009489029779764712, 'lat': 50.75, 'lon': -110.76, 'status': 'repaired', 'days_active': 120, 'days_active_prog_start': 0, 'tagged': True, 'component': 'unknown', 'date_began': datetime.datetime(2017, 1, 21, 0, 0), 'date_tagged': datetime.datetime(2017, 5, 21, 0, 0), 'tagged_by_company': 'natural', 'tagged_by_crew': 1, 'init_detect_by': 'natural', 'init_detect_date': datetime.datetime(2017, 5, 21, 0, 0), 'requires_shutdown': False, 'date_repaired': datetime.datetime(2017, 5, 21, 16, 0), 'repair_delay': 0, 'OGI_sp_covered': 0}, {'leak_ID': 'ABRAND01127_0000000001', 'facility_ID': 'ABRAND01127', 'equipment_group': 2, 'rate': 0.0346715745435429, 'lat': 50.75, 'lon': -110.76, 'status': 'repaired', 'days_active': 120, 'days_active_prog_start': 0, 'tagged': True, 'component': 'unknown', 'date_began': datetime.datetime(2018, 2, 6, 0, 0), 'date_tagged': datetime.datetime(2018, 6, 6, 0, 0), 'tagged_by_company': 'natural', 'tagged_by_crew': 1, 'init_detect_by': 'natural', 'init_detect_date': datetime.datetime(2018, 6, 6, 0, 0), 'requires_shutdown': False, 'date_repaired': datetime.datetime(2018, 6, 6, 16, 0), 'repair_delay': 0, 'OGI_sp_covered': 1}, {'leak_ID': 'ABRAND01127_0000000002', 'facility_ID': 'ABRAND01127', 'equipment_group': 1, 'rate': 0.012799455053033752, 'lat': 50.75, 'lon': -110.76, 'status': 'repaired', 'days_active': 120, 'days_active_prog_start': 0, 'tagged': True, 'component': 'unknown', 'date_began': datetime.datetime(2018, 6, 18, 0, 0), 'date_tagged': datetime.datetime(2018, 10, 16, 0, 0), 'tagged_by_company': 'natural', 'tagged_by_crew': 1, 'init_detect_by': 'natural', 'init_detect_date': datetime.datetime(2018, 10, 16, 0, 0), 'requires_shutdown': False, 'date_repaired': datetime.datetime(2018, 10, 16, 16, 0), 'repair_delay': 0, 'OGI_sp_covered': 1}, {'leak_ID': 'ABRAND01127_0000000003', 'facility_ID': 'ABRAND01127', 'equipment_group': 1, 'rate': 0.012954377134605217, 'lat': 50.75, 'lon': -110.76, 'status': 'repaired', 'days_active': 120, 'days_active_prog_start': 0, 'tagged': True, 'component': 'unknown', 'date_began': datetime.datetime(2020, 1, 26, 0, 0), 'date_tagged': datetime.datetime(2020, 5, 25, 0, 0), 'tagged_by_company': 'natural', 'tagged_by_crew': 1, 'init_detect_by': 'natural', 'init_detect_date': datetime.datetime(2020, 5, 25, 0, 0), 'requires_shutdown': False, 'date_repaired': datetime.datetime(2020, 5, 25, 16, 0), 'repair_delay': 0, 'OGI_sp_covered': 1}, {'leak_ID': 'ABRAND01127_0000000004', 'facility_ID': 'ABRAND01127', 'equipment_group': 2, 'rate': 0.03394352188544439, 'lat': 50.75, 'lon': -110.76, 'status': 'repaired', 'days_active': 120, 'days_active_prog_start': 0, 'tagged': True, 'component': 'unknown', 'date_began': datetime.datetime(2021, 1, 12, 0, 0), 'date_tagged': datetime.datetime(2021, 5, 12, 0, 0), 'tagged_by_company': 'natural', 'tagged_by_crew': 1, 'init_detect_by': 'natural', 'init_detect_date': datetime.datetime(2021, 5, 12, 0, 0), 'requires_shutdown': False, 'date_repaired': datetime.datetime(2021, 5, 12, 16, 0), 'repair_delay': 0, 'OGI_sp_covered': 1}, {'leak_ID': 'ABRAND01127_0000000005', 'facility_ID': 'ABRAND01127', 'equipment_group': 1, 'rate': 0.010815927455961593, 'lat': 50.75, 'lon': -110.76, 'status': 'repaired', 'days_active': 120, 'days_active_prog_start': 0, 'tagged': True, 'component': 'unknown', 'date_began': datetime.datetime(2021, 4, 11, 0, 0), 'date_tagged': datetime.datetime(2021, 8, 9, 0, 0), 'tagged_by_company': 'natural', 'tagged_by_crew': 1, 'init_detect_by': 'natural', 'init_detect_date': datetime.datetime(2021, 8, 9, 0, 0), 'requires_shutdown': False, 'date_repaired': datetime.datetime(2021, 8, 9, 16, 0), 'repair_delay': 0, 'OGI_sp_covered': 0}]",[],0,False,,,,3,4,28,30,False,6,9,0,6,0.0,1188.9388485171914,0.6653306613226453,0.8976285121757697,0.6514733416532555
ABRAND00705,601,52.14,-114.95,3,6,2,2,2,120,1,30,20,120,1,lognorm,0.062287158377333125,[1.462],"['kilogram', 'hour']",<scipy.stats._distn_infrastructure.rv_frozen object at 0x000002073C01D1C8>,2,9,60,1672.820741498934,[],"[{'leak_ID': 'ABRAND00705_0000000002', 'facility_ID': 'ABRAND00705', 'equipment_group': 2, 'rate': 0.011185011167971357, 'lat': 52.14, 'lon': -114.95, 'status': 'repaired', 'days_active': 120, 'days_active_prog_start': 70, 'tagged': True, 'component': 'unknown', 'date_began': datetime.datetime(2016, 10, 23, 0, 0), 'date_tagged': datetime.datetime(2017, 2, 19, 0, 0), 'tagged_by_company': 'natural', 'tagged_by_crew': 1, 'init_detect_by': 'natural', 'init_detect_date': datetime.datetime(2017, 2, 19, 0, 0), 'requires_shutdown': False, 'date_repaired': datetime.datetime(2017, 2, 19, 16, 0), 'repair_delay': 0, 'OGI_sp_covered': 1}, {'leak_ID': 'ABRAND00705_0000000001', 'facility_ID': 'ABRAND00705', 'equipment_group': 1, 'rate': 0.0452722096937366, 'lat': 52.14, 'lon': -114.95, 'status': 'repaired', 'days_active': 93, 'days_active_prog_start': 39, 'tagged': True, 'component': 'unknown', 'date_began': datetime.datetime(2016, 11, 23, 0, 0), 'date_tagged': datetime.datetime(2017, 2, 7, 8, 0), 'tagged_by_company': 'OGI', 'tagged_by_crew': 1, 'init_detect_by': 'OGI', 'init_detect_date': datetime.datetime(2017, 2, 7, 8, 0), 'requires_shutdown': False, 'date_repaired': datetime.datetime(2017, 2, 23, 16, 0), 'repair_delay': 16, 'OGI_sp_covered': 1}, {'leak_ID': 'ABRAND00705_0000000002', 'facility_ID': 'ABRAND00705', 'equipment_group': 2, 'rate': 0.08005098651918342, 'lat': 52.14, 'lon': -114.95, 'status': 'repaired', 'days_active': 57, 'days_active_prog_start': 0, 'tagged': True, 'component': 'unknown', 'date_began': datetime.datetime(2017, 2, 26, 0, 0), 'date_tagged': datetime.datetime(2017, 4, 8, 8, 0), 'tagged_by_company': 'OGI', 'tagged_by_crew': 1, 'init_detect_by': 'OGI', 'init_detect_date': datetime.datetime(2017, 4, 8, 8, 0), 'requires_shutdown': False, 'date_repaired': datetime.datetime(2017, 4, 24, 16, 0), 'repair_delay': 16, 'OGI_sp_covered': 1}, {'leak_ID': 'ABRAND00705_0000000003', 'facility_ID': 'ABRAND00705', 'equipment_group': 3, 'rate': 0.019750946830710443, 'lat': 52.14, 'lon': -114.95, 'status': 'repaired', 'days_active': 120, 'days_active_prog_start': 0, 'tagged': True, 'component': 'unknown', 'date_began': datetime.datetime(2018, 8, 22, 0, 0), 'date_tagged': datetime.datetime(2018, 12, 20, 0, 0), 'tagged_by_company': 'natural', 'tagged_by_crew': 1, 'init_detect_by': 'natural', 'init_detect_date': datetime.datetime(2018, 12, 20, 0, 0), 'requires_shutdown': False, 'date_repaired': datetime.datetime(2018, 12, 20, 16, 0), 'repair_delay': 0, 'OGI_sp_covered': 1}, {'leak_ID': 'ABRAND00705_0000000004', 'facility_ID': 'ABRAND00705', 'equipment_group': 2, 'rate': 0.006779284469725286, 'lat': 52.14, 'lon': -114.95, 'status': 'repaired', 'days_active': 120, 'days_active_prog_start': 0, 'tagged': True, 'component': 'unknown', 'date_began': datetime.datetime(2019, 4, 15, 0, 0), 'date_tagged': datetime.datetime(2019, 8, 13, 0, 0), 'tagged_by_company': 'natural', 'tagged_by_crew': 1, 'init_detect_by': 'natural', 'init_detect_date': datetime.datetime(2019, 8, 13, 0, 0), 'requires_shutdown': False, 'date_repaired': datetime.datetime(2019, 8, 13, 16, 0), 'repair_delay': 0, 'OGI_sp_covered': 1}, {'leak_ID': 'ABRAND00705_0000000005', 'facility_ID': 'ABRAND00705', 'equipment_group': 1, 'rate': 0.19819715885593098, 'lat': 52.14, 'lon': -114.95, 'status': 'repaired', 'days_active': 18, 'days_active_prog_start': 0, 'tagged': True, 'component': 'unknown', 'date_began': datetime.datetime(2020, 2, 5, 0, 0), 'date_tagged': datetime.datetime(2020, 2, 7, 8, 0), 'tagged_by_company': 'OGI', 'tagged_by_crew': 1, 'init_detect_by': 'OGI', 'init_detect_date': datetime.datetime(2020, 2, 7, 8, 0), 'requires_shutdown': False, 'date_repaired': datetime.datetime(2020, 2, 23, 16, 0), 'repair_delay': 16, 'OGI_sp_covered': 1}, {'leak_ID': 'ABRAND00705_0000000006', 'facility_ID': 'ABRAND00705', 'equipment_group': 3, 'rate': 0.023709281199713907, 'lat': 52.14, 'lon': -114.95, 'status': 'repaired', 'days_active': 120, 'days_active_prog_start': 0, 'tagged': True, 'component': 'unknown', 'date_began': datetime.datetime(2020, 8, 15, 0, 0), 'date_tagged': datetime.datetime(2020, 12, 13, 0, 0), 'tagged_by_company': 'natural', 'tagged_by_crew': 1, 'init_detect_by': 'natural', 'init_detect_date': datetime.datetime(2020, 12, 13, 0, 0), 'requires_shutdown': False, 'date_repaired': datetime.datetime(2020, 12, 13, 16, 0), 'repair_delay': 0, 'OGI_sp_covered': 1}, {'leak_ID': 'ABRAND00705_0000000007', 'facility_ID': 'ABRAND00705', 'equipment_group': 3, 'rate': 0.0015857249614510528, 'lat': 52.14, 'lon': -114.95, 'status': 'repaired', 'days_active': 120, 'days_active_prog_start': 0, 'tagged': True, 'component': 'unknown', 'date_began': datetime.datetime(2021, 4, 29, 0, 0), 'date_tagged': datetime.datetime(2021, 8, 27, 0, 0), 'tagged_by_company': 'natural', 'tagged_by_crew': 1, 'init_detect_by': 'natural', 'init_detect_date': datetime.datetime(2021, 8, 27, 0, 0), 'requires_shutdown': False, 'date_repaired': datetime.datetime(2021, 8, 27, 0, 0), 'repair_delay': 0, 'OGI_sp_covered': 0}, {'leak_ID': 'ABRAND00705_0000000008', 'facility_ID': 'ABRAND00705', 'equipment_group': 3, 'rate': 0.016732647554196175, 'lat': 52.14, 'lon': -114.95, 'status': 'repaired', 'days_active': 120, 'days_active_prog_start': 0, 'tagged': True, 'component': 'unknown', 'date_began': datetime.datetime(2021, 6, 25, 0, 0), 'date_tagged': datetime.datetime(2021, 10, 23, 0, 0), 'tagged_by_company': 'natural', 'tagged_by_crew': 1, 'init_detect_by': 'natural', 'init_detect_date': datetime.datetime(2021, 10, 23, 0, 0), 'requires_shutdown': False, 'date_repaired': datetime.datetime(2021, 10, 23, 16, 0), 'repair_delay': 0, 'OGI_sp_covered': 1}]",[],2,False,,,,3,4,27,30,False,6,9,0,9,0.0,1672.820741498934,0.6673346693386774,0.8986572317073815,0.9166141049309228
ABRAND00507,311,53.23,-115.7,3,6,2,2,2,120,1,30,20,120,1,lognorm,0.062287158377333125,[1.462],"['kilogram', 'hour']",<scipy.stats._distn_infrastructure.rv_frozen object at 0x000002073C01D1C8>,0,2,60,279.3573652460001,[],"[{'leak_ID': 'ABRAND00507_0000000000', 'facility_ID': 'ABRAND00507', 'equipment_group': 2, 'rate': 0.013836734943916774, 'lat': 53.23, 'lon': -115.7, 'status': 'repaired', 'days_active': 120, 'days_active_prog_start': 0, 'tagged': True, 'component': 'unknown', 'date_began': datetime.datetime(2019, 5, 13, 0, 0), 'date_tagged': datetime.datetime(2019, 9, 10, 0, 0), 'tagged_by_company': 'natural', 'tagged_by_crew': 1, 'init_detect_by': 'natural', 'init_detect_date': datetime.datetime(2019, 9, 10, 0, 0), 'requires_shutdown': False, 'date_repaired': datetime.datetime(2019, 9, 10, 16, 0), 'repair_delay': 0, 'OGI_sp_covered': 1}, {'leak_ID': 'ABRAND00507_0000000001', 'facility_ID': 'ABRAND00507', 'equipment_group': 2, 'rate': 0.036578945237799025, 'lat': 53.23, 'lon': -115.7, 'status': 'repaired', 'days_active': 43, 'days_active_prog_start': 0, 'tagged': True, 'component': 'unknown', 'date_began': datetime.datetime(2021, 7, 10, 0, 0), 'date_tagged': datetime.datetime(2021, 8, 6, 8, 0), 'tagged_by_company': 'OGI', 'tagged_by_crew': 2, 'init_detect_by': 'OGI', 'init_detect_date': datetime.datetime(2021, 8, 6, 8, 0), 'requires_shutdown': False, 'date_repaired': datetime.datetime(2021, 8, 22, 16, 0), 'repair_delay': 16, 'OGI_sp_covered': 1}]",[],0,False,,,,2,4,27,30,False,6,1,0,2,0.0,279.3573652460001,0.6693386773547094,0.8996814814283784,0.15307252890191786
ABRAND00849,361,52.37,-114.36,4,6,2,2,2,120,1,30,20,120,1,lognorm,0.062287158377333125,[1.462],"['kilogram', 'hour']",<scipy.stats._distn_infrastructure.rv_frozen object at 0x000002073C01D1C8>,1,8,60,633.0724076845296,"[{'leak_ID': 'ABRAND00849_0000000007', 'facility_ID': 'ABRAND00849', 'equipment_group': 2, 'rate': 0.004773396916207696, 'lat': 52.37, 'lon': -114.36, 'status': 'active', 'days_active': 97, 'days_active_prog_start': 0, 'tagged': False, 'component': 'unknown', 'date_began': datetime.datetime(2021, 9, 24, 0, 0), 'date_tagged': None, 'tagged_by_company': None, 'tagged_by_crew': None, 'init_detect_by': None, 'init_detect_date': None, 'requires_shutdown': False, 'date_repaired': None, 'repair_delay': None, 'OGI_sp_covered': 1}]","[{'leak_ID': 'ABRAND00849_0000000001', 'facility_ID': 'ABRAND00849', 'equipment_group': 4, 'rate': 0.03252721530437066, 'lat': 52.37, 'lon': -114.36, 'status': 'repaired', 'days_active': 120, 'days_active_prog_start': 84, 'tagged': True, 'component': 'unknown', 'date_began': datetime.datetime(2016, 10, 9, 0, 0), 'date_tagged': datetime.datetime(2017, 2, 5, 0, 0), 'tagged_by_company': 'natural', 'tagged_by_crew': 1, 'init_detect_by': 'natural', 'init_detect_date': datetime.datetime(2017, 2, 5, 0, 0), 'requires_shutdown': False, 'date_repaired': datetime.datetime(2017, 2, 5, 16, 0), 'repair_delay': 0}, {'leak_ID': 'ABRAND00849_0000000001', 'facility_ID': 'ABRAND00849', 'equipment_group': 3, 'rate': 0.002995609637248601, 'lat': 52.37, 'lon': -114.36, 'status': 'repaired', 'days_active': 120, 'days_active_prog_start': 0, 'tagged': True, 'component': 'unknown', 'date_began': datetime.datetime(2017, 2, 26, 0, 0), 'date_tagged': datetime.datetime(2017, 6, 26, 0, 0), 'tagged_by_company': 'natural', 'tagged_by_crew': 1, 'init_detect_by': 'natural', 'init_detect_date': datetime.datetime(2017, 6, 26, 0, 0), 'requires_shutdown': False, 'date_repaired': datetime.datetime(2017, 6, 26, 0, 0), 'repair_delay': 0, 'OGI_sp_covered': 1}, {'leak_ID': 'ABRAND00849_0000000002', 'facility_ID': 'ABRAND00849', 'equipment_group': 1, 'rate': 0.0018766512123206231, 'lat': 52.37, 'lon': -114.36, 'status': 'repaired', 'days_active': 120, 'days_active_prog_start': 0, 'tagged': True, 'component': 'unknown', 'date_began': datetime.datetime(2018, 9, 23, 0, 0), 'date_tagged': datetime.datetime(2019, 1, 21, 0, 0), 'tagged_by_company': 'natural', 'tagged_by_crew': 1, 'init_detect_by': 'natural', 'init_detect_date': datetime.datetime(2019, 1, 21, 0, 0), 'requires_shutdown': False, 'date_repaired': datetime.datetime(2019, 1, 21, 16, 0), 'repair_delay': 0, 'OGI_sp_covered': 1}, {'leak_ID': 'ABRAND00849_0000000003', 'facility_ID': 'ABRAND00849', 'equipment_group': 2, 'rate': 0.011512810634133938, 'lat': 52.37, 'lon': -114.36, 'status': 'repaired', 'days_active': 120, 'days_active_prog_start': 0, 'tagged': True, 'component': 'unknown', 'date_began': datetime.datetime(2020, 8, 17, 0, 0), 'date_tagged': datetime.datetime(2020, 12, 15, 0, 0), 'tagged_by_company': 'natural', 'tagged_by_crew': 1, 'init_detect_by': 'natural', 'init_detect_date': datetime.datetime(2020, 12, 15, 0, 0), 'requires_shutdown': False, 'date_repaired': datetime.datetime(2020, 12, 15, 16, 0), 'repair_delay': 0, 'OGI_sp_covered': 1}, {'leak_ID': 'ABRAND00849_0000000004', 'facility_ID': 'ABRAND00849', 'equipment_group': 2, 'rate': 0.005741480998112858, 'lat': 52.37, 'lon': -114.36, 'status': 'repaired', 'days_active': 120, 'days_active_prog_start': 0, 'tagged': True, 'component': 'unknown', 'date_began': datetime.datetime(2020, 12, 12, 0, 0), 'date_tagged': datetime.datetime(2021, 4, 11, 0, 0), 'tagged_by_company': 'natural', 'tagged_by_crew': 1, 'init_detect_by': 'natural', 'init_detect_date': datetime.datetime(2021, 4, 11, 0, 0), 'requires_shutdown': False, 'date_repaired': datetime.datetime(2021, 4, 11, 16, 0), 'repair_delay': 0, 'OGI_sp_covered': 1}, {'leak_ID': 'ABRAND00849_0000000005', 'facility_ID': 'ABRAND00849', 'equipment_group': 4, 'rate': 0.010639863219440182, 'lat': 52.37, 'lon': -114.36, 'status': 'repaired', 'days_active': 120, 'days_active_prog_start': 0, 'tagged': True, 'component': 'unknown', 'date_began': datetime.datetime(2021, 2, 17, 0, 0), 'date_tagged': datetime.datetime(2021, 6, 17, 0, 0), 'tagged_by_company': 'natural', 'tagged_by_crew': 1, 'init_detect_by': 'natural', 'init_detect_date': datetime.datetime(2021, 6, 17, 0, 0), 'requires_shutdown': False, 'date_repaired': datetime.datetime(2021, 6, 17, 16, 0), 'repair_delay': 0, 'OGI_sp_covered': 1}, {'leak_ID': 'ABRAND00849_0000000006', 'facility_ID': 'ABRAND00849', 'equipment_group': 1, 'rate': 0.045160456533664926, 'lat': 52.37, 'lon': -114.36, 'status': 'repaired', 'days_active': 39, 'days_active_prog_start': 0, 'tagged': True, 'component': 'unknown', 'date_began': datetime.datetime(2021, 5, 15, 0, 0), 'date_tagged': datetime.datetime(2021, 6, 7, 8, 0), 'tagged_by_company': 'OGI', 'tagged_by_crew': 3, 'init_detect_by': 'OGI', 'init_detect_date': datetime.datetime(2021, 6, 7, 8, 0), 'requires_shutdown': False, 'date_repaired': datetime.datetime(2021, 6, 23, 16, 0), 'repair_delay': 16, 'OGI_sp_covered': 1}]",[],1,False,,,,3,4,27,30,False,6,9,1,7,40.00488487535346,593.0675228091761,0.6713426853707415,0.900703442607175,0.346888990512071
ABRAND00508,601,52.83,-115.7,1,6,2,2,2,120,1,30,20,120,1,lognorm,0.062287158377333125,[1.462],"['kilogram', 'hour']",<scipy.stats._distn_infrastructure.rv_frozen object at 0x000002073C01D1C8>,0,5,60,274.7050663525544,[],"[{'leak_ID': 'ABRAND00508_0000000000', 'facility_ID': 'ABRAND00508', 'equipment_group': 1, 'rate': 0.007966576906185817, 'lat': 52.83, 'lon': -115.7, 'status': 'repaired', 'days_active': 120, 'days_active_prog_start': 0, 'tagged': True, 'component': 'unknown', 'date_began': datetime.datetime(2017, 3, 14, 0, 0), 'date_tagged': datetime.datetime(2017, 7, 12, 0, 0), 'tagged_by_company': 'natural', 'tagged_by_crew': 1, 'init_detect_by': 'natural', 'init_detect_date': datetime.datetime(2017, 7, 12, 0, 0), 'requires_shutdown': False, 'date_repaired': datetime.datetime(2017, 7, 12, 16, 0), 'repair_delay': 0, 'OGI_sp_covered': 1}, {'leak_ID': 'ABRAND00508_0000000001', 'facility_ID': 'ABRAND00508', 'equipment_group': 1, 'rate': 0.004174399615773403, 'lat': 52.83, 'lon': -115.7, 'status': 'repaired', 'days_active': 120, 'days_active_prog_start': 0, 'tagged': True, 'component': 'unknown', 'date_began': datetime.datetime(2017, 8, 8, 0, 0), 'date_tagged': datetime.datetime(2017, 12, 6, 0, 0), 'tagged_by_company': 'natural', 'tagged_by_crew': 1, 'init_detect_by': 'natural', 'init_detect_date': datetime.datetime(2017, 12, 6, 0, 0), 'requires_shutdown': False, 'date_repaired': datetime.datetime(2017, 12, 6, 16, 0), 'repair_delay': 0, 'OGI_sp_covered': 1}, {'leak_ID': 'ABRAND00508_0000000002', 'facility_ID': 'ABRAND00508', 'equipment_group': 1, 'rate': 0.0025279774763586043, 'lat': 52.83, 'lon': -115.7, 'status': 'repaired', 'days_active': 120, 'days_active_prog_start': 0, 'tagged': True, 'component': 'unknown', 'date_began': datetime.datetime(2017, 11, 11, 0, 0), 'date_tagged': datetime.datetime(2018, 3, 11, 0, 0), 'tagged_by_company': 'natural', 'tagged_by_crew': 1, 'init_detect_by': 'natural', 'init_detect_date': datetime.datetime(2018, 3, 11, 0, 0), 'requires_shutdown': False, 'date_repaired': datetime.datetime(2018, 3, 11, 16, 0), 'repair_delay': 0, 'OGI_sp_covered': 1}, {'leak_ID': 'ABRAND00508_0000000003', 'facility_ID': 'ABRAND00508', 'equipment_group': 1, 'rate': 0.010704811080333968, 'lat': 52.83, 'lon': -115.7, 'status': 'repaired', 'days_active': 120, 'days_active_prog_start': 0, 'tagged': True, 'component': 'unknown', 'date_began': datetime.datetime(2017, 11, 15, 0, 0), 'date_tagged': datetime.datetime(2018, 3, 15, 0, 0), 'tagged_by_company': 'natural', 'tagged_by_crew': 1, 'init_detect_by': 'natural', 'init_detect_date': datetime.datetime(2018, 3, 15, 0, 0), 'requires_shutdown': False, 'date_repaired': datetime.datetime(2018, 3, 15, 16, 0), 'repair_delay': 0, 'OGI_sp_covered': 0}, {'leak_ID': 'ABRAND00508_0000000004', 'facility_ID': 'ABRAND00508', 'equipment_group': 1, 'rate': 0.0011217081420806943, 'lat': 52.83, 'lon': -115.7, 'status': 'repaired', 'days_active': 120, 'days_active_prog_start': 0, 'tagged': True, 'component': 'unknown', 'date_began': datetime.datetime(2020, 11, 2, 0, 0), 'date_tagged': datetime.datetime(2021, 3, 2, 0, 0), 'tagged_by_company': 'natural', 'tagged_by_crew': 1, 'init_detect_by': 'natural', 'init_detect_date': datetime.datetime(2021, 3, 2, 0, 0), 'requires_shutdown': False, 'date_repaired': datetime.datetime(2021, 3, 2, 0, 0), 'repair_delay': 0, 'OGI_sp_covered': 1}]",[],0,False,,,,2,4,27,30,False,6,9,0,5,0.0,274.7050663525544,0.6733466933867736,0.9017232562242933,0.15052332402879695
ABRAND00913,351,52.85,-114.23,3,6,2,2,2,120,1,30,20,120,1,lognorm,0.062287158377333125,[1.462],"['kilogram', 'hour']",<scipy.stats._distn_infrastructure.rv_frozen object at 0x000002073C01D1C8>,0,6,60,1554.3708563596613,[],"[{'leak_ID': 'ABRAND00913_0000000000', 'facility_ID': 'ABRAND00913', 'equipment_group': 2, 'rate': 0.015288498693958688, 'lat': 52.85, 'lon': -114.23, 'status': 'repaired', 'days_active': 120, 'days_active_prog_start': 0, 'tagged': True, 'component': 'unknown', 'date_began': datetime.datetime(2017, 5, 25, 0, 0), 'date_tagged': datetime.datetime(2017, 9, 22, 0, 0), 'tagged_by_company': 'natural', 'tagged_by_crew': 1, 'init_detect_by': 'natural', 'init_detect_date': datetime.datetime(2017, 9, 22, 0, 0), 'requires_shutdown': False, 'date_repaired': datetime.datetime(2017, 9, 22, 16, 0), 'repair_delay': 0, 'OGI_sp_covered': 1}, {'leak_ID': 'ABRAND00913_0000000001', 'facility_ID': 'ABRAND00913', 'equipment_group': 2, 'rate': 0.004545565135944807, 'lat': 52.85, 'lon': -114.23, 'status': 'repaired', 'days_active': 120, 'days_active_prog_start': 0, 'tagged': True, 'component': 'unknown', 'date_began': datetime.datetime(2017, 11, 10, 0, 0), 'date_tagged': datetime.datetime(2018, 3, 10, 0, 0), 'tagged_by_company': 'natural', 'tagged_by_crew': 1, 'init_detect_by': 'natural', 'init_detect_date': datetime.datetime(2018, 3, 10, 0, 0), 'requires_shutdown': False, 'date_repaired': datetime.datetime(2018, 3, 10, 16, 0), 'repair_delay': 0, 'OGI_sp_covered': 1}, {'leak_ID': 'ABRAND00913_0000000002', 'facility_ID': 'ABRAND00913', 'equipment_group': 3, 'rate': 0.07579918629875715, 'lat': 52.85, 'lon': -114.23, 'status': 'repaired', 'days_active': 73, 'days_active_prog_start': 0, 'tagged': True, 'component': 'unknown', 'date_began': datetime.datetime(2020, 4, 10, 0, 0), 'date_tagged': datetime.datetime(2020, 6, 6, 10, 30), 'tagged_by_company': 'OGI', 'tagged_by_crew': 2, 'init_detect_by': 'OGI', 'init_detect_date': datetime.datetime(2020, 6, 6, 10, 30), 'requires_shutdown': False, 'date_repaired': datetime.datetime(2020, 6, 22, 16, 0), 'repair_delay': 16, 'OGI_sp_covered': 1}, {'leak_ID': 'ABRAND00913_0000000003', 'facility_ID': 'ABRAND00913', 'equipment_group': 1, 'rate': 0.03824581908134537, 'lat': 52.85, 'lon': -114.23, 'status': 'repaired', 'days_active': 76, 'days_active_prog_start': 0, 'tagged': True, 'component': 'unknown', 'date_began': datetime.datetime(2020, 12, 9, 0, 0), 'date_tagged': datetime.datetime(2021, 2, 7, 10, 30), 'tagged_by_company': 'OGI', 'tagged_by_crew': 2, 'init_detect_by': 'OGI', 'init_detect_date': datetime.datetime(2021, 2, 7, 10, 30), 'requires_shutdown': False, 'date_repaired': datetime.datetime(2021, 2, 23, 16, 0), 'repair_delay': 16, 'OGI_sp_covered': 1}, {'leak_ID': 'ABRAND00913_0000000004', 'facility_ID': 'ABRAND00913', 'equipment_group': 2, 'rate': 0.006318889444338251, 'lat': 52.85, 'lon': -114.23, 'status': 'repaired', 'days_active': 120, 'days_active_prog_start': 0, 'tagged': True, 'component': 'unknown', 'date_began': datetime.datetime(2021, 5, 17, 0, 0), 'date_tagged': datetime.datetime(2021, 9, 14, 0, 0), 'tagged_by_company': 'natural', 'tagged_by_crew': 1, 'init_detect_by': 'natural', 'init_detect_date': datetime.datetime(2021, 9, 14, 0, 0), 'requires_shutdown': False, 'date_repaired': datetime.datetime(2021, 9, 14, 16, 0), 'repair_delay': 0, 'OGI_sp_covered': 1}, {'leak_ID': 'ABRAND00913_0000000005', 'facility_ID': 'ABRAND00913', 'equipment_group': 3, 'rate': 0.1393918736345248, 'lat': 52.85, 'lon': -114.23, 'status': 'repaired', 'days_active': 46, 'days_active_prog_start': 0, 'tagged': True, 'component': 'unknown', 'date_began': datetime.datetime(2021, 11, 4, 0, 0), 'date_tagged': datetime.datetime(2021, 12, 4, 10, 30), 'tagged_by_company': 'OGI', 'tagged_by_crew': 2, 'init_detect_by': 'OGI', 'init_detect_date': datetime.datetime(2021, 12, 4, 10, 30), 'requires_shutdown': False, 'date_repaired': datetime.datetime(2021, 12, 20, 16, 0), 'repair_delay': 16, 'OGI_sp_covered': 1}]",[],0,False,,,,2,4,27,30,False,6,5,0,6,0.0,1554.3708563596613,0.6753507014028056,0.9027403779950001,0.8517100582792665
ABRAND00712,601,52.95,-114.9,1,6,2,2,2,120,1,30,20,120,1,lognorm,0.062287158377333125,[1.462],"['kilogram', 'hour']",<scipy.stats._distn_infrastructure.rv_frozen object at 0x000002073C01D1C8>,0,7,60,1545.910775111885,[],"[{'leak_ID': 'ABRAND00712_0000000000', 'facility_ID': 'ABRAND00712', 'equipment_group': 1, 'rate': 0.09637066337185389, 'lat': 52.95, 'lon': -114.9, 'status': 'repaired', 'days_active': 103, 'days_active_prog_start': 0, 'tagged': True, 'component': 'unknown', 'date_began': datetime.datetime(2017, 1, 11, 0, 0), 'date_tagged': datetime.datetime(2017, 4, 8, 10, 30), 'tagged_by_company': 'OGI', 'tagged_by_crew': 3, 'init_detect_by': 'OGI', 'init_detect_date': datetime.datetime(2017, 4, 8, 10, 30), 'requires_shutdown': False, 'date_repaired': datetime.datetime(2017, 4, 24, 16, 0), 'repair_delay': 16, 'OGI_sp_covered': 1}, {'leak_ID': 'ABRAND00712_0000000001', 'facility_ID': 'ABRAND00712', 'equipment_group': 1, 'rate': 0.012458516764827786, 'lat': 52.95, 'lon': -114.9, 'status': 'repaired', 'days_active': 120, 'days_active_prog_start': 0, 'tagged': True, 'component': 'unknown', 'date_began': datetime.datetime(2017, 3, 5, 0, 0), 'date_tagged': datetime.datetime(2017, 7, 3, 0, 0), 'tagged_by_company': 'natural', 'tagged_by_crew': 1, 'init_detect_by': 'natural', 'init_detect_date': datetime.datetime(2017, 7, 3, 0, 0), 'requires_shutdown': False, 'date_repaired': datetime.datetime(2017, 7, 3, 16, 0), 'repair_delay': 0, 'OGI_sp_covered': 0}, {'leak_ID': 'ABRAND00712_0000000002', 'facility_ID': 'ABRAND00712', 'equipment_group': 1, 'rate': 0.0019481937744234368, 'lat': 52.95, 'lon': -114.9, 'status': 'repaired', 'days_active': 120, 'days_active_prog_start': 0, 'tagged': True, 'component': 'unknown', 'date_began': datetime.datetime(2017, 7, 21, 0, 0), 'date_tagged': datetime.datetime(2017, 11, 18, 0, 0), 'tagged_by_company': 'natural', 'tagged_by_crew': 1, 'init_detect_by': 'natural', 'init_detect_date': datetime.datetime(2017, 11, 18, 0, 0), 'requires_shutdown': False, 'date_repaired': datetime.datetime(2017, 11, 18, 16, 0), 'repair_delay': 0, 'OGI_sp_covered': 1}, {'leak_ID': 'ABRAND00712_0000000003', 'facility_ID': 'ABRAND00712', 'equipment_group': 1, 'rate': 0.0351178092104225, 'lat': 52.95, 'lon': -114.9, 'status': 'repaired', 'days_active': 120, 'days_active_prog_start': 0, 'tagged': True, 'component': 'unknown', 'date_began': datetime.datetime(2017, 12, 15, 0, 0), 'date_tagged': datetime.datetime(2018, 4, 14, 0, 0), 'tagged_by_company': 'natural', 'tagged_by_crew': 1, 'init_detect_by': 'natural', 'init_detect_date': datetime.datetime(2018, 4, 14, 0, 0), 'requires_shutdown': False, 'date_repaired': datetime.datetime(2018, 4, 14, 16, 0), 'repair_delay': 0, 'OGI_sp_covered': 1}, {'leak_ID': 'ABRAND00712_0000000004', 'facility_ID': 'ABRAND00712', 'equipment_group': 1, 'rate': 0.003860546033123823, 'lat': 52.95, 'lon': -114.9, 'status': 'repaired', 'days_active': 120, 'days_active_prog_start': 0, 'tagged': True, 'component': 'unknown', 'date_began': datetime.datetime(2019, 4, 21, 0, 0), 'date_tagged': datetime.datetime(2019, 8, 19, 0, 0), 'tagged_by_company': 'natural', 'tagged_by_crew': 1, 'init_detect_by': 'natural', 'init_detect_date': datetime.datetime(2019, 8, 19, 0, 0), 'requires_shutdown': False, 'date_repaired': datetime.datetime(2019, 8, 19, 16, 0), 'repair_delay': 0, 'OGI_sp_covered': 1}, {'leak_ID': 'ABRAND00712_0000000005', 'facility_ID': 'ABRAND00712', 'equipment_group': 1, 'rate': 0.0021410338966431574, 'lat': 52.95, 'lon': -114.9, 'status': 'repaired', 'days_active': 120, 'days_active_prog_start': 0, 'tagged': True, 'component': 'unknown', 'date_began': datetime.datetime(2020, 12, 27, 0, 0), 'date_tagged': datetime.datetime(2021, 4, 26, 0, 0), 'tagged_by_company': 'natural', 'tagged_by_crew': 1, 'init_detect_by': 'natural', 'init_detect_date': datetime.datetime(2021, 4, 26, 0, 0), 'requires_shutdown': False, 'date_repaired': datetime.datetime(2021, 4, 26, 16, 0), 'repair_delay': 0, 'OGI_sp_covered': 0}, {'leak_ID': 'ABRAND00712_0000000006', 'facility_ID': 'ABRAND00712', 'equipment_group': 1, 'rate': 0.010859796118503228, 'lat': 52.95, 'lon': -114.9, 'status': 'repaired', 'days_active': 120, 'days_active_prog_start': 0, 'tagged': True, 'component': 'unknown', 'date_began': datetime.datetime(2021, 2, 4, 0, 0), 'date_tagged': datetime.datetime(2021, 6, 4, 0, 0), 'tagged_by_company': 'natural', 'tagged_by_crew': 1, 'init_detect_by': 'natural', 'init_detect_date': datetime.datetime(2021, 6, 4, 0, 0), 'requires_shutdown': False, 'date_repaired': datetime.datetime(2021, 6, 4, 16, 0), 'repair_delay': 0, 'OGI_sp_covered': 1}]",[],0,False,,,,2,4,27,30,False,6,8,0,7,0.0,1545.910775111885,0.6773547094188377,0.9037471693894686,0.8470743973215809
ABRAND01011,601,55.66,-113.86,2,6,2,2,2,120,1,30,20,120,1,lognorm,0.062287158377333125,[1.462],"['kilogram', 'hour']",<scipy.stats._distn_infrastructure.rv_frozen object at 0x000002073C01D1C8>,0,5,60,1146.052934600987,[],"[{'leak_ID': 'ABRAND01011_0000000000', 'facility_ID': 'ABRAND01011', 'equipment_group': 2, 'rate': 0.21062533181845167, 'lat': 55.66, 'lon': -113.86, 'status': 'repaired', 'days_active': 40, 'days_active_prog_start': 0, 'tagged': True, 'component': 'unknown', 'date_began': datetime.datetime(2017, 5, 14, 0, 0), 'date_tagged': datetime.datetime(2017, 6, 7, 13, 0), 'tagged_by_company': 'OGI', 'tagged_by_crew': 1, 'init_detect_by': 'OGI', 'init_detect_date': datetime.datetime(2017, 6, 7, 13, 0), 'requires_shutdown': False, 'date_repaired': datetime.datetime(2017, 6, 23, 16, 0), 'repair_delay': 16, 'OGI_sp_covered': 1}, {'leak_ID': 'ABRAND01011_0000000001', 'facility_ID': 'ABRAND01011', 'equipment_group': 2, 'rate': 0.009566985369097197, 'lat': 55.66, 'lon': -113.86, 'status': 'repaired', 'days_active': 120, 'days_active_prog_start': 0, 'tagged': True, 'component': 'unknown', 'date_began': datetime.datetime(2017, 10, 28, 0, 0), 'date_tagged': datetime.datetime(2018, 2, 25, 0, 0), 'tagged_by_company': 'natural', 'tagged_by_crew': 1, 'init_detect_by': 'natural', 'init_detect_date': datetime.datetime(2018, 2, 25, 0, 0), 'requires_shutdown': False, 'date_repaired': datetime.datetime(2018, 2, 25, 16, 0), 'repair_delay': 0, 'OGI_sp_covered': 1}, {'leak_ID': 'ABRAND01011_0000000002', 'facility_ID': 'ABRAND01011', 'equipment_group': 1, 'rate': 0.0023939449497083396, 'lat': 55.66, 'lon': -113.86, 'status': 'repaired', 'days_active': 120, 'days_active_prog_start': 0, 'tagged': True, 'component': 'unknown', 'date_began': datetime.datetime(2019, 5, 22, 0, 0), 'date_tagged': datetime.datetime(2019, 9, 19, 0, 0), 'tagged_by_company': 'natural', 'tagged_by_crew': 1, 'init_detect_by': 'natural', 'init_detect_date': datetime.datetime(2019, 9, 19, 0, 0), 'requires_shutdown': False, 'date_repaired': datetime.datetime(2019, 9, 19, 16, 0), 'repair_delay': 0, 'OGI_sp_covered': 1}, {'leak_ID': 'ABRAND01011_0000000003', 'facility_ID': 'ABRAND01011', 'equipment_group': 2, 'rate': 0.019469609105994025, 'lat': 55.66, 'lon': -113.86, 'status': 'repaired', 'days_active': 120, 'days_active_prog_start': 0, 'tagged': True, 'component': 'unknown', 'date_began': datetime.datetime(2019, 11, 3, 0, 0), 'date_tagged': datetime.datetime(2020, 3, 2, 0, 0), 'tagged_by_company': 'natural', 'tagged_by_crew': 1, 'init_detect_by': 'natural', 'init_detect_date': datetime.datetime(2020, 3, 2, 0, 0), 'requires_shutdown': False, 'date_repaired': datetime.datetime(2020, 3, 2, 16, 0), 'repair_delay': 0, 'OGI_sp_covered': 1}, {'leak_ID': 'ABRAND01011_0000000004', 'facility_ID': 'ABRAND01011', 'equipment_group': 2, 'rate': 0.008898529618064834, 'lat': 55.66, 'lon': -113.86, 'status': 'repaired', 'days_active': 120, 'days_active_prog_start': 0, 'tagged': True, 'component': 'unknown', 'date_began': datetime.datetime(2020, 2, 20, 0, 0), 'date_tagged': datetime.datetime(2020, 6, 19, 0, 0), 'tagged_by_company': 'natural', 'tagged_by_crew': 1, 'init_detect_by': 'natural', 'init_detect_date': datetime.datetime(2020, 6, 19, 0, 0), 'requires_shutdown': False, 'date_repaired': datetime.datetime(2020, 6, 19, 16, 0), 'repair_delay': 0, 'OGI_sp_covered': 0}]",[],0,False,,,,1,4,27,30,False,6,7,0,5,0.0,1146.052934600987,0.6793587174348698,0.9047511231112245,0.6279742107402669
ABRAND00785,351,52.4,-114.55,5,6,2,2,2,120,1,30,20,120,1,lognorm,0.062287158377333125,[1.462],"['kilogram', 'hour']",<scipy.stats._distn_infrastructure.rv_frozen object at 0x000002073C01D1C8>,1,6,60,1073.73854193477,[],"[{'leak_ID': 'ABRAND00785_0000000001', 'facility_ID': 'ABRAND00785', 'equipment_group': 1, 'rate': 0.06316241329167495, 'lat': 52.4, 'lon': -114.55, 'status': 'repaired', 'days_active': 95, 'days_active_prog_start': 41, 'tagged': True, 'component': 'unknown', 'date_began': datetime.datetime(2016, 11, 21, 0, 0), 'date_tagged': datetime.datetime(2017, 2, 7, 13, 0), 'tagged_by_company': 'OGI', 'tagged_by_crew': 2, 'init_detect_by': 'OGI', 'init_detect_date': datetime.datetime(2017, 2, 7, 13, 0), 'requires_shutdown': False, 'date_repaired': datetime.datetime(2017, 2, 23, 16, 0), 'repair_delay': 16, 'OGI_sp_covered': 1}, {'leak_ID': 'ABRAND00785_0000000001', 'facility_ID': 'ABRAND00785', 'equipment_group': 2, 'rate': 0.01237871976486698, 'lat': 52.4, 'lon': -114.55, 'status': 'repaired', 'days_active': 120, 'days_active_prog_start': 0, 'tagged': True, 'component': 'unknown', 'date_began': datetime.datetime(2017, 1, 14, 0, 0), 'date_tagged': datetime.datetime(2017, 5, 14, 0, 0), 'tagged_by_company': 'natural', 'tagged_by_crew': 1, 'init_detect_by': 'natural', 'init_detect_date': datetime.datetime(2017, 5, 14, 0, 0), 'requires_shutdown': False, 'date_repaired': datetime.datetime(2017, 5, 14, 16, 0), 'repair_delay': 0, 'OGI_sp_covered': 1}, {'leak_ID': 'ABRAND00785_0000000002', 'facility_ID': 'ABRAND00785', 'equipment_group': 1, 'rate': 0.04260161142368343, 'lat': 52.4, 'lon': -114.55, 'status': 'repaired', 'days_active': 50, 'days_active_prog_start': 0, 'tagged': True, 'component': 'unknown', 'date_began': datetime.datetime(2018, 3, 5, 0, 0), 'date_tagged': datetime.datetime(2018, 4, 8, 13, 0), 'tagged_by_company': 'OGI', 'tagged_by_crew': 2, 'init_detect_by': 'OGI', 'init_detect_date': datetime.datetime(2018, 4, 8, 13, 0), 'requires_shutdown': False, 'date_repaired': datetime.datetime(2018, 4, 24, 16, 0), 'repair_delay': 16, 'OGI_sp_covered': 1}, {'leak_ID': 'ABRAND00785_0000000003', 'facility_ID': 'ABRAND00785', 'equipment_group': 2, 'rate': 0.020555251663758843, 'lat': 52.4, 'lon': -114.55, 'status': 'repaired', 'days_active': 120, 'days_active_prog_start': 0, 'tagged': True, 'component': 'unknown', 'date_began': datetime.datetime(2019, 4, 23, 0, 0), 'date_tagged': datetime.datetime(2019, 8, 21, 0, 0), 'tagged_by_company': 'natural', 'tagged_by_crew': 1, 'init_detect_by': 'natural', 'init_detect_date': datetime.datetime(2019, 8, 21, 0, 0), 'requires_shutdown': False, 'date_repaired': datetime.datetime(2019, 8, 21, 16, 0), 'repair_delay': 0, 'OGI_sp_covered': 1}, {'leak_ID': 'ABRAND00785_0000000004', 'facility_ID': 'ABRAND00785', 'equipment_group': 3, 'rate': 0.009305751962617742, 'lat': 52.4, 'lon': -114.55, 'status': 'repaired', 'days_active': 120, 'days_active_prog_start': 0, 'tagged': True, 'component': 'unknown', 'date_began': datetime.datetime(2019, 9, 15, 0, 0), 'date_tagged': datetime.datetime(2020, 1, 13, 0, 0), 'tagged_by_company': 'natural', 'tagged_by_crew': 1, 'init_detect_by': 'natural', 'init_detect_date': datetime.datetime(2020, 1, 13, 0, 0), 'requires_shutdown': False, 'date_repaired': datetime.datetime(2020, 1, 13, 16, 0), 'repair_delay': 0, 'OGI_sp_covered': 1}, {'leak_ID': 'ABRAND00785_0000000005', 'facility_ID': 'ABRAND00785', 'equipment_group': 2, 'rate': 0.04544779311643678, 'lat': 52.4, 'lon': -114.55, 'status': 'repaired', 'days_active': 40, 'days_active_prog_start': 0, 'tagged': True, 'component': 'unknown', 'date_began': datetime.datetime(2021, 9, 11, 0, 0), 'date_tagged': datetime.datetime(2021, 10, 5, 13, 0), 'tagged_by_company': 'OGI', 'tagged_by_crew': 2, 'init_detect_by': 'OGI', 'init_detect_date': datetime.datetime(2021, 10, 5, 13, 0), 'requires_shutdown': False, 'date_repaired': datetime.datetime(2021, 10, 21, 16, 0), 'repair_delay': 16, 'OGI_sp_covered': 1}]",[],1,False,,,,3,4,27,30,False,6,6,0,6,0.0,1073.73854193477,0.6813627254509018,0.9057506061389089,0.5883498859916547
ABRAND00027,351,55.24,-119.86,4,6,2,2,2,120,1,30,20,120,1,lognorm,0.062287158377333125,[1.462],"['kilogram', 'hour']",<scipy.stats._distn_infrastructure.rv_frozen object at 0x000002073C01D1C8>,0,10,60,1607.0718150138077,[],"[{'leak_ID': 'ABRAND00027_0000000000', 'facility_ID': 'ABRAND00027', 'equipment_group': 4, 'rate': 0.036548239308187624, 'lat': 55.24, 'lon': -119.86, 'status': 'repaired', 'days_active': 120, 'days_active_prog_start': 0, 'tagged': True, 'component': 'unknown', 'date_began': datetime.datetime(2017, 6, 23, 0, 0), 'date_tagged': datetime.datetime(2017, 10, 21, 0, 0), 'tagged_by_company': 'natural', 'tagged_by_crew': 1, 'init_detect_by': 'natural', 'init_detect_date': datetime.datetime(2017, 10, 21, 0, 0), 'requires_shutdown': False, 'date_repaired': datetime.datetime(2017, 10, 21, 16, 0), 'repair_delay': 0, 'OGI_sp_covered': 0}, {'leak_ID': 'ABRAND00027_0000000001', 'facility_ID': 'ABRAND00027', 'equipment_group': 3, 'rate': 0.00859015679349602, 'lat': 55.24, 'lon': -119.86, 'status': 'repaired', 'days_active': 120, 'days_active_prog_start': 0, 'tagged': True, 'component': 'unknown', 'date_began': datetime.datetime(2017, 9, 20, 0, 0), 'date_tagged': datetime.datetime(2018, 1, 18, 0, 0), 'tagged_by_company': 'natural', 'tagged_by_crew': 1, 'init_detect_by': 'natural', 'init_detect_date': datetime.datetime(2018, 1, 18, 0, 0), 'requires_shutdown': False, 'date_repaired': datetime.datetime(2018, 1, 18, 16, 0), 'repair_delay': 0, 'OGI_sp_covered': 1}, {'leak_ID': 'ABRAND00027_0000000002', 'facility_ID': 'ABRAND00027', 'equipment_group': 4, 'rate': 0.004373936766966217, 'lat': 55.24, 'lon': -119.86, 'status': 'repaired', 'days_active': 120, 'days_active_prog_start': 0, 'tagged': True, 'component': 'unknown', 'date_began': datetime.datetime(2018, 2, 20, 0, 0), 'date_tagged': datetime.datetime(2018, 6, 20, 0, 0), 'tagged_by_company': 'natural', 'tagged_by_crew': 1, 'init_detect_by': 'natural', 'init_detect_date': datetime.datetime(2018, 6, 20, 0, 0), 'requires_shutdown': False, 'date_repaired': datetime.datetime(2018, 6, 20, 16, 0), 'repair_delay': 0, 'OGI_sp_covered': 1}, {'leak_ID': 'ABRAND00027_0000000003', 'facility_ID': 'ABRAND00027', 'equipment_group': 2, 'rate': 0.09187691502455719, 'lat': 55.24, 'lon': -119.86, 'status': 'repaired', 'days_active': 30, 'days_active_prog_start': 0, 'tagged': True, 'component': 'unknown', 'date_began': datetime.datetime(2018, 5, 24, 0, 0), 'date_tagged': datetime.datetime(2018, 6, 7, 13, 0), 'tagged_by_company': 'OGI', 'tagged_by_crew': 3, 'init_detect_by': 'OGI', 'init_detect_date': datetime.datetime(2018, 6, 7, 13, 0), 'requires_shutdown': False, 'date_repaired': datetime.datetime(2018, 6, 23, 16, 0), 'repair_delay': 16, 'OGI_sp_covered': 1}, {'leak_ID': 'ABRAND00027_0000000004', 'facility_ID': 'ABRAND00027', 'equipment_group': 1, 'rate': 0.016635416737611125, 'lat': 55.24, 'lon': -119.86, 'status': 'repaired', 'days_active': 120, 'days_active_prog_start': 0, 'tagged': True, 'component': 'unknown', 'date_began': datetime.datetime(2018, 10, 31, 0, 0), 'date_tagged': datetime.datetime(2019, 2, 28, 0, 0), 'tagged_by_company': 'natural', 'tagged_by_crew': 1, 'init_detect_by': 'natural', 'init_detect_date': datetime.datetime(2019, 2, 28, 0, 0), 'requires_shutdown': False, 'date_repaired': datetime.datetime(2019, 2, 28, 0, 0), 'repair_delay': 0, 'OGI_sp_covered': 1}, {'leak_ID': 'ABRAND00027_0000000005', 'facility_ID': 'ABRAND00027', 'equipment_group': 2, 'rate': 0.0057895767242290945, 'lat': 55.24, 'lon': -119.86, 'status': 'repaired', 'days_active': 120, 'days_active_prog_start': 0, 'tagged': True, 'component': 'unknown', 'date_began': datetime.datetime(2019, 8, 17, 0, 0), 'date_tagged': datetime.datetime(2019, 12, 15, 0, 0), 'tagged_by_company': 'natural', 'tagged_by_crew': 1, 'init_detect_by': 'natural', 'init_detect_date': datetime.datetime(2019, 12, 15, 0, 0), 'requires_shutdown': False, 'date_repaired': datetime.datetime(2019, 12, 15, 16, 0), 'repair_delay': 0, 'OGI_sp_covered': 1}, {'leak_ID': 'ABRAND00027_0000000006', 'facility_ID': 'ABRAND00027', 'equipment_group': 4, 'rate': 0.005262467318940724, 'lat': 55.24, 'lon': -119.86, 'status': 'repaired', 'days_active': 120, 'days_active_prog_start': 0, 'tagged': True, 'component': 'unknown', 'date_began': datetime.datetime(2020, 6, 16, 0, 0), 'date_tagged': datetime.datetime(2020, 10, 14, 0, 0), 'tagged_by_company': 'natural', 'tagged_by_crew': 1, 'init_detect_by': 'natural', 'init_detect_date': datetime.datetime(2020, 10, 14, 0, 0), 'requires_shutdown': False, 'date_repaired': datetime.datetime(2020, 10, 14, 16, 0), 'repair_delay': 0, 'OGI_sp_covered': 1}, {'leak_ID': 'ABRAND00027_0000000007', 'facility_ID': 'ABRAND00027', 'equipment_group': 3, 'rate': 0.006506109027041903, 'lat': 55.24, 'lon': -119.86, 'status': 'repaired', 'days_active': 120, 'days_active_prog_start': 0, 'tagged': True, 'component': 'unknown', 'date_began': datetime.datetime(2020, 10, 11, 0, 0), 'date_tagged': datetime.datetime(2021, 2, 8, 0, 0), 'tagged_by_company': 'natural', 'tagged_by_crew': 1, 'init_detect_by': 'natural', 'init_detect_date': datetime.datetime(2021, 2, 8, 0, 0), 'requires_shutdown': False, 'date_repaired': datetime.datetime(2021, 2, 8, 16, 0), 'repair_delay': 0, 'OGI_sp_covered': 1}, {'leak_ID': 'ABRAND00027_0000000008', 'facility_ID': 'ABRAND00027', 'equipment_group': 1, 'rate': 0.017035006791100295, 'lat': 55.24, 'lon': -119.86, 'status': 'repaired', 'days_active': 120, 'days_active_prog_start': 0, 'tagged': True, 'component': 'unknown', 'date_began': datetime.datetime(2020, 12, 27, 0, 0), 'date_tagged': datetime.datetime(2021, 4, 26, 0, 0), 'tagged_by_company': 'natural', 'tagged_by_crew': 1, 'init_detect_by': 'natural', 'init_detect_date': datetime.datetime(2021, 4, 26, 0, 0), 'requires_shutdown': False, 'date_repaired': datetime.datetime(2021, 4, 26, 16, 0), 'repair_delay': 0, 'OGI_sp_covered': 1}, {'leak_ID': 'ABRAND00027_0000000009', 'facility_ID': 'ABRAND00027', 'equipment_group': 1, 'rate': 0.03129293035400834, 'lat': 55.24, 'lon': -119.86, 'status': 'repaired', 'days_active': 120, 'days_active_prog_start': 0, 'tagged': True, 'component': 'unknown', 'date_began': datetime.datetime(2021, 6, 2, 0, 0), 'date_tagged': datetime.datetime(2021, 9, 30, 0, 0), 'tagged_by_company': 'natural', 'tagged_by_crew': 1, 'init_detect_by': 'natural', 'init_detect_date': datetime.datetime(2021, 9, 30, 0, 0), 'requires_shutdown': False, 'date_repaired': datetime.datetime(2021, 9, 30, 16, 0), 'repair_delay': 0, 'OGI_sp_covered': 1}]",[],0,False,,,,2,4,27,30,False,6,16,0,10,0.0,1607.0718150138077,0.6833667334669339,0.9067424570033239,0.8805872958979768
ABRAND00460,311,53.36,-115.84,3,6,2,2,2,120,1,30,20,120,1,lognorm,0.062287158377333125,[1.462],"['kilogram', 'hour']",<scipy.stats._distn_infrastructure.rv_frozen object at 0x000002073C01D1C8>,0,6,60,1043.6028522009096,"[{'leak_ID': 'ABRAND00460_0000000005', 'facility_ID': 'ABRAND00460', 'equipment_group': 1, 'rate': 0.018891838880074403, 'lat': 53.36, 'lon': -115.84, 'status': 'active', 'days_active': 2, 'days_active_prog_start': 0, 'tagged': False, 'component': 'unknown', 'date_began': datetime.datetime(2021, 12, 28, 0, 0), 'date_tagged': None, 'tagged_by_company': None, 'tagged_by_crew': None, 'init_detect_by': None, 'init_detect_date': None, 'requires_shutdown': False, 'date_repaired': None, 'repair_delay': None}]","[{'leak_ID': 'ABRAND00460_0000000000', 'facility_ID': 'ABRAND00460', 'equipment_group': 1, 'rate': 0.048627507206132355, 'lat': 53.36, 'lon': -115.84, 'status': 'repaired', 'days_active': 72, 'days_active_prog_start': 0, 'tagged': True, 'component': 'unknown', 'date_began': datetime.datetime(2019, 12, 14, 0, 0), 'date_tagged': datetime.datetime(2020, 2, 8, 8, 0), 'tagged_by_company': 'OGI', 'tagged_by_crew': 1, 'init_detect_by': 'OGI', 'init_detect_date': datetime.datetime(2020, 2, 8, 8, 0), 'requires_shutdown': False, 'date_repaired': datetime.datetime(2020, 2, 24, 16, 0), 'repair_delay': 16, 'OGI_sp_covered': 1}, {'leak_ID': 'ABRAND00460_0000000001', 'facility_ID': 'ABRAND00460', 'equipment_group': 2, 'rate': 0.003963562676731276, 'lat': 53.36, 'lon': -115.84, 'status': 'repaired', 'days_active': 120, 'days_active_prog_start': 0, 'tagged': True, 'component': 'unknown', 'date_began': datetime.datetime(2020, 3, 29, 0, 0), 'date_tagged': datetime.datetime(2020, 7, 27, 0, 0), 'tagged_by_company': 'natural', 'tagged_by_crew': 1, 'init_detect_by': 'natural', 'init_detect_date': datetime.datetime(2020, 7, 27, 0, 0), 'requires_shutdown': False, 'date_repaired': datetime.datetime(2020, 7, 27, 16, 0), 'repair_delay': 0, 'OGI_sp_covered': 0}, {'leak_ID': 'ABRAND00460_0000000003', 'facility_ID': 'ABRAND00460', 'equipment_group': 3, 'rate': 0.058700696638844065, 'lat': 53.36, 'lon': -115.84, 'status': 'repaired', 'days_active': 48, 'days_active_prog_start': 0, 'tagged': True, 'component': 'unknown', 'date_began': datetime.datetime(2020, 11, 2, 0, 0), 'date_tagged': datetime.datetime(2020, 12, 4, 8, 0), 'tagged_by_company': 'OGI', 'tagged_by_crew': 1, 'init_detect_by': 'OGI', 'init_detect_date': datetime.datetime(2020, 12, 4, 8, 0), 'requires_shutdown': False, 'date_repaired': datetime.datetime(2020, 12, 20, 16, 0), 'repair_delay': 16, 'OGI_sp_covered': 1}, {'leak_ID': 'ABRAND00460_0000000002', 'facility_ID': 'ABRAND00460', 'equipment_group': 3, 'rate': 0.009149861198515895, 'lat': 53.36, 'lon': -115.84, 'status': 'repaired', 'days_active': 120, 'days_active_prog_start': 0, 'tagged': True, 'component': 'unknown', 'date_began': datetime.datetime(2020, 9, 23, 0, 0), 'date_tagged': datetime.datetime(2021, 1, 21, 0, 0), 'tagged_by_company': 'natural', 'tagged_by_crew': 1, 'init_detect_by': 'natural', 'init_detect_date': datetime.datetime(2021, 1, 21, 0, 0), 'requires_shutdown': False, 'date_repaired': datetime.datetime(2021, 1, 21, 16, 0), 'repair_delay': 0, 'OGI_sp_covered': 1}, {'leak_ID': 'ABRAND00460_0000000004', 'facility_ID': 'ABRAND00460', 'equipment_group': 1, 'rate': 0.034571068458270425, 'lat': 53.36, 'lon': -115.84, 'status': 'repaired', 'days_active': 120, 'days_active_prog_start': 0, 'tagged': True, 'component': 'unknown', 'date_began': datetime.datetime(2021, 4, 25, 0, 0), 'date_tagged': datetime.datetime(2021, 8, 23, 0, 0), 'tagged_by_company': 'natural', 'tagged_by_crew': 1, 'init_detect_by': 'natural', 'init_detect_date': datetime.datetime(2021, 8, 23, 0, 0), 'requires_shutdown': False, 'date_repaired': datetime.datetime(2021, 8, 23, 16, 0), 'repair_delay': 0, 'OGI_sp_covered': 1}]",[],0,False,,,,2,4,26,30,False,6,5,1,5,3.264509758476857,1040.3383424424328,0.685370741482966,0.9077221861551551,0.5718371792881697
ABRAND01060,601,56.07,-112.78,1,6,2,2,2,120,1,30,20,120,1,lognorm,0.062287158377333125,[1.462],"['kilogram', 'hour']",<scipy.stats._distn_infrastructure.rv_frozen object at 0x000002073C01D1C8>,0,6,60,874.818944442396,[],"[{'leak_ID': 'ABRAND01060_0000000000', 'facility_ID': 'ABRAND01060', 'equipment_group': 1, 'rate': 0.09033693611758917, 'lat': 56.07, 'lon': -112.78, 'status': 'repaired', 'days_active': 44, 'days_active_prog_start': 0, 'tagged': True, 'component': 'unknown', 'date_began': datetime.datetime(2018, 5, 11, 0, 0), 'date_tagged': datetime.datetime(2018, 6, 8, 8, 0), 'tagged_by_company': 'OGI', 'tagged_by_crew': 2, 'init_detect_by': 'OGI', 'init_detect_date': datetime.datetime(2018, 6, 8, 8, 0), 'requires_shutdown': False, 'date_repaired': datetime.datetime(2018, 6, 24, 16, 0), 'repair_delay': 16, 'OGI_sp_covered': 1}, {'leak_ID': 'ABRAND01060_0000000001', 'facility_ID': 'ABRAND01060', 'equipment_group': 1, 'rate': 0.00583513221921482, 'lat': 56.07, 'lon': -112.78, 'status': 'repaired', 'days_active': 120, 'days_active_prog_start': 0, 'tagged': True, 'component': 'unknown', 'date_began': datetime.datetime(2018, 6, 15, 0, 0), 'date_tagged': datetime.datetime(2018, 10, 13, 0, 0), 'tagged_by_company': 'natural', 'tagged_by_crew': 1, 'init_detect_by': 'natural', 'init_detect_date': datetime.datetime(2018, 10, 13, 0, 0), 'requires_shutdown': False, 'date_repaired': datetime.datetime(2018, 10, 13, 16, 0), 'repair_delay': 0, 'OGI_sp_covered': 1}, {'leak_ID': 'ABRAND01060_0000000002', 'facility_ID': 'ABRAND01060', 'equipment_group': 1, 'rate': 0.001368769084561619, 'lat': 56.07, 'lon': -112.78, 'status': 'repaired', 'days_active': 120, 'days_active_prog_start': 0, 'tagged': True, 'component': 'unknown', 'date_began': datetime.datetime(2020, 7, 20, 0, 0), 'date_tagged': datetime.datetime(2020, 11, 17, 0, 0), 'tagged_by_company': 'natural', 'tagged_by_crew': 1, 'init_detect_by': 'natural', 'init_detect_date': datetime.datetime(2020, 11, 17, 0, 0), 'requires_shutdown': False, 'date_repaired': datetime.datetime(2020, 11, 17, 16, 0), 'repair_delay': 0, 'OGI_sp_covered': 1}, {'leak_ID': 'ABRAND01060_0000000003', 'facility_ID': 'ABRAND01060', 'equipment_group': 1, 'rate': 0.0032969099886307044, 'lat': 56.07, 'lon': -112.78, 'status': 'repaired', 'days_active': 120, 'days_active_prog_start': 0, 'tagged': True, 'component': 'unknown', 'date_began': datetime.datetime(2020, 9, 2, 0, 0), 'date_tagged': datetime.datetime(2020, 12, 31, 0, 0), 'tagged_by_company': 'natural', 'tagged_by_crew': 1, 'init_detect_by': 'natural', 'init_detect_date': datetime.datetime(2020, 12, 31, 0, 0), 'requires_shutdown': False, 'date_repaired': datetime.datetime(2020, 12, 31, 0, 0), 'repair_delay': 0, 'OGI_sp_covered': 1}, {'leak_ID': 'ABRAND01060_0000000004', 'facility_ID': 'ABRAND01060', 'equipment_group': 1, 'rate': 0.020435338244820866, 'lat': 56.07, 'lon': -112.78, 'status': 'repaired', 'days_active': 120, 'days_active_prog_start': 0, 'tagged': True, 'component': 'unknown', 'date_began': datetime.datetime(2020, 11, 18, 0, 0), 'date_tagged': datetime.datetime(2021, 3, 18, 0, 0), 'tagged_by_company': 'natural', 'tagged_by_crew': 1, 'init_detect_by': 'natural', 'init_detect_date': datetime.datetime(2021, 3, 18, 0, 0), 'requires_shutdown': False, 'date_repaired': datetime.datetime(2021, 3, 18, 16, 0), 'repair_delay': 0, 'OGI_sp_covered': 1}, {'leak_ID': 'ABRAND01060_0000000005', 'facility_ID': 'ABRAND01060', 'equipment_group': 1, 'rate': 0.02031713442281915, 'lat': 56.07, 'lon': -112.78, 'status': 'repaired', 'days_active': 120, 'days_active_prog_start': 0, 'tagged': True, 'component': 'unknown', 'date_began': datetime.datetime(2021, 2, 4, 0, 0), 'date_tagged': datetime.datetime(2021, 6, 4, 0, 0), 'tagged_by_company': 'natural', 'tagged_by_crew': 1, 'init_detect_by': 'natural', 'init_detect_date': datetime.datetime(2021, 6, 4, 0, 0), 'requires_shutdown': False, 'date_repaired': datetime.datetime(2021, 6, 4, 16, 0), 'repair_delay': 0, 'OGI_sp_covered': 1}]",[],0,False,,,,1,4,26,30,False,6,8,0,6,0.0,874.818944442396,0.687374749498998,0.9086953572309264,0.479352846269806
ABRAND00187,621,54.65,-118.85,2,6,2,2,2,120,1,30,20,120,1,lognorm,0.062287158377333125,[1.462],"['kilogram', 'hour']",<scipy.stats._distn_infrastructure.rv_frozen object at 0x000002073C01D1C8>,1,4,60,1558.207366548375,[],"[{'leak_ID': 'ABRAND00187_0000000001', 'facility_ID': 'ABRAND00187', 'equipment_group': 1, 'rate': 0.1831699258771373, 'lat': 54.65, 'lon': -118.85, 'status': 'repaired', 'days_active': 120, 'days_active_prog_start': 99, 'tagged': True, 'component': 'unknown', 'date_began': datetime.datetime(2016, 9, 24, 0, 0), 'date_tagged': datetime.datetime(2017, 1, 21, 0, 0), 'tagged_by_company': 'natural', 'tagged_by_crew': 1, 'init_detect_by': 'natural', 'init_detect_date': datetime.datetime(2017, 1, 21, 0, 0), 'requires_shutdown': False, 'date_repaired': datetime.datetime(2017, 1, 21, 16, 0), 'repair_delay': 0}, {'leak_ID': 'ABRAND00187_0000000001', 'facility_ID': 'ABRAND00187', 'equipment_group': 1, 'rate': 0.14934710480444857, 'lat': 54.65, 'lon': -118.85, 'status': 'repaired', 'days_active': 56, 'days_active_prog_start': 0, 'tagged': True, 'component': 'unknown', 'date_began': datetime.datetime(2017, 8, 27, 0, 0), 'date_tagged': datetime.datetime(2017, 10, 6, 8, 0), 'tagged_by_company': 'OGI', 'tagged_by_crew': 3, 'init_detect_by': 'OGI', 'init_detect_date': datetime.datetime(2017, 10, 6, 8, 0), 'requires_shutdown': False, 'date_repaired': datetime.datetime(2017, 10, 22, 16, 0), 'repair_delay': 16, 'OGI_sp_covered': 1}, {'leak_ID': 'ABRAND00187_0000000002', 'facility_ID': 'ABRAND00187', 'equipment_group': 2, 'rate': 0.06544486850538156, 'lat': 54.65, 'lon': -118.85, 'status': 'repaired', 'days_active': 39, 'days_active_prog_start': 0, 'tagged': True, 'component': 'unknown', 'date_began': datetime.datetime(2018, 3, 17, 0, 0), 'date_tagged': datetime.datetime(2018, 4, 9, 8, 0), 'tagged_by_company': 'OGI', 'tagged_by_crew': 3, 'init_detect_by': 'OGI', 'init_detect_date': datetime.datetime(2018, 4, 9, 8, 0), 'requires_shutdown': False, 'date_repaired': datetime.datetime(2018, 4, 25, 16, 0), 'repair_delay': 16, 'OGI_sp_covered': 1}, {'leak_ID': 'ABRAND00187_0000000003', 'facility_ID': 'ABRAND00187', 'equipment_group': 1, 'rate': 0.027270427491832484, 'lat': 54.65, 'lon': -118.85, 'status': 'repaired', 'days_active': 120, 'days_active_prog_start': 0, 'tagged': True, 'component': 'unknown', 'date_began': datetime.datetime(2019, 9, 20, 0, 0), 'date_tagged': datetime.datetime(2020, 1, 18, 0, 0), 'tagged_by_company': 'natural', 'tagged_by_crew': 1, 'init_detect_by': 'natural', 'init_detect_date': datetime.datetime(2020, 1, 18, 0, 0), 'requires_shutdown': False, 'date_repaired': datetime.datetime(2020, 1, 18, 16, 0), 'repair_delay': 0, 'OGI_sp_covered': 1}]",[],1,False,,,,2,4,26,30,False,6,2,0,4,0.0,1558.207366548375,0.6893787575150301,0.9096580541431839,0.8538122556429452
ABRAND00106,311,55.2,-119.4,4,6,2,2,2,120,1,30,20,120,1,lognorm,0.062287158377333125,[1.462],"['kilogram', 'hour']",<scipy.stats._distn_infrastructure.rv_frozen object at 0x000002073C01D1C8>,0,7,60,963.581602908003,[],"[{'leak_ID': 'ABRAND00106_0000000000', 'facility_ID': 'ABRAND00106', 'equipment_group': 3, 'rate': 0.014655852989378555, 'lat': 55.2, 'lon': -119.4, 'status': 'repaired', 'days_active': 120, 'days_active_prog_start': 0, 'tagged': True, 'component': 'unknown', 'date_began': datetime.datetime(2017, 4, 16, 0, 0), 'date_tagged': datetime.datetime(2017, 8, 14, 0, 0), 'tagged_by_company': 'natural', 'tagged_by_crew': 1, 'init_detect_by': 'natural', 'init_detect_date': datetime.datetime(2017, 8, 14, 0, 0), 'requires_shutdown': False, 'date_repaired': datetime.datetime(2017, 8, 14, 16, 0), 'repair_delay': 0, 'OGI_sp_covered': 1}, {'leak_ID': 'ABRAND00106_0000000001', 'facility_ID': 'ABRAND00106', 'equipment_group': 1, 'rate': 0.006526405950889311, 'lat': 55.2, 'lon': -119.4, 'status': 'repaired', 'days_active': 120, 'days_active_prog_start': 0, 'tagged': True, 'component': 'unknown', 'date_began': datetime.datetime(2017, 11, 8, 0, 0), 'date_tagged': datetime.datetime(2018, 3, 8, 0, 0), 'tagged_by_company': 'natural', 'tagged_by_crew': 1, 'init_detect_by': 'natural', 'init_detect_date': datetime.datetime(2018, 3, 8, 0, 0), 'requires_shutdown': False, 'date_repaired': datetime.datetime(2018, 3, 8, 16, 0), 'repair_delay': 0, 'OGI_sp_covered': 1}, {'leak_ID': 'ABRAND00106_0000000002', 'facility_ID': 'ABRAND00106', 'equipment_group': 4, 'rate': 0.036316610729684624, 'lat': 55.2, 'lon': -119.4, 'status': 'repaired', 'days_active': 19, 'days_active_prog_start': 0, 'tagged': True, 'component': 'unknown', 'date_began': datetime.datetime(2018, 8, 4, 0, 0), 'date_tagged': datetime.datetime(2018, 8, 7, 10, 30), 'tagged_by_company': 'OGI', 'tagged_by_crew': 1, 'init_detect_by': 'OGI', 'init_detect_date': datetime.datetime(2018, 8, 7, 10, 30), 'requires_shutdown': False, 'date_repaired': datetime.datetime(2018, 8, 23, 16, 0), 'repair_delay': 16, 'OGI_sp_covered': 1}, {'leak_ID': 'ABRAND00106_0000000003', 'facility_ID': 'ABRAND00106', 'equipment_group': 4, 'rate': 0.011798263074699668, 'lat': 55.2, 'lon': -119.4, 'status': 'repaired', 'days_active': 120, 'days_active_prog_start': 0, 'tagged': True, 'component': 'unknown', 'date_began': datetime.datetime(2018, 10, 17, 0, 0), 'date_tagged': datetime.datetime(2019, 2, 14, 0, 0), 'tagged_by_company': 'natural', 'tagged_by_crew': 1, 'init_detect_by': 'natural', 'init_detect_date': datetime.datetime(2019, 2, 14, 0, 0), 'requires_shutdown': False, 'date_repaired': datetime.datetime(2019, 2, 14, 16, 0), 'repair_delay': 0, 'OGI_sp_covered': 1}, {'leak_ID': 'ABRAND00106_0000000004', 'facility_ID': 'ABRAND00106', 'equipment_group': 1, 'rate': 0.007555897460483548, 'lat': 55.2, 'lon': -119.4, 'status': 'repaired', 'days_active': 120, 'days_active_prog_start': 0, 'tagged': True, 'component': 'unknown', 'date_began': datetime.datetime(2020, 8, 21, 0, 0), 'date_tagged': datetime.datetime(2020, 12, 19, 0, 0), 'tagged_by_company': 'natural', 'tagged_by_crew': 1, 'init_detect_by': 'natural', 'init_detect_date': datetime.datetime(2020, 12, 19, 0, 0), 'requires_shutdown': False, 'date_repaired': datetime.datetime(2020, 12, 19, 16, 0), 'repair_delay': 0, 'OGI_sp_covered': 1}, {'leak_ID': 'ABRAND00106_0000000005', 'facility_ID': 'ABRAND00106', 'equipment_group': 3, 'rate': 0.03438939333956544, 'lat': 55.2, 'lon': -119.4, 'status': 'repaired', 'days_active': 120, 'days_active_prog_start': 0, 'tagged': True, 'component': 'unknown', 'date_began': datetime.datetime(2021, 3, 24, 0, 0), 'date_tagged': datetime.datetime(2021, 7, 22, 0, 0), 'tagged_by_company': 'natural', 'tagged_by_crew': 1, 'init_detect_by': 'natural', 'init_detect_date': datetime.datetime(2021, 7, 22, 0, 0), 'requires_shutdown': False, 'date_repaired': datetime.datetime(2021, 7, 22, 16, 0), 'repair_delay': 0, 'OGI_sp_covered': 1}, {'leak_ID': 'ABRAND00106_0000000006', 'facility_ID': 'ABRAND00106', 'equipment_group': 3, 'rate': 0.012262097556718874, 'lat': 55.2, 'lon': -119.4, 'status': 'repaired', 'days_active': 120, 'days_active_prog_start': 0, 'tagged': True, 'component': 'unknown', 'date_began': datetime.datetime(2021, 6, 28, 0, 0), 'date_tagged': datetime.datetime(2021, 10, 26, 0, 0), 'tagged_by_company': 'natural', 'tagged_by_crew': 1, 'init_detect_by': 'natural', 'init_detect_date': datetime.datetime(2021, 10, 26, 0, 0), 'requires_shutdown': False, 'date_repaired': datetime.datetime(2021, 10, 26, 0, 0), 'repair_delay': 0, 'OGI_sp_covered': 1}]",[],0,False,,,,2,4,26,30,False,6,11,0,7,0.0,963.581602908003,0.6913827655310621,0.9106176238807228,0.5279899194016455
ABRAND00666,361,52.88,-115.11,4,6,2,2,2,120,1,30,20,120,1,lognorm,0.062287158377333125,[1.462],"['kilogram', 'hour']",<scipy.stats._distn_infrastructure.rv_frozen object at 0x000002073C01D1C8>,0,6,60,1103.0840558482441,[],"[{'leak_ID': 'ABRAND00666_0000000000', 'facility_ID': 'ABRAND00666', 'equipment_group': 3, 'rate': 0.006368224487466705, 'lat': 52.88, 'lon': -115.11, 'status': 'repaired', 'days_active': 120, 'days_active_prog_start': 0, 'tagged': True, 'component': 'unknown', 'date_began': datetime.datetime(2018, 6, 13, 0, 0), 'date_tagged': datetime.datetime(2018, 10, 11, 0, 0), 'tagged_by_company': 'natural', 'tagged_by_crew': 1, 'init_detect_by': 'natural', 'init_detect_date': datetime.datetime(2018, 10, 11, 0, 0), 'requires_shutdown': False, 'date_repaired': datetime.datetime(2018, 10, 11, 16, 0), 'repair_delay': 0, 'OGI_sp_covered': 1}, {'leak_ID': 'ABRAND00666_0000000001', 'facility_ID': 'ABRAND00666', 'equipment_group': 1, 'rate': 0.0236682443480581, 'lat': 52.88, 'lon': -115.11, 'status': 'repaired', 'days_active': 120, 'days_active_prog_start': 0, 'tagged': True, 'component': 'unknown', 'date_began': datetime.datetime(2018, 11, 23, 0, 0), 'date_tagged': datetime.datetime(2019, 3, 23, 0, 0), 'tagged_by_company': 'natural', 'tagged_by_crew': 1, 'init_detect_by': 'natural', 'init_detect_date': datetime.datetime(2019, 3, 23, 0, 0), 'requires_shutdown': False, 'date_repaired': datetime.datetime(2019, 3, 23, 16, 0), 'repair_delay': 0, 'OGI_sp_covered': 1}, {'leak_ID': 'ABRAND00666_0000000002', 'facility_ID': 'ABRAND00666', 'equipment_group': 2, 'rate': 0.01421572757645184, 'lat': 52.88, 'lon': -115.11, 'status': 'repaired', 'days_active': 120, 'days_active_prog_start': 0, 'tagged': True, 'component': 'unknown', 'date_began': datetime.datetime(2018, 12, 11, 0, 0), 'date_tagged': datetime.datetime(2019, 4, 10, 0, 0), 'tagged_by_company': 'natural', 'tagged_by_crew': 1, 'init_detect_by': 'natural', 'init_detect_date': datetime.datetime(2019, 4, 10, 0, 0), 'requires_shutdown': False, 'date_repaired': datetime.datetime(2019, 4, 10, 16, 0), 'repair_delay': 0, 'OGI_sp_covered': 1}, {'leak_ID': 'ABRAND00666_0000000003', 'facility_ID': 'ABRAND00666', 'equipment_group': 4, 'rate': 0.003272170923538052, 'lat': 52.88, 'lon': -115.11, 'status': 'repaired', 'days_active': 120, 'days_active_prog_start': 0, 'tagged': True, 'component': 'unknown', 'date_began': datetime.datetime(2019, 10, 19, 0, 0), 'date_tagged': datetime.datetime(2020, 2, 16, 0, 0), 'tagged_by_company': 'natural', 'tagged_by_crew': 1, 'init_detect_by': 'natural', 'init_detect_date': datetime.datetime(2020, 2, 16, 0, 0), 'requires_shutdown': False, 'date_repaired': datetime.datetime(2020, 2, 16, 16, 0), 'repair_delay': 0, 'OGI_sp_covered': 1}, {'leak_ID': 'ABRAND00666_0000000004', 'facility_ID': 'ABRAND00666', 'equipment_group': 2, 'rate': 0.03430663868543552, 'lat': 52.88, 'lon': -115.11, 'status': 'repaired', 'days_active': 120, 'days_active_prog_start': 0, 'tagged': True, 'component': 'unknown', 'date_began': datetime.datetime(2020, 10, 20, 0, 0), 'date_tagged': datetime.datetime(2021, 2, 17, 0, 0), 'tagged_by_company': 'natural', 'tagged_by_crew': 1, 'init_detect_by': 'natural', 'init_detect_date': datetime.datetime(2021, 2, 17, 0, 0), 'requires_shutdown': False, 'date_repaired': datetime.datetime(2021, 2, 17, 16, 0), 'repair_delay': 0, 'OGI_sp_covered': 0}, {'leak_ID': 'ABRAND00666_0000000005', 'facility_ID': 'ABRAND00666', 'equipment_group': 4, 'rate': 0.02456213208169677, 'lat': 52.88, 'lon': -115.11, 'status': 'repaired', 'days_active': 120, 'days_active_prog_start': 0, 'tagged': True, 'component': 'unknown', 'date_began': datetime.datetime(2021, 3, 3, 0, 0), 'date_tagged': datetime.datetime(2021, 7, 1, 0, 0), 'tagged_by_company': 'natural', 'tagged_by_crew': 1, 'init_detect_by': 'natural', 'init_detect_date': datetime.datetime(2021, 7, 1, 0, 0), 'requires_shutdown': False, 'date_repaired': datetime.datetime(2021, 7, 1, 16, 0), 'repair_delay': 0, 'OGI_sp_covered': 1}]",[],0,False,,,,2,4,26,30,False,6,9,0,6,0.0,1103.0840558482441,0.6933867735470942,0.9115758801312241,0.6044296196428735
ABRAND00181,351,54.38,-118.89,3,6,2,2,2,120,1,30,20,120,1,lognorm,0.062287158377333125,[1.462],"['kilogram', 'hour']",<scipy.stats._distn_infrastructure.rv_frozen object at 0x000002073C01D1C8>,0,5,60,471.5726142328453,[],"[{'leak_ID': 'ABRAND00181_0000000000', 'facility_ID': 'ABRAND00181', 'equipment_group': 1, 'rate': 0.003333396258836251, 'lat': 54.38, 'lon': -118.89, 'status': 'repaired', 'days_active': 120, 'days_active_prog_start': 0, 'tagged': True, 'component': 'unknown', 'date_began': datetime.datetime(2017, 4, 2, 0, 0), 'date_tagged': datetime.datetime(2017, 7, 31, 0, 0), 'tagged_by_company': 'natural', 'tagged_by_crew': 1, 'init_detect_by': 'natural', 'init_detect_date': datetime.datetime(2017, 7, 31, 0, 0), 'requires_shutdown': False, 'date_repaired': datetime.datetime(2017, 7, 31, 16, 0), 'repair_delay': 0, 'OGI_sp_covered': 1}, {'leak_ID': 'ABRAND00181_0000000001', 'facility_ID': 'ABRAND00181', 'equipment_group': 3, 'rate': 0.00609297006118867, 'lat': 54.38, 'lon': -118.89, 'status': 'repaired', 'days_active': 120, 'days_active_prog_start': 0, 'tagged': True, 'component': 'unknown', 'date_began': datetime.datetime(2018, 4, 6, 0, 0), 'date_tagged': datetime.datetime(2018, 8, 4, 0, 0), 'tagged_by_company': 'natural', 'tagged_by_crew': 1, 'init_detect_by': 'natural', 'init_detect_date': datetime.datetime(2018, 8, 4, 0, 0), 'requires_shutdown': False, 'date_repaired': datetime.datetime(2018, 8, 4, 16, 0), 'repair_delay': 0, 'OGI_sp_covered': 1}, {'leak_ID': 'ABRAND00181_0000000002', 'facility_ID': 'ABRAND00181', 'equipment_group': 1, 'rate': 0.011796434301827903, 'lat': 54.38, 'lon': -118.89, 'status': 'repaired', 'days_active': 120, 'days_active_prog_start': 0, 'tagged': True, 'component': 'unknown', 'date_began': datetime.datetime(2021, 1, 19, 0, 0), 'date_tagged': datetime.datetime(2021, 5, 19, 0, 0), 'tagged_by_company': 'natural', 'tagged_by_crew': 1, 'init_detect_by': 'natural', 'init_detect_date': datetime.datetime(2021, 5, 19, 0, 0), 'requires_shutdown': False, 'date_repaired': datetime.datetime(2021, 5, 19, 16, 0), 'repair_delay': 0, 'OGI_sp_covered': 1}, {'leak_ID': 'ABRAND00181_0000000003', 'facility_ID': 'ABRAND00181', 'equipment_group': 3, 'rate': 0.06953100228640917, 'lat': 54.38, 'lon': -118.89, 'status': 'repaired', 'days_active': 41, 'days_active_prog_start': 0, 'tagged': True, 'component': 'unknown', 'date_began': datetime.datetime(2021, 5, 14, 0, 0), 'date_tagged': datetime.datetime(2021, 6, 8, 10, 30), 'tagged_by_company': 'OGI', 'tagged_by_crew': 3, 'init_detect_by': 'OGI', 'init_detect_date': datetime.datetime(2021, 6, 8, 10, 30), 'requires_shutdown': False, 'date_repaired': datetime.datetime(2021, 6, 24, 16, 0), 'repair_delay': 16, 'OGI_sp_covered': 1}, {'leak_ID': 'ABRAND00181_0000000004', 'facility_ID': 'ABRAND00181', 'equipment_group': 1, 'rate': 0.000504243333921619, 'lat': 54.38, 'lon': -118.89, 'status': 'repaired', 'days_active': 120, 'days_active_prog_start': 0, 'tagged': True, 'component': 'unknown', 'date_began': datetime.datetime(2021, 7, 8, 0, 0), 'date_tagged': datetime.datetime(2021, 11, 5, 0, 0), 'tagged_by_company': 'natural', 'tagged_by_crew': 1, 'init_detect_by': 'natural', 'init_detect_date': datetime.datetime(2021, 11, 5, 0, 0), 'requires_shutdown': False, 'date_repaired': datetime.datetime(2021, 11, 5, 16, 0), 'repair_delay': 0, 'OGI_sp_covered': 1}]",[],0,False,,,,2,4,26,30,False,6,8,0,5,0.0,471.5726142328453,0.6953907815631263,0.912533283786225,0.2583959530042988
ABRAND00114,601,55.12,-119.37,1,6,2,2,2,120,1,30,20,120,1,lognorm,0.062287158377333125,[1.462],"['kilogram', 'hour']",<scipy.stats._distn_infrastructure.rv_frozen object at 0x000002073C01D1C8>,0,6,60,2150.6555581772127,"[{'leak_ID': 'ABRAND00114_0000000005', 'facility_ID': 'ABRAND00114', 'equipment_group': 1, 'rate': 0.0017765368736008425, 'lat': 55.12, 'lon': -119.37, 'status': 'active', 'days_active': 114, 'days_active_prog_start': 0, 'tagged': False, 'component': 'unknown', 'date_began': datetime.datetime(2021, 9, 7, 0, 0), 'date_tagged': None, 'tagged_by_company': None, 'tagged_by_crew': None, 'init_detect_by': None, 'init_detect_date': None, 'requires_shutdown': False, 'date_repaired': None, 'repair_delay': None, 'OGI_sp_covered': 1}]","[{'leak_ID': 'ABRAND00114_0000000000', 'facility_ID': 'ABRAND00114', 'equipment_group': 1, 'rate': 0.004658765757127219, 'lat': 55.12, 'lon': -119.37, 'status': 'repaired', 'days_active': 120, 'days_active_prog_start': 0, 'tagged': True, 'component': 'unknown', 'date_began': datetime.datetime(2017, 12, 31, 0, 0), 'date_tagged': datetime.datetime(2018, 4, 30, 0, 0), 'tagged_by_company': 'natural', 'tagged_by_crew': 1, 'init_detect_by': 'natural', 'init_detect_date': datetime.datetime(2018, 4, 30, 0, 0), 'requires_shutdown': False, 'date_repaired': datetime.datetime(2018, 4, 30, 0, 0), 'repair_delay': 0, 'OGI_sp_covered': 0}, {'leak_ID': 'ABRAND00114_0000000001', 'facility_ID': 'ABRAND00114', 'equipment_group': 1, 'rate': 0.021851551052727423, 'lat': 55.12, 'lon': -119.37, 'status': 'repaired', 'days_active': 120, 'days_active_prog_start': 0, 'tagged': True, 'component': 'unknown', 'date_began': datetime.datetime(2018, 6, 11, 0, 0), 'date_tagged': datetime.datetime(2018, 10, 9, 0, 0), 'tagged_by_company': 'natural', 'tagged_by_crew': 1, 'init_detect_by': 'natural', 'init_detect_date': datetime.datetime(2018, 10, 9, 0, 0), 'requires_shutdown': False, 'date_repaired': datetime.datetime(2018, 10, 9, 16, 0), 'repair_delay': 0, 'OGI_sp_covered': 1}, {'leak_ID': 'ABRAND00114_0000000002', 'facility_ID': 'ABRAND00114', 'equipment_group': 1, 'rate': 0.02802951487268599, 'lat': 55.12, 'lon': -119.37, 'status': 'repaired', 'days_active': 120, 'days_active_prog_start': 0, 'tagged': True, 'component': 'unknown', 'date_began': datetime.datetime(2019, 10, 10, 0, 0), 'date_tagged': datetime.datetime(2020, 2, 7, 0, 0), 'tagged_by_company': 'natural', 'tagged_by_crew': 1, 'init_detect_by': 'natural', 'init_detect_date': datetime.datetime(2020, 2, 7, 0, 0), 'requires_shutdown': False, 'date_repaired': datetime.datetime(2020, 2, 7, 16, 0), 'repair_delay': 0, 'OGI_sp_covered': 1}, {'leak_ID': 'ABRAND00114_0000000003', 'facility_ID': 'ABRAND00114', 'equipment_group': 1, 'rate': 0.023900871794154087, 'lat': 55.12, 'lon': -119.37, 'status': 'repaired', 'days_active': 120, 'days_active_prog_start': 0, 'tagged': True, 'component': 'unknown', 'date_began': datetime.datetime(2020, 3, 25, 0, 0), 'date_tagged': datetime.datetime(2020, 7, 23, 0, 0), 'tagged_by_company': 'natural', 'tagged_by_crew': 1, 'init_detect_by': 'natural', 'init_detect_date': datetime.datetime(2020, 7, 23, 0, 0), 'requires_shutdown': False, 'date_repaired': datetime.datetime(2020, 7, 23, 16, 0), 'repair_delay': 0, 'OGI_sp_covered': 1}, {'leak_ID': 'ABRAND00114_0000000004', 'facility_ID': 'ABRAND00114', 'equipment_group': 1, 'rate': 0.1678729353556958, 'lat': 55.12, 'lon': -119.37, 'status': 'repaired', 'days_active': 91, 'days_active_prog_start': 0, 'tagged': True, 'component': 'unknown', 'date_began': datetime.datetime(2020, 9, 20, 0, 0), 'date_tagged': datetime.datetime(2020, 12, 4, 13, 0), 'tagged_by_company': 'OGI', 'tagged_by_crew': 1, 'init_detect_by': 'OGI', 'init_detect_date': datetime.datetime(2020, 12, 4, 13, 0), 'requires_shutdown': False, 'date_repaired': datetime.datetime(2020, 12, 20, 16, 0), 'repair_delay': 16, 'OGI_sp_covered': 1}]",[],0,False,,,,2,4,26,30,False,6,6,1,5,17.49817759021886,2133.157380586994,0.6973947895791583,0.9134900973960478,1.1784414017409384
ABRAND00775,311,51.97,-114.59,5,6,2,2,2,120,1,30,20,120,1,lognorm,0.062287158377333125,[1.462],"['kilogram', 'hour']",<scipy.stats._distn_infrastructure.rv_frozen object at 0x000002073C01D1C8>,1,9,60,4349.0803806397225,[],"[{'leak_ID': 'ABRAND00775_0000000001', 'facility_ID': 'ABRAND00775', 'equipment_group': 3, 'rate': 0.015096272106297857, 'lat': 51.97, 'lon': -114.59, 'status': 'repaired', 'days_active': 120, 'days_active_prog_start': 59, 'tagged': True, 'component': 'unknown', 'date_began': datetime.datetime(2016, 11, 3, 0, 0), 'date_tagged': datetime.datetime(2017, 3, 2, 0, 0), 'tagged_by_company': 'natural', 'tagged_by_crew': 1, 'init_detect_by': 'natural', 'init_detect_date': datetime.datetime(2017, 3, 2, 0, 0), 'requires_shutdown': False, 'date_repaired': datetime.datetime(2017, 3, 2, 16, 0), 'repair_delay': 0, 'OGI_sp_covered': 0}, {'leak_ID': 'ABRAND00775_0000000002', 'facility_ID': 'ABRAND00775', 'equipment_group': 3, 'rate': 0.15502831557390095, 'lat': 51.97, 'lon': -114.59, 'status': 'repaired', 'days_active': 36, 'days_active_prog_start': 0, 'tagged': True, 'component': 'unknown', 'date_began': datetime.datetime(2017, 7, 18, 0, 0), 'date_tagged': datetime.datetime(2017, 8, 7, 13, 0), 'tagged_by_company': 'OGI', 'tagged_by_crew': 2, 'init_detect_by': 'OGI', 'init_detect_date': datetime.datetime(2017, 8, 7, 13, 0), 'requires_shutdown': False, 'date_repaired': datetime.datetime(2017, 8, 23, 16, 0), 'repair_delay': 16, 'OGI_sp_covered': 1}, {'leak_ID': 'ABRAND00775_0000000001', 'facility_ID': 'ABRAND00775', 'equipment_group': 4, 'rate': 0.008996943948837963, 'lat': 51.97, 'lon': -114.59, 'status': 'repaired', 'days_active': 120, 'days_active_prog_start': 0, 'tagged': True, 'component': 'unknown', 'date_began': datetime.datetime(2017, 5, 14, 0, 0), 'date_tagged': datetime.datetime(2017, 9, 11, 0, 0), 'tagged_by_company': 'natural', 'tagged_by_crew': 1, 'init_detect_by': 'natural', 'init_detect_date': datetime.datetime(2017, 9, 11, 0, 0), 'requires_shutdown': False, 'date_repaired': datetime.datetime(2017, 9, 11, 16, 0), 'repair_delay': 0, 'OGI_sp_covered': 1}, {'leak_ID': 'ABRAND00775_0000000003', 'facility_ID': 'ABRAND00775', 'equipment_group': 1, 'rate': 0.0780101707934128, 'lat': 51.97, 'lon': -114.59, 'status': 'repaired', 'days_active': 75, 'days_active_prog_start': 0, 'tagged': True, 'component': 'unknown', 'date_began': datetime.datetime(2017, 8, 8, 0, 0), 'date_tagged': datetime.datetime(2017, 10, 6, 13, 0), 'tagged_by_company': 'OGI', 'tagged_by_crew': 2, 'init_detect_by': 'OGI', 'init_detect_date': datetime.datetime(2017, 10, 6, 13, 0), 'requires_shutdown': False, 'date_repaired': datetime.datetime(2017, 10, 22, 16, 0), 'repair_delay': 16, 'OGI_sp_covered': 1}, {'leak_ID': 'ABRAND00775_0000000004', 'facility_ID': 'ABRAND00775', 'equipment_group': 3, 'rate': 0.10742854210927795, 'lat': 51.97, 'lon': -114.59, 'status': 'repaired', 'days_active': 29, 'days_active_prog_start': 0, 'tagged': True, 'component': 'unknown', 'date_began': datetime.datetime(2018, 1, 26, 0, 0), 'date_tagged': datetime.datetime(2018, 2, 8, 13, 0), 'tagged_by_company': 'OGI', 'tagged_by_crew': 2, 'init_detect_by': 'OGI', 'init_detect_date': datetime.datetime(2018, 2, 8, 13, 0), 'requires_shutdown': False, 'date_repaired': datetime.datetime(2018, 2, 24, 16, 0), 'repair_delay': 16, 'OGI_sp_covered': 1}, {'leak_ID': 'ABRAND00775_0000000005', 'facility_ID': 'ABRAND00775', 'equipment_group': 4, 'rate': 0.010261892949635192, 'lat': 51.97, 'lon': -114.59, 'status': 'repaired', 'days_active': 120, 'days_active_prog_start': 0, 'tagged': True, 'component': 'unknown', 'date_began': datetime.datetime(2019, 10, 17, 0, 0), 'date_tagged': datetime.datetime(2020, 2, 14, 0, 0), 'tagged_by_company': 'natural', 'tagged_by_crew': 1, 'init_detect_by': 'natural', 'init_detect_date': datetime.datetime(2020, 2, 14, 0, 0), 'requires_shutdown': False, 'date_repaired': datetime.datetime(2020, 2, 14, 16, 0), 'repair_delay': 0, 'OGI_sp_covered': 1}, {'leak_ID': 'ABRAND00775_0000000006', 'facility_ID': 'ABRAND00775', 'equipment_group': 1, 'rate': 0.27270702303451255, 'lat': 51.97, 'lon': -114.59, 'status': 'repaired', 'days_active': 109, 'days_active_prog_start': 0, 'tagged': True, 'component': 'unknown', 'date_began': datetime.datetime(2020, 1, 6, 0, 0), 'date_tagged': datetime.datetime(2020, 4, 8, 13, 0), 'tagged_by_company': 'OGI', 'tagged_by_crew': 2, 'init_detect_by': 'OGI', 'init_detect_date': datetime.datetime(2020, 4, 8, 13, 0), 'requires_shutdown': False, 'date_repaired': datetime.datetime(2020, 4, 24, 16, 0), 'repair_delay': 16, 'OGI_sp_covered': 1}, {'leak_ID': 'ABRAND00775_0000000007', 'facility_ID': 'ABRAND00775', 'equipment_group': 2, 'rate': 0.012032103137611102, 'lat': 51.97, 'lon': -114.59, 'status': 'repaired', 'days_active': 120, 'days_active_prog_start': 0, 'tagged': True, 'component': 'unknown', 'date_began': datetime.datetime(2020, 4, 11, 0, 0), 'date_tagged': datetime.datetime(2020, 8, 9, 0, 0), 'tagged_by_company': 'natural', 'tagged_by_crew': 1, 'init_detect_by': 'natural', 'init_detect_date': datetime.datetime(2020, 8, 9, 0, 0), 'requires_shutdown': False, 'date_repaired': datetime.datetime(2020, 8, 9, 16, 0), 'repair_delay': 0, 'OGI_sp_covered': 0}, {'leak_ID': 'ABRAND00775_0000000008', 'facility_ID': 'ABRAND00775', 'equipment_group': 3, 'rate': 0.011570980622623487, 'lat': 51.97, 'lon': -114.59, 'status': 'repaired', 'days_active': 120, 'days_active_prog_start': 0, 'tagged': True, 'component': 'unknown', 'date_began': datetime.datetime(2021, 5, 24, 0, 0), 'date_tagged': datetime.datetime(2021, 9, 21, 0, 0), 'tagged_by_company': 'natural', 'tagged_by_crew': 1, 'init_detect_by': 'natural', 'init_detect_date': datetime.datetime(2021, 9, 21, 0, 0), 'requires_shutdown': False, 'date_repaired': datetime.datetime(2021, 9, 21, 16, 0), 'repair_delay': 0, 'OGI_sp_covered': 1}]",[],1,False,,,,3,4,26,30,False,6,6,0,9,0.0,4349.0803806397225,0.6993987975951904,0.9144396595895761,2.3830577428162862
ABRAND00960,322,52.22,-114.11,1,6,2,2,2,120,1,30,20,120,1,lognorm,0.062287158377333125,[1.462],"['kilogram', 'hour']",<scipy.stats._distn_infrastructure.rv_frozen object at 0x000002073C01D1C8>,2,6,60,1127.9319679168702,[],"[{'leak_ID': 'ABRAND00960_0000000001', 'facility_ID': 'ABRAND00960', 'equipment_group': 1, 'rate': 0.1197338983488209, 'lat': 52.22, 'lon': -114.11, 'status': 'repaired', 'days_active': 78, 'days_active_prog_start': 23, 'tagged': True, 'component': 'unknown', 'date_began': datetime.datetime(2016, 12, 9, 0, 0), 'date_tagged': datetime.datetime(2017, 2, 8, 13, 0), 'tagged_by_company': 'OGI', 'tagged_by_crew': 3, 'init_detect_by': 'OGI', 'init_detect_date': datetime.datetime(2017, 2, 8, 13, 0), 'requires_shutdown': False, 'date_repaired': datetime.datetime(2017, 2, 24, 16, 0), 'repair_delay': 16, 'OGI_sp_covered': 1}, {'leak_ID': 'ABRAND00960_0000000002', 'facility_ID': 'ABRAND00960', 'equipment_group': 1, 'rate': 0.030928363684692838, 'lat': 52.22, 'lon': -114.11, 'status': 'repaired', 'days_active': 120, 'days_active_prog_start': 4, 'tagged': True, 'component': 'unknown', 'date_began': datetime.datetime(2016, 12, 28, 0, 0), 'date_tagged': datetime.datetime(2017, 4, 26, 0, 0), 'tagged_by_company': 'natural', 'tagged_by_crew': 1, 'init_detect_by': 'natural', 'init_detect_date': datetime.datetime(2017, 4, 26, 0, 0), 'requires_shutdown': False, 'date_repaired': datetime.datetime(2017, 4, 26, 13, 30), 'repair_delay': 0, 'OGI_sp_covered': 0}, {'leak_ID': 'ABRAND00960_0000000002', 'facility_ID': 'ABRAND00960', 'equipment_group': 1, 'rate': 0.011797515374662568, 'lat': 52.22, 'lon': -114.11, 'status': 'repaired', 'days_active': 120, 'days_active_prog_start': 0, 'tagged': True, 'component': 'unknown', 'date_began': datetime.datetime(2017, 2, 4, 0, 0), 'date_tagged': datetime.datetime(2017, 6, 4, 0, 0), 'tagged_by_company': 'natural', 'tagged_by_crew': 1, 'init_detect_by': 'natural', 'init_detect_date': datetime.datetime(2017, 6, 4, 0, 0), 'requires_shutdown': False, 'date_repaired': datetime.datetime(2017, 6, 4, 16, 0), 'repair_delay': 0, 'OGI_sp_covered': 1}, {'leak_ID': 'ABRAND00960_0000000003', 'facility_ID': 'ABRAND00960', 'equipment_group': 1, 'rate': 0.008317065782608797, 'lat': 52.22, 'lon': -114.11, 'status': 'repaired', 'days_active': 120, 'days_active_prog_start': 0, 'tagged': True, 'component': 'unknown', 'date_began': datetime.datetime(2017, 7, 30, 0, 0), 'date_tagged': datetime.datetime(2017, 11, 27, 0, 0), 'tagged_by_company': 'natural', 'tagged_by_crew': 1, 'init_detect_by': 'natural', 'init_detect_date': datetime.datetime(2017, 11, 27, 0, 0), 'requires_shutdown': False, 'date_repaired': datetime.datetime(2017, 11, 27, 16, 0), 'repair_delay': 0, 'OGI_sp_covered': 1}, {'leak_ID': 'ABRAND00960_0000000004', 'facility_ID': 'ABRAND00960', 'equipment_group': 1, 'rate': 0.0019358395766756581, 'lat': 52.22, 'lon': -114.11, 'status': 'repaired', 'days_active': 120, 'days_active_prog_start': 0, 'tagged': True, 'component': 'unknown', 'date_began': datetime.datetime(2018, 6, 24, 0, 0), 'date_tagged': datetime.datetime(2018, 10, 22, 0, 0), 'tagged_by_company': 'natural', 'tagged_by_crew': 1, 'init_detect_by': 'natural', 'init_detect_date': datetime.datetime(2018, 10, 22, 0, 0), 'requires_shutdown': False, 'date_repaired': datetime.datetime(2018, 10, 22, 16, 0), 'repair_delay': 0, 'OGI_sp_covered': 0}, {'leak_ID': 'ABRAND00960_0000000005', 'facility_ID': 'ABRAND00960', 'equipment_group': 1, 'rate': 0.0019638588541903237, 'lat': 52.22, 'lon': -114.11, 'status': 'repaired', 'days_active': 120, 'days_active_prog_start': 0, 'tagged': True, 'component': 'unknown', 'date_began': datetime.datetime(2019, 5, 7, 0, 0), 'date_tagged': datetime.datetime(2019, 9, 4, 0, 0), 'tagged_by_company': 'natural', 'tagged_by_crew': 1, 'init_detect_by': 'natural', 'init_detect_date': datetime.datetime(2019, 9, 4, 0, 0), 'requires_shutdown': False, 'date_repaired': datetime.datetime(2019, 9, 4, 16, 0), 'repair_delay': 0, 'OGI_sp_covered': 1}]",[],2,False,,,,3,4,26,30,False,6,5,0,6,0.0,1127.9319679168702,0.7014028056112225,0.9153880987236949,0.6180449139270522
ABRAND00316,311,53.42,-116.33,3,6,2,2,2,120,1,30,20,120,1,lognorm,0.062287158377333125,[1.462],"['kilogram', 'hour']",<scipy.stats._distn_infrastructure.rv_frozen object at 0x000002073C01D1C8>,1,7,60,1587.8471146175084,[],"[{'leak_ID': 'ABRAND00316_0000000001', 'facility_ID': 'ABRAND00316', 'equipment_group': 1, 'rate': 0.03734939074977291, 'lat': 53.42, 'lon': -116.33, 'status': 'repaired', 'days_active': 54, 'days_active_prog_start': 0, 'tagged': True, 'component': 'unknown', 'date_began': datetime.datetime(2017, 1, 2, 0, 0), 'date_tagged': datetime.datetime(2017, 2, 9, 8, 0), 'tagged_by_company': 'OGI', 'tagged_by_crew': 1, 'init_detect_by': 'OGI', 'init_detect_date': datetime.datetime(2017, 2, 9, 8, 0), 'requires_shutdown': False, 'date_repaired': datetime.datetime(2017, 2, 25, 13, 30), 'repair_delay': 16, 'OGI_sp_covered': 1}, {'leak_ID': 'ABRAND00316_0000000001', 'facility_ID': 'ABRAND00316', 'equipment_group': 3, 'rate': 0.012155943570966766, 'lat': 53.42, 'lon': -116.33, 'status': 'repaired', 'days_active': 120, 'days_active_prog_start': 19, 'tagged': True, 'component': 'unknown', 'date_began': datetime.datetime(2016, 12, 13, 0, 0), 'date_tagged': datetime.datetime(2017, 4, 11, 0, 0), 'tagged_by_company': 'natural', 'tagged_by_crew': 1, 'init_detect_by': 'natural', 'init_detect_date': datetime.datetime(2017, 4, 11, 0, 0), 'requires_shutdown': False, 'date_repaired': datetime.datetime(2017, 4, 11, 16, 0), 'repair_delay': 0, 'OGI_sp_covered': 1}, {'leak_ID': 'ABRAND00316_0000000002', 'facility_ID': 'ABRAND00316', 'equipment_group': 1, 'rate': 0.034218478928925426, 'lat': 53.42, 'lon': -116.33, 'status': 'repaired', 'days_active': 120, 'days_active_prog_start': 0, 'tagged': True, 'component': 'unknown', 'date_began': datetime.datetime(2017, 11, 12, 0, 0), 'date_tagged': datetime.datetime(2018, 3, 12, 0, 0), 'tagged_by_company': 'natural', 'tagged_by_crew': 1, 'init_detect_by': 'natural', 'init_detect_date': datetime.datetime(2018, 3, 12, 0, 0), 'requires_shutdown': False, 'date_repaired': datetime.datetime(2018, 3, 12, 16, 0), 'repair_delay': 0, 'OGI_sp_covered': 1}, {'leak_ID': 'ABRAND00316_0000000003', 'facility_ID': 'ABRAND00316', 'equipment_group': 2, 'rate': 0.035890690066585414, 'lat': 53.42, 'lon': -116.33, 'status': 'repaired', 'days_active': 120, 'days_active_prog_start': 0, 'tagged': True, 'component': 'unknown', 'date_began': datetime.datetime(2018, 8, 9, 0, 0), 'date_tagged': datetime.datetime(2018, 12, 7, 0, 0), 'tagged_by_company': 'natural', 'tagged_by_crew': 1, 'init_detect_by': 'natural', 'init_detect_date': datetime.datetime(2018, 12, 7, 0, 0), 'requires_shutdown': False, 'date_repaired': datetime.datetime(2018, 12, 7, 16, 0), 'repair_delay': 0, 'OGI_sp_covered': 1}, {'leak_ID': 'ABRAND00316_0000000004', 'facility_ID': 'ABRAND00316', 'equipment_group': 1, 'rate': 0.02330978303870134, 'lat': 53.42, 'lon': -116.33, 'status': 'repaired', 'days_active': 120, 'days_active_prog_start': 0, 'tagged': True, 'component': 'unknown', 'date_began': datetime.datetime(2020, 2, 8, 0, 0), 'date_tagged': datetime.datetime(2020, 6, 7, 0, 0), 'tagged_by_company': 'natural', 'tagged_by_crew': 1, 'init_detect_by': 'natural', 'init_detect_date': datetime.datetime(2020, 6, 7, 0, 0), 'requires_shutdown': False, 'date_repaired': datetime.datetime(2020, 6, 7, 16, 0), 'repair_delay': 0, 'OGI_sp_covered': 1}, {'leak_ID': 'ABRAND00316_0000000005', 'facility_ID': 'ABRAND00316', 'equipment_group': 3, 'rate': 0.07341824276049723, 'lat': 53.42, 'lon': -116.33, 'status': 'repaired', 'days_active': 49, 'days_active_prog_start': 0, 'tagged': True, 'component': 'unknown', 'date_began': datetime.datetime(2021, 3, 8, 0, 0), 'date_tagged': datetime.datetime(2021, 4, 10, 8, 0), 'tagged_by_company': 'OGI', 'tagged_by_crew': 1, 'init_detect_by': 'OGI', 'init_detect_date': datetime.datetime(2021, 4, 10, 8, 0), 'requires_shutdown': False, 'date_repaired': datetime.datetime(2021, 4, 26, 16, 0), 'repair_delay': 16, 'OGI_sp_covered': 1}, {'leak_ID': 'ABRAND00316_0000000006', 'facility_ID': 'ABRAND00316', 'equipment_group': 3, 'rate': 0.0027122881863551967, 'lat': 53.42, 'lon': -116.33, 'status': 'repaired', 'days_active': 120, 'days_active_prog_start': 0, 'tagged': True, 'component': 'unknown', 'date_began': datetime.datetime(2021, 8, 31, 0, 0), 'date_tagged': datetime.datetime(2021, 12, 29, 0, 0), 'tagged_by_company': 'natural', 'tagged_by_crew': 1, 'init_detect_by': 'natural', 'init_detect_date': datetime.datetime(2021, 12, 29, 0, 0), 'requires_shutdown': False, 'date_repaired': datetime.datetime(2021, 12, 29, 0, 0), 'repair_delay': 0, 'OGI_sp_covered': 1}]",[],1,False,,,,2,4,25,30,False,6,9,0,7,0.0,1587.8471146175084,0.7034068136272545,0.9163359179424903,0.8700532134890457
ABRAND00070,601,55.14,-119.59,1,6,2,2,2,120,1,30,20,120,1,lognorm,0.062287158377333125,[1.462],"['kilogram', 'hour']",<scipy.stats._distn_infrastructure.rv_frozen object at 0x000002073C01D1C8>,0,7,60,2195.292098301068,[],"[{'leak_ID': 'ABRAND00070_0000000001', 'facility_ID': 'ABRAND00070', 'equipment_group': 1, 'rate': 0.12387393229654835, 'lat': 55.14, 'lon': -119.59, 'status': 'repaired', 'days_active': 43, 'days_active_prog_start': 0, 'tagged': True, 'component': 'unknown', 'date_began': datetime.datetime(2018, 5, 13, 0, 0), 'date_tagged': datetime.datetime(2018, 6, 9, 8, 0), 'tagged_by_company': 'OGI', 'tagged_by_crew': 2, 'init_detect_by': 'OGI', 'init_detect_date': datetime.datetime(2018, 6, 9, 8, 0), 'requires_shutdown': False, 'date_repaired': datetime.datetime(2018, 6, 25, 16, 0), 'repair_delay': 16, 'OGI_sp_covered': 1}, {'leak_ID': 'ABRAND00070_0000000000', 'facility_ID': 'ABRAND00070', 'equipment_group': 1, 'rate': 0.031639550879118, 'lat': 55.14, 'lon': -119.59, 'status': 'repaired', 'days_active': 120, 'days_active_prog_start': 0, 'tagged': True, 'component': 'unknown', 'date_began': datetime.datetime(2018, 5, 9, 0, 0), 'date_tagged': datetime.datetime(2018, 9, 6, 0, 0), 'tagged_by_company': 'natural', 'tagged_by_crew': 1, 'init_detect_by': 'natural', 'init_detect_date': datetime.datetime(2018, 9, 6, 0, 0), 'requires_shutdown': False, 'date_repaired': datetime.datetime(2018, 9, 6, 16, 0), 'repair_delay': 0, 'OGI_sp_covered': 1}, {'leak_ID': 'ABRAND00070_0000000002', 'facility_ID': 'ABRAND00070', 'equipment_group': 1, 'rate': 0.02716993884304082, 'lat': 55.14, 'lon': -119.59, 'status': 'repaired', 'days_active': 120, 'days_active_prog_start': 0, 'tagged': True, 'component': 'unknown', 'date_began': datetime.datetime(2018, 5, 14, 0, 0), 'date_tagged': datetime.datetime(2018, 9, 11, 0, 0), 'tagged_by_company': 'natural', 'tagged_by_crew': 1, 'init_detect_by': 'natural', 'init_detect_date': datetime.datetime(2018, 9, 11, 0, 0), 'requires_shutdown': False, 'date_repaired': datetime.datetime(2018, 9, 11, 16, 0), 'repair_delay': 0, 'OGI_sp_covered': 1}, {'leak_ID': 'ABRAND00070_0000000003', 'facility_ID': 'ABRAND00070', 'equipment_group': 1, 'rate': 0.01532843390602613, 'lat': 55.14, 'lon': -119.59, 'status': 'repaired', 'days_active': 120, 'days_active_prog_start': 0, 'tagged': True, 'component': 'unknown', 'date_began': datetime.datetime(2018, 8, 29, 0, 0), 'date_tagged': datetime.datetime(2018, 12, 27, 0, 0), 'tagged_by_company': 'natural', 'tagged_by_crew': 1, 'init_detect_by': 'natural', 'init_detect_date': datetime.datetime(2018, 12, 27, 0, 0), 'requires_shutdown': False, 'date_repaired': datetime.datetime(2018, 12, 27, 0, 0), 'repair_delay': 0, 'OGI_sp_covered': 1}, {'leak_ID': 'ABRAND00070_0000000004', 'facility_ID': 'ABRAND00070', 'equipment_group': 1, 'rate': 0.01643233307974883, 'lat': 55.14, 'lon': -119.59, 'status': 'repaired', 'days_active': 120, 'days_active_prog_start': 0, 'tagged': True, 'component': 'unknown', 'date_began': datetime.datetime(2019, 5, 28, 0, 0), 'date_tagged': datetime.datetime(2019, 9, 25, 0, 0), 'tagged_by_company': 'natural', 'tagged_by_crew': 1, 'init_detect_by': 'natural', 'init_detect_date': datetime.datetime(2019, 9, 25, 0, 0), 'requires_shutdown': False, 'date_repaired': datetime.datetime(2019, 9, 25, 16, 0), 'repair_delay': 0, 'OGI_sp_covered': 1}, {'leak_ID': 'ABRAND00070_0000000005', 'facility_ID': 'ABRAND00070', 'equipment_group': 1, 'rate': 0.07387953753616877, 'lat': 55.14, 'lon': -119.59, 'status': 'repaired', 'days_active': 81, 'days_active_prog_start': 0, 'tagged': True, 'component': 'unknown', 'date_began': datetime.datetime(2020, 8, 2, 0, 0), 'date_tagged': datetime.datetime(2020, 10, 6, 8, 0), 'tagged_by_company': 'OGI', 'tagged_by_crew': 2, 'init_detect_by': 'OGI', 'init_detect_date': datetime.datetime(2020, 10, 6, 8, 0), 'requires_shutdown': False, 'date_repaired': datetime.datetime(2020, 10, 22, 16, 0), 'repair_delay': 16, 'OGI_sp_covered': 1}, {'leak_ID': 'ABRAND00070_0000000006', 'facility_ID': 'ABRAND00070', 'equipment_group': 1, 'rate': 0.045481984870883965, 'lat': 55.14, 'lon': -119.59, 'status': 'repaired', 'days_active': 71, 'days_active_prog_start': 0, 'tagged': True, 'component': 'unknown', 'date_began': datetime.datetime(2020, 8, 12, 0, 0), 'date_tagged': datetime.datetime(2020, 10, 6, 8, 0), 'tagged_by_company': 'OGI', 'tagged_by_crew': 2, 'init_detect_by': 'OGI', 'init_detect_date': datetime.datetime(2020, 10, 6, 8, 0), 'requires_shutdown': False, 'date_repaired': datetime.datetime(2020, 10, 22, 16, 0), 'repair_delay': 16, 'OGI_sp_covered': 1}]",[],0,False,,,,2,4,25,30,False,6,7,0,7,0.0,2195.292098301068,0.7054108216432866,0.9172719923856633,1.2028997798909962
ABRAND00237,621,54.5,-118.48,1,6,2,2,2,120,1,30,20,120,1,lognorm,0.062287158377333125,[1.462],"['kilogram', 'hour']",<scipy.stats._distn_infrastructure.rv_frozen object at 0x000002073C01D1C8>,0,5,60,672.7036600719133,[],"[{'leak_ID': 'ABRAND00237_0000000000', 'facility_ID': 'ABRAND00237', 'equipment_group': 1, 'rate': 0.0027525203323727006, 'lat': 54.5, 'lon': -118.48, 'status': 'repaired', 'days_active': 120, 'days_active_prog_start': 0, 'tagged': True, 'component': 'unknown', 'date_began': datetime.datetime(2017, 4, 22, 0, 0), 'date_tagged': datetime.datetime(2017, 8, 20, 0, 0), 'tagged_by_company': 'natural', 'tagged_by_crew': 1, 'init_detect_by': 'natural', 'init_detect_date': datetime.datetime(2017, 8, 20, 0, 0), 'requires_shutdown': False, 'date_repaired': datetime.datetime(2017, 8, 20, 16, 0), 'repair_delay': 0, 'OGI_sp_covered': 1}, {'leak_ID': 'ABRAND00237_0000000001', 'facility_ID': 'ABRAND00237', 'equipment_group': 1, 'rate': 0.10726417788894743, 'lat': 54.5, 'lon': -118.48, 'status': 'repaired', 'days_active': 57, 'days_active_prog_start': 0, 'tagged': True, 'component': 'unknown', 'date_began': datetime.datetime(2017, 8, 27, 0, 0), 'date_tagged': datetime.datetime(2017, 10, 7, 8, 0), 'tagged_by_company': 'OGI', 'tagged_by_crew': 3, 'init_detect_by': 'OGI', 'init_detect_date': datetime.datetime(2017, 10, 7, 8, 0), 'requires_shutdown': False, 'date_repaired': datetime.datetime(2017, 10, 23, 13, 30), 'repair_delay': 16, 'OGI_sp_covered': 1}, {'leak_ID': 'ABRAND00237_0000000002', 'facility_ID': 'ABRAND00237', 'equipment_group': 1, 'rate': 0.001596285952157025, 'lat': 54.5, 'lon': -118.48, 'status': 'repaired', 'days_active': 120, 'days_active_prog_start': 0, 'tagged': True, 'component': 'unknown', 'date_began': datetime.datetime(2017, 12, 13, 0, 0), 'date_tagged': datetime.datetime(2018, 4, 12, 0, 0), 'tagged_by_company': 'natural', 'tagged_by_crew': 1, 'init_detect_by': 'natural', 'init_detect_date': datetime.datetime(2018, 4, 12, 0, 0), 'requires_shutdown': False, 'date_repaired': datetime.datetime(2018, 4, 12, 16, 0), 'repair_delay': 0, 'OGI_sp_covered': 1}, {'leak_ID': 'ABRAND00237_0000000003', 'facility_ID': 'ABRAND00237', 'equipment_group': 1, 'rate': 0.0036777592982564036, 'lat': 54.5, 'lon': -118.48, 'status': 'repaired', 'days_active': 120, 'days_active_prog_start': 0, 'tagged': True, 'component': 'unknown', 'date_began': datetime.datetime(2018, 10, 22, 0, 0), 'date_tagged': datetime.datetime(2019, 2, 19, 0, 0), 'tagged_by_company': 'natural', 'tagged_by_crew': 1, 'init_detect_by': 'natural', 'init_detect_date': datetime.datetime(2019, 2, 19, 0, 0), 'requires_shutdown': False, 'date_repaired': datetime.datetime(2019, 2, 19, 16, 0), 'repair_delay': 0, 'OGI_sp_covered': 1}, {'leak_ID': 'ABRAND00237_0000000004', 'facility_ID': 'ABRAND00237', 'equipment_group': 1, 'rate': 0.04429224887304574, 'lat': 54.5, 'lon': -118.48, 'status': 'repaired', 'days_active': 16, 'days_active_prog_start': 0, 'tagged': True, 'component': 'unknown', 'date_began': datetime.datetime(2021, 4, 10, 0, 0), 'date_tagged': datetime.datetime(2021, 4, 10, 8, 0), 'tagged_by_company': 'OGI', 'tagged_by_crew': 3, 'init_detect_by': 'OGI', 'init_detect_date': datetime.datetime(2021, 4, 10, 8, 0), 'requires_shutdown': False, 'date_repaired': datetime.datetime(2021, 4, 26, 16, 0), 'repair_delay': 16, 'OGI_sp_covered': 1}]",[],0,False,,,,2,4,25,30,False,6,6,0,5,0.0,672.7036600719133,0.7074148296593187,0.9182043863009567,0.368604745244884
ABRAND00618,361,53.09,-115.27,2,6,2,2,2,120,1,30,20,120,1,lognorm,0.062287158377333125,[1.462],"['kilogram', 'hour']",<scipy.stats._distn_infrastructure.rv_frozen object at 0x000002073C01D1C8>,0,3,60,897.9476383842953,[],"[{'leak_ID': 'ABRAND00618_0000000000', 'facility_ID': 'ABRAND00618', 'equipment_group': 1, 'rate': 0.008250192541289893, 'lat': 53.09, 'lon': -115.27, 'status': 'repaired', 'days_active': 120, 'days_active_prog_start': 0, 'tagged': True, 'component': 'unknown', 'date_began': datetime.datetime(2018, 9, 30, 0, 0), 'date_tagged': datetime.datetime(2019, 1, 28, 0, 0), 'tagged_by_company': 'natural', 'tagged_by_crew': 1, 'init_detect_by': 'natural', 'init_detect_date': datetime.datetime(2019, 1, 28, 0, 0), 'requires_shutdown': False, 'date_repaired': datetime.datetime(2019, 1, 28, 16, 0), 'repair_delay': 0, 'OGI_sp_covered': 1}, {'leak_ID': 'ABRAND00618_0000000001', 'facility_ID': 'ABRAND00618', 'equipment_group': 1, 'rate': 0.06031479337256712, 'lat': 53.09, 'lon': -115.27, 'status': 'repaired', 'days_active': 88, 'days_active_prog_start': 0, 'tagged': True, 'component': 'unknown', 'date_began': datetime.datetime(2019, 11, 29, 0, 0), 'date_tagged': datetime.datetime(2020, 2, 9, 10, 30), 'tagged_by_company': 'OGI', 'tagged_by_crew': 1, 'init_detect_by': 'OGI', 'init_detect_date': datetime.datetime(2020, 2, 9, 10, 30), 'requires_shutdown': False, 'date_repaired': datetime.datetime(2020, 2, 25, 16, 0), 'repair_delay': 16, 'OGI_sp_covered': 1}, {'leak_ID': 'ABRAND00618_0000000002', 'facility_ID': 'ABRAND00618', 'equipment_group': 2, 'rate': 0.083575256317531, 'lat': 53.09, 'lon': -115.27, 'status': 'repaired', 'days_active': 49, 'days_active_prog_start': 0, 'tagged': True, 'component': 'unknown', 'date_began': datetime.datetime(2020, 9, 3, 0, 0), 'date_tagged': datetime.datetime(2020, 10, 6, 10, 30), 'tagged_by_company': 'OGI', 'tagged_by_crew': 1, 'init_detect_by': 'OGI', 'init_detect_date': datetime.datetime(2020, 10, 6, 10, 30), 'requires_shutdown': False, 'date_repaired': datetime.datetime(2020, 10, 22, 16, 0), 'repair_delay': 16, 'OGI_sp_covered': 1}]",[],0,False,,,,2,4,25,30,False,6,2,0,3,0.0,897.9476383842953,0.7094188376753507,0.9191287257863942,0.49202610322427137
ABRAND00781,601,52.53,-114.56,2,6,2,2,2,120,1,30,20,120,1,lognorm,0.062287158377333125,[1.462],"['kilogram', 'hour']",<scipy.stats._distn_infrastructure.rv_frozen object at 0x000002073C01D1C8>,2,9,60,1470.184539168045,[],"[{'leak_ID': 'ABRAND00781_0000000001', 'facility_ID': 'ABRAND00781', 'equipment_group': 2, 'rate': 0.014472484032941582, 'lat': 52.53, 'lon': -114.56, 'status': 'repaired', 'days_active': 120, 'days_active_prog_start': 107, 'tagged': True, 'component': 'unknown', 'date_began': datetime.datetime(2016, 9, 16, 0, 0), 'date_tagged': datetime.datetime(2017, 1, 13, 0, 0), 'tagged_by_company': 'natural', 'tagged_by_crew': 1, 'init_detect_by': 'natural', 'init_detect_date': datetime.datetime(2017, 1, 13, 0, 0), 'requires_shutdown': False, 'date_repaired': datetime.datetime(2017, 1, 13, 16, 0), 'repair_delay': 0}, {'leak_ID': 'ABRAND00781_0000000002', 'facility_ID': 'ABRAND00781', 'equipment_group': 1, 'rate': 0.025544635776467345, 'lat': 52.53, 'lon': -114.56, 'status': 'repaired', 'days_active': 120, 'days_active_prog_start': 28, 'tagged': True, 'component': 'unknown', 'date_began': datetime.datetime(2016, 12, 4, 0, 0), 'date_tagged': datetime.datetime(2017, 4, 2, 0, 0), 'tagged_by_company': 'natural', 'tagged_by_crew': 1, 'init_detect_by': 'natural', 'init_detect_date': datetime.datetime(2017, 4, 2, 0, 0), 'requires_shutdown': False, 'date_repaired': datetime.datetime(2017, 4, 2, 16, 0), 'repair_delay': 0, 'OGI_sp_covered': 1}, {'leak_ID': 'ABRAND00781_0000000002', 'facility_ID': 'ABRAND00781', 'equipment_group': 2, 'rate': 0.04193248452124858, 'lat': 52.53, 'lon': -114.56, 'status': 'repaired', 'days_active': 73, 'days_active_prog_start': 0, 'tagged': True, 'component': 'unknown', 'date_began': datetime.datetime(2018, 8, 11, 0, 0), 'date_tagged': datetime.datetime(2018, 10, 7, 10, 30), 'tagged_by_company': 'OGI', 'tagged_by_crew': 2, 'init_detect_by': 'OGI', 'init_detect_date': datetime.datetime(2018, 10, 7, 10, 30), 'requires_shutdown': False, 'date_repaired': datetime.datetime(2018, 10, 23, 16, 0), 'repair_delay': 16, 'OGI_sp_covered': 1}, {'leak_ID': 'ABRAND00781_0000000003', 'facility_ID': 'ABRAND00781', 'equipment_group': 2, 'rate': 0.0965631034377481, 'lat': 52.53, 'lon': -114.56, 'status': 'repaired', 'days_active': 67, 'days_active_prog_start': 0, 'tagged': True, 'component': 'unknown', 'date_began': datetime.datetime(2018, 10, 16, 0, 0), 'date_tagged': datetime.datetime(2018, 12, 6, 10, 30), 'tagged_by_company': 'OGI', 'tagged_by_crew': 2, 'init_detect_by': 'OGI', 'init_detect_date': datetime.datetime(2018, 12, 6, 10, 30), 'requires_shutdown': False, 'date_repaired': datetime.datetime(2018, 12, 22, 16, 0), 'repair_delay': 16, 'OGI_sp_covered': 1}, {'leak_ID': 'ABRAND00781_0000000004', 'facility_ID': 'ABRAND00781', 'equipment_group': 1, 'rate': 0.001179365231554704, 'lat': 52.53, 'lon': -114.56, 'status': 'repaired', 'days_active': 120, 'days_active_prog_start': 0, 'tagged': True, 'component': 'unknown', 'date_began': datetime.datetime(2019, 5, 18, 0, 0), 'date_tagged': datetime.datetime(2019, 9, 15, 0, 0), 'tagged_by_company': 'natural', 'tagged_by_crew': 1, 'init_detect_by': 'natural', 'init_detect_date': datetime.datetime(2019, 9, 15, 0, 0), 'requires_shutdown': False, 'date_repaired': datetime.datetime(2019, 9, 15, 16, 0), 'repair_delay': 0, 'OGI_sp_covered': 1}, {'leak_ID': 'ABRAND00781_0000000005', 'facility_ID': 'ABRAND00781', 'equipment_group': 2, 'rate': 0.0055142238685796695, 'lat': 52.53, 'lon': -114.56, 'status': 'repaired', 'days_active': 120, 'days_active_prog_start': 0, 'tagged': True, 'component': 'unknown', 'date_began': datetime.datetime(2020, 10, 6, 0, 0), 'date_tagged': datetime.datetime(2021, 2, 3, 0, 0), 'tagged_by_company': 'natural', 'tagged_by_crew': 1, 'init_detect_by': 'natural', 'init_detect_date': datetime.datetime(2021, 2, 3, 0, 0), 'requires_shutdown': False, 'date_repaired': datetime.datetime(2021, 2, 3, 16, 0), 'repair_delay': 0, 'OGI_sp_covered': 1}, {'leak_ID': 'ABRAND00781_0000000006', 'facility_ID': 'ABRAND00781', 'equipment_group': 2, 'rate': 0.025567659691174912, 'lat': 52.53, 'lon': -114.56, 'status': 'repaired', 'days_active': 120, 'days_active_prog_start': 0, 'tagged': True, 'component': 'unknown', 'date_began': datetime.datetime(2021, 2, 10, 0, 0), 'date_tagged': datetime.datetime(2021, 6, 10, 0, 0), 'tagged_by_company': 'natural', 'tagged_by_crew': 1, 'init_detect_by': 'natural', 'init_detect_date': datetime.datetime(2021, 6, 10, 0, 0), 'requires_shutdown': False, 'date_repaired': datetime.datetime(2021, 6, 10, 16, 0), 'repair_delay': 0, 'OGI_sp_covered': 1}, {'leak_ID': 'ABRAND00781_0000000007', 'facility_ID': 'ABRAND00781', 'equipment_group': 2, 'rate': 0.0067532589046971495, 'lat': 52.53, 'lon': -114.56, 'status': 'repaired', 'days_active': 120, 'days_active_prog_start': 0, 'tagged': True, 'component': 'unknown', 'date_began': datetime.datetime(2021, 4, 22, 0, 0), 'date_tagged': datetime.datetime(2021, 8, 20, 0, 0), 'tagged_by_company': 'natural', 'tagged_by_crew': 1, 'init_detect_by': 'natural', 'init_detect_date': datetime.datetime(2021, 8, 20, 0, 0), 'requires_shutdown': False, 'date_repaired': datetime.datetime(2021, 8, 20, 16, 0), 'repair_delay': 0, 'OGI_sp_covered': 1}, {'leak_ID': 'ABRAND00781_0000000008', 'facility_ID': 'ABRAND00781', 'equipment_group': 1, 'rate': 0.002210297926042748, 'lat': 52.53, 'lon': -114.56, 'status': 'repaired', 'days_active': 120, 'days_active_prog_start': 0, 'tagged': True, 'component': 'unknown', 'date_began': datetime.datetime(2021, 8, 25, 0, 0), 'date_tagged': datetime.datetime(2021, 12, 23, 0, 0), 'tagged_by_company': 'natural', 'tagged_by_crew': 1, 'init_detect_by': 'natural', 'init_detect_date': datetime.datetime(2021, 12, 23, 0, 0), 'requires_shutdown': False, 'date_repaired': datetime.datetime(2021, 12, 23, 13, 30), 'repair_delay': 0, 'OGI_sp_covered': 1}]",[],2,False,,,,3,4,25,30,False,6,10,0,9,0.0,1470.184539168045,0.7114228456913828,0.9200439594560402,0.805580569407148
ABRAND00360,601,52.99,-116.12,3,6,2,2,2,120,1,30,20,120,1,lognorm,0.062287158377333125,[1.462],"['kilogram', 'hour']",<scipy.stats._distn_infrastructure.rv_frozen object at 0x000002073C01D1C8>,0,6,60,3142.922670060524,[],"[{'leak_ID': 'ABRAND00360_0000000000', 'facility_ID': 'ABRAND00360', 'equipment_group': 3, 'rate': 0.0028142294549083234, 'lat': 52.99, 'lon': -116.12, 'status': 'repaired', 'days_active': 120, 'days_active_prog_start': 0, 'tagged': True, 'component': 'unknown', 'date_began': datetime.datetime(2019, 8, 3, 0, 0), 'date_tagged': datetime.datetime(2019, 12, 1, 0, 0), 'tagged_by_company': 'natural', 'tagged_by_crew': 1, 'init_detect_by': 'natural', 'init_detect_date': datetime.datetime(2019, 12, 1, 0, 0), 'requires_shutdown': False, 'date_repaired': datetime.datetime(2019, 12, 1, 16, 0), 'repair_delay': 0, 'OGI_sp_covered': 1}, {'leak_ID': 'ABRAND00360_0000000001', 'facility_ID': 'ABRAND00360', 'equipment_group': 2, 'rate': 0.02421861819050344, 'lat': 52.99, 'lon': -116.12, 'status': 'repaired', 'days_active': 120, 'days_active_prog_start': 0, 'tagged': True, 'component': 'unknown', 'date_began': datetime.datetime(2019, 10, 12, 0, 0), 'date_tagged': datetime.datetime(2020, 2, 9, 0, 0), 'tagged_by_company': 'natural', 'tagged_by_crew': 1, 'init_detect_by': 'natural', 'init_detect_date': datetime.datetime(2020, 2, 9, 0, 0), 'requires_shutdown': False, 'date_repaired': datetime.datetime(2020, 2, 9, 16, 0), 'repair_delay': 0, 'OGI_sp_covered': 1}, {'leak_ID': 'ABRAND00360_0000000002', 'facility_ID': 'ABRAND00360', 'equipment_group': 2, 'rate': 0.027932360805933767, 'lat': 52.99, 'lon': -116.12, 'status': 'repaired', 'days_active': 120, 'days_active_prog_start': 0, 'tagged': True, 'component': 'unknown', 'date_began': datetime.datetime(2020, 8, 3, 0, 0), 'date_tagged': datetime.datetime(2020, 12, 1, 0, 0), 'tagged_by_company': 'natural', 'tagged_by_crew': 1, 'init_detect_by': 'natural', 'init_detect_date': datetime.datetime(2020, 12, 1, 0, 0), 'requires_shutdown': False, 'date_repaired': datetime.datetime(2020, 12, 1, 16, 0), 'repair_delay': 0, 'OGI_sp_covered': 1}, {'leak_ID': 'ABRAND00360_0000000003', 'facility_ID': 'ABRAND00360', 'equipment_group': 3, 'rate': 0.4938974610104203, 'lat': 52.99, 'lon': -116.12, 'status': 'repaired', 'days_active': 56, 'days_active_prog_start': 0, 'tagged': True, 'component': 'unknown', 'date_began': datetime.datetime(2020, 12, 31, 0, 0), 'date_tagged': datetime.datetime(2021, 2, 9, 10, 30), 'tagged_by_company': 'OGI', 'tagged_by_crew': 3, 'init_detect_by': 'OGI', 'init_detect_date': datetime.datetime(2021, 2, 9, 10, 30), 'requires_shutdown': False, 'date_repaired': datetime.datetime(2021, 2, 25, 16, 0), 'repair_delay': 16, 'OGI_sp_covered': 1}, {'leak_ID': 'ABRAND00360_0000000004', 'facility_ID': 'ABRAND00360', 'equipment_group': 3, 'rate': 0.013115145343182324, 'lat': 52.99, 'lon': -116.12, 'status': 'repaired', 'days_active': 120, 'days_active_prog_start': 0, 'tagged': True, 'component': 'unknown', 'date_began': datetime.datetime(2021, 3, 7, 0, 0), 'date_tagged': datetime.datetime(2021, 7, 5, 0, 0), 'tagged_by_company': 'natural', 'tagged_by_crew': 1, 'init_detect_by': 'natural', 'init_detect_date': datetime.datetime(2021, 7, 5, 0, 0), 'requires_shutdown': False, 'date_repaired': datetime.datetime(2021, 7, 5, 16, 0), 'repair_delay': 0, 'OGI_sp_covered': 1}, {'leak_ID': 'ABRAND00360_0000000005', 'facility_ID': 'ABRAND00360', 'equipment_group': 3, 'rate': 0.0045709960036691534, 'lat': 52.99, 'lon': -116.12, 'status': 'repaired', 'days_active': 120, 'days_active_prog_start': 0, 'tagged': True, 'component': 'unknown', 'date_began': datetime.datetime(2021, 6, 5, 0, 0), 'date_tagged': datetime.datetime(2021, 10, 3, 0, 0), 'tagged_by_company': 'natural', 'tagged_by_crew': 1, 'init_detect_by': 'natural', 'init_detect_date': datetime.datetime(2021, 10, 3, 0, 0), 'requires_shutdown': False, 'date_repaired': datetime.datetime(2021, 10, 3, 16, 0), 'repair_delay': 0, 'OGI_sp_covered': 1}]",[],0,False,,,,2,4,25,30,False,6,10,0,6,0.0,3142.922670060524,0.7134268537074149,0.9209477173876313,1.7221494082523419
ABRAND00146,351,54.43,-119.15,1,6,2,2,2,120,1,30,20,120,1,lognorm,0.062287158377333125,[1.462],"['kilogram', 'hour']",<scipy.stats._distn_infrastructure.rv_frozen object at 0x000002073C01D1C8>,0,2,60,137.65332096916072,[],"[{'leak_ID': 'ABRAND00146_0000000000', 'facility_ID': 'ABRAND00146', 'equipment_group': 1, 'rate': 0.060685514109979986, 'lat': 54.43, 'lon': -119.15, 'status': 'repaired', 'days_active': 17, 'days_active_prog_start': 0, 'tagged': True, 'component': 'unknown', 'date_began': datetime.datetime(2020, 2, 8, 0, 0), 'date_tagged': datetime.datetime(2020, 2, 9, 13, 0), 'tagged_by_company': 'OGI', 'tagged_by_crew': 1, 'init_detect_by': 'OGI', 'init_detect_date': datetime.datetime(2020, 2, 9, 13, 0), 'requires_shutdown': False, 'date_repaired': datetime.datetime(2020, 2, 25, 16, 0), 'repair_delay': 16, 'OGI_sp_covered': 1}, {'leak_ID': 'ABRAND00146_0000000001', 'facility_ID': 'ABRAND00146', 'equipment_group': 1, 'rate': 0.004679633279747503, 'lat': 54.43, 'lon': -119.15, 'status': 'repaired', 'days_active': 120, 'days_active_prog_start': 0, 'tagged': True, 'component': 'unknown', 'date_began': datetime.datetime(2020, 5, 7, 0, 0), 'date_tagged': datetime.datetime(2020, 9, 4, 0, 0), 'tagged_by_company': 'natural', 'tagged_by_crew': 1, 'init_detect_by': 'natural', 'init_detect_date': datetime.datetime(2020, 9, 4, 0, 0), 'requires_shutdown': False, 'date_repaired': datetime.datetime(2020, 9, 4, 16, 0), 'repair_delay': 0, 'OGI_sp_covered': 1}]",[],0,False,,,,2,4,25,30,False,6,1,0,2,0.0,137.65332096916072,0.7154308617234469,0.9218507808385128,0.07542647724337574
ABRAND01125,601,50.35,-110.77,4,6,2,2,2,120,1,30,20,120,1,lognorm,0.062287158377333125,[1.462],"['kilogram', 'hour']",<scipy.stats._distn_infrastructure.rv_frozen object at 0x000002073C01D1C8>,0,3,60,1078.0252038396507,[],"[{'leak_ID': 'ABRAND01125_0000000000', 'facility_ID': 'ABRAND01125', 'equipment_group': 1, 'rate': 0.04609338562301352, 'lat': 50.35, 'lon': -110.77, 'status': 'repaired', 'days_active': 56, 'days_active_prog_start': 0, 'tagged': True, 'component': 'unknown', 'date_began': datetime.datetime(2017, 4, 30, 0, 0), 'date_tagged': datetime.datetime(2017, 6, 9, 13, 0), 'tagged_by_company': 'OGI', 'tagged_by_crew': 2, 'init_detect_by': 'OGI', 'init_detect_date': datetime.datetime(2017, 6, 9, 13, 0), 'requires_shutdown': False, 'date_repaired': datetime.datetime(2017, 6, 25, 13, 30), 'repair_delay': 16, 'OGI_sp_covered': 1}, {'leak_ID': 'ABRAND01125_0000000001', 'facility_ID': 'ABRAND01125', 'equipment_group': 4, 'rate': 0.0373213057349228, 'lat': 50.35, 'lon': -110.77, 'status': 'repaired', 'days_active': 19, 'days_active_prog_start': 0, 'tagged': True, 'component': 'unknown', 'date_began': datetime.datetime(2019, 2, 6, 0, 0), 'date_tagged': datetime.datetime(2019, 2, 9, 13, 0), 'tagged_by_company': 'OGI', 'tagged_by_crew': 2, 'init_detect_by': 'OGI', 'init_detect_date': datetime.datetime(2019, 2, 9, 13, 0), 'requires_shutdown': False, 'date_repaired': datetime.datetime(2019, 2, 25, 16, 0), 'repair_delay': 16, 'OGI_sp_covered': 1}, {'leak_ID': 'ABRAND01125_0000000002', 'facility_ID': 'ABRAND01125', 'equipment_group': 3, 'rate': 0.09095850652580818, 'lat': 50.35, 'lon': -110.77, 'status': 'repaired', 'days_active': 101, 'days_active_prog_start': 0, 'tagged': True, 'component': 'unknown', 'date_began': datetime.datetime(2019, 9, 12, 0, 0), 'date_tagged': datetime.datetime(2019, 12, 6, 13, 0), 'tagged_by_company': 'OGI', 'tagged_by_crew': 2, 'init_detect_by': 'OGI', 'init_detect_date': datetime.datetime(2019, 12, 6, 13, 0), 'requires_shutdown': False, 'date_repaired': datetime.datetime(2019, 12, 22, 16, 0), 'repair_delay': 16, 'OGI_sp_covered': 1}]",[],0,False,,,,3,4,25,30,False,6,0,0,3,0.0,1078.0252038396507,0.717434869739479,0.9227518914193299,0.5906987418299455
ABRAND01022,601,53.76,-113.51,5,6,2,2,2,120,1,30,20,120,1,lognorm,0.062287158377333125,[1.462],"['kilogram', 'hour']",<scipy.stats._distn_infrastructure.rv_frozen object at 0x000002073C01D1C8>,0,1,60,26.619909903348145,[],"[{'leak_ID': 'ABRAND01022_0000000000', 'facility_ID': 'ABRAND01022', 'equipment_group': 1, 'rate': 0.0025675067422210786, 'lat': 53.76, 'lon': -113.51, 'status': 'repaired', 'days_active': 120, 'days_active_prog_start': 0, 'tagged': True, 'component': 'unknown', 'date_began': datetime.datetime(2020, 9, 6, 0, 0), 'date_tagged': datetime.datetime(2021, 1, 4, 0, 0), 'tagged_by_company': 'natural', 'tagged_by_crew': 1, 'init_detect_by': 'natural', 'init_detect_date': datetime.datetime(2021, 1, 4, 0, 0), 'requires_shutdown': False, 'date_repaired': datetime.datetime(2021, 1, 4, 16, 0), 'repair_delay': 0, 'OGI_sp_covered': 1}]",[],0,False,,,,2,4,25,30,False,6,1,0,1,0.0,26.619909903348145,0.7194388777555111,0.9236528491221014,0.0145862520018346
ABRAND00443,311,52.9,-115.88,4,6,2,2,2,120,1,30,20,120,1,lognorm,0.062287158377333125,[1.462],"['kilogram', 'hour']",<scipy.stats._distn_infrastructure.rv_frozen object at 0x000002073C01D1C8>,0,6,60,1706.7951956161237,[],"[{'leak_ID': 'ABRAND00443_0000000000', 'facility_ID': 'ABRAND00443', 'equipment_group': 3, 'rate': 0.004615909392376951, 'lat': 52.9, 'lon': -115.88, 'status': 'repaired', 'days_active': 120, 'days_active_prog_start': 0, 'tagged': True, 'component': 'unknown', 'date_began': datetime.datetime(2017, 3, 5, 0, 0), 'date_tagged': datetime.datetime(2017, 7, 3, 0, 0), 'tagged_by_company': 'natural', 'tagged_by_crew': 1, 'init_detect_by': 'natural', 'init_detect_date': datetime.datetime(2017, 7, 3, 0, 0), 'requires_shutdown': False, 'date_repaired': datetime.datetime(2017, 7, 3, 16, 0), 'repair_delay': 0, 'OGI_sp_covered': 1}, {'leak_ID': 'ABRAND00443_0000000001', 'facility_ID': 'ABRAND00443', 'equipment_group': 1, 'rate': 0.02757442468228697, 'lat': 52.9, 'lon': -115.88, 'status': 'repaired', 'days_active': 120, 'days_active_prog_start': 0, 'tagged': True, 'component': 'unknown', 'date_began': datetime.datetime(2018, 6, 22, 0, 0), 'date_tagged': datetime.datetime(2018, 10, 20, 0, 0), 'tagged_by_company': 'natural', 'tagged_by_crew': 1, 'init_detect_by': 'natural', 'init_detect_date': datetime.datetime(2018, 10, 20, 0, 0), 'requires_shutdown': False, 'date_repaired': datetime.datetime(2018, 10, 20, 16, 0), 'repair_delay': 0, 'OGI_sp_covered': 1}, {'leak_ID': 'ABRAND00443_0000000002', 'facility_ID': 'ABRAND00443', 'equipment_group': 3, 'rate': 0.08409518293263936, 'lat': 52.9, 'lon': -115.88, 'status': 'repaired', 'days_active': 79, 'days_active_prog_start': 0, 'tagged': True, 'component': 'unknown', 'date_began': datetime.datetime(2018, 12, 9, 0, 0), 'date_tagged': datetime.datetime(2019, 2, 10, 8, 0), 'tagged_by_company': 'OGI', 'tagged_by_crew': 1, 'init_detect_by': 'OGI', 'init_detect_date': datetime.datetime(2019, 2, 10, 8, 0), 'requires_shutdown': False, 'date_repaired': datetime.datetime(2019, 2, 26, 13, 30), 'repair_delay': 16, 'OGI_sp_covered': 1}, {'leak_ID': 'ABRAND00443_0000000003', 'facility_ID': 'ABRAND00443', 'equipment_group': 3, 'rate': 0.009521459906360979, 'lat': 52.9, 'lon': -115.88, 'status': 'repaired', 'days_active': 120, 'days_active_prog_start': 0, 'tagged': True, 'component': 'unknown', 'date_began': datetime.datetime(2019, 7, 4, 0, 0), 'date_tagged': datetime.datetime(2019, 11, 1, 0, 0), 'tagged_by_company': 'natural', 'tagged_by_crew': 1, 'init_detect_by': 'natural', 'init_detect_date': datetime.datetime(2019, 11, 1, 0, 0), 'requires_shutdown': False, 'date_repaired': datetime.datetime(2019, 11, 1, 16, 0), 'repair_delay': 0, 'OGI_sp_covered': 0}, {'leak_ID': 'ABRAND00443_0000000004', 'facility_ID': 'ABRAND00443', 'equipment_group': 4, 'rate': 0.06881793182445715, 'lat': 52.9, 'lon': -115.88, 'status': 'repaired', 'days_active': 117, 'days_active_prog_start': 0, 'tagged': True, 'component': 'unknown', 'date_began': datetime.datetime(2021, 4, 30, 0, 0), 'date_tagged': datetime.datetime(2021, 8, 9, 8, 0), 'tagged_by_company': 'OGI', 'tagged_by_crew': 1, 'init_detect_by': 'OGI', 'init_detect_date': datetime.datetime(2021, 8, 9, 8, 0), 'requires_shutdown': False, 'date_repaired': datetime.datetime(2021, 8, 25, 13, 30), 'repair_delay': 16, 'OGI_sp_covered': 1}, {'leak_ID': 'ABRAND00443_0000000005', 'facility_ID': 'ABRAND00443', 'equipment_group': 1, 'rate': 0.000449510587264839, 'lat': 52.9, 'lon': -115.88, 'status': 'repaired', 'days_active': 120, 'days_active_prog_start': 0, 'tagged': True, 'component': 'unknown', 'date_began': datetime.datetime(2021, 5, 3, 0, 0), 'date_tagged': datetime.datetime(2021, 8, 31, 0, 0), 'tagged_by_company': 'natural', 'tagged_by_crew': 1, 'init_detect_by': 'natural', 'init_detect_date': datetime.datetime(2021, 8, 31, 0, 0), 'requires_shutdown': False, 'date_repaired': datetime.datetime(2021, 8, 31, 16, 0), 'repair_delay': 0, 'OGI_sp_covered': 1}]",[],0,False,,,,2,4,24,30,False,6,4,0,6,0.0,1706.7951956161237,0.7214428857715431,0.9245503887051778,0.9352302441732184
ABRAND00757,601,52.71,-114.66,5,6,2,2,2,120,1,30,20,120,1,lognorm,0.062287158377333125,[1.462],"['kilogram', 'hour']",<scipy.stats._distn_infrastructure.rv_frozen object at 0x000002073C01D1C8>,1,9,60,2053.133809745741,"[{'leak_ID': 'ABRAND00757_0000000008', 'facility_ID': 'ABRAND00757', 'equipment_group': 2, 'rate': 0.01130848810197353, 'lat': 52.71, 'lon': -114.66, 'status': 'active', 'days_active': 54, 'days_active_prog_start': 0, 'tagged': False, 'component': 'unknown', 'date_began': datetime.datetime(2021, 11, 6, 0, 0), 'date_tagged': None, 'tagged_by_company': None, 'tagged_by_crew': None, 'init_detect_by': None, 'init_detect_date': None, 'requires_shutdown': False, 'date_repaired': None, 'repair_delay': None, 'OGI_sp_covered': 1}]","[{'leak_ID': 'ABRAND00757_0000000001', 'facility_ID': 'ABRAND00757', 'equipment_group': 5, 'rate': 0.00035549461039716373, 'lat': 52.71, 'lon': -114.66, 'status': 'repaired', 'days_active': 120, 'days_active_prog_start': 6, 'tagged': True, 'component': 'unknown', 'date_began': datetime.datetime(2016, 12, 26, 0, 0), 'date_tagged': datetime.datetime(2017, 4, 24, 0, 0), 'tagged_by_company': 'natural', 'tagged_by_crew': 1, 'init_detect_by': 'natural', 'init_detect_date': datetime.datetime(2017, 4, 24, 0, 0), 'requires_shutdown': False, 'date_repaired': datetime.datetime(2017, 4, 24, 16, 0), 'repair_delay': 0, 'OGI_sp_covered': 1}, {'leak_ID': 'ABRAND00757_0000000001', 'facility_ID': 'ABRAND00757', 'equipment_group': 4, 'rate': 0.10263200511638518, 'lat': 52.71, 'lon': -114.66, 'status': 'repaired', 'days_active': 111, 'days_active_prog_start': 0, 'tagged': True, 'component': 'unknown', 'date_began': datetime.datetime(2017, 9, 4, 0, 0), 'date_tagged': datetime.datetime(2017, 12, 7, 8, 0), 'tagged_by_company': 'OGI', 'tagged_by_crew': 2, 'init_detect_by': 'OGI', 'init_detect_date': datetime.datetime(2017, 12, 7, 8, 0), 'requires_shutdown': False, 'date_repaired': datetime.datetime(2017, 12, 24, 0, 0), 'repair_delay': 16, 'OGI_sp_covered': 1}, {'leak_ID': 'ABRAND00757_0000000002', 'facility_ID': 'ABRAND00757', 'equipment_group': 4, 'rate': 0.03267134689118837, 'lat': 52.71, 'lon': -114.66, 'status': 'repaired', 'days_active': 120, 'days_active_prog_start': 0, 'tagged': True, 'component': 'unknown', 'date_began': datetime.datetime(2018, 1, 4, 0, 0), 'date_tagged': datetime.datetime(2018, 5, 4, 0, 0), 'tagged_by_company': 'natural', 'tagged_by_crew': 1, 'init_detect_by': 'natural', 'init_detect_date': datetime.datetime(2018, 5, 4, 0, 0), 'requires_shutdown': False, 'date_repaired': datetime.datetime(2018, 5, 4, 16, 0), 'repair_delay': 0, 'OGI_sp_covered': 1}, {'leak_ID': 'ABRAND00757_0000000003', 'facility_ID': 'ABRAND00757', 'equipment_group': 3, 'rate': 0.0016159875493124568, 'lat': 52.71, 'lon': -114.66, 'status': 'repaired', 'days_active': 120, 'days_active_prog_start': 0, 'tagged': True, 'component': 'unknown', 'date_began': datetime.datetime(2018, 1, 14, 0, 0), 'date_tagged': datetime.datetime(2018, 5, 14, 0, 0), 'tagged_by_company': 'natural', 'tagged_by_crew': 1, 'init_detect_by': 'natural', 'init_detect_date': datetime.datetime(2018, 5, 14, 0, 0), 'requires_shutdown': False, 'date_repaired': datetime.datetime(2018, 5, 14, 16, 0), 'repair_delay': 0, 'OGI_sp_covered': 0}, {'leak_ID': 'ABRAND00757_0000000004', 'facility_ID': 'ABRAND00757', 'equipment_group': 2, 'rate': 0.022285339348814825, 'lat': 52.71, 'lon': -114.66, 'status': 'repaired', 'days_active': 120, 'days_active_prog_start': 0, 'tagged': True, 'component': 'unknown', 'date_began': datetime.datetime(2018, 2, 23, 0, 0), 'date_tagged': datetime.datetime(2018, 6, 23, 0, 0), 'tagged_by_company': 'natural', 'tagged_by_crew': 1, 'init_detect_by': 'natural', 'init_detect_date': datetime.datetime(2018, 6, 23, 0, 0), 'requires_shutdown': False, 'date_repaired': datetime.datetime(2018, 6, 23, 16, 0), 'repair_delay': 0, 'OGI_sp_covered': 1}, {'leak_ID': 'ABRAND00757_0000000006', 'facility_ID': 'ABRAND00757', 'equipment_group': 1, 'rate': 0.11345690767862651, 'lat': 52.71, 'lon': -114.66, 'status': 'repaired', 'days_active': 18, 'days_active_prog_start': 0, 'tagged': True, 'component': 'unknown', 'date_began': datetime.datetime(2019, 8, 7, 0, 0), 'date_tagged': datetime.datetime(2019, 8, 9, 8, 0), 'tagged_by_company': 'OGI', 'tagged_by_crew': 2, 'init_detect_by': 'OGI', 'init_detect_date': datetime.datetime(2019, 8, 9, 8, 0), 'requires_shutdown': False, 'date_repaired': datetime.datetime(2019, 8, 25, 13, 30), 'repair_delay': 16, 'OGI_sp_covered': 1}, {'leak_ID': 'ABRAND00757_0000000005', 'facility_ID': 'ABRAND00757', 'equipment_group': 2, 'rate': 0.008518264679625586, 'lat': 52.71, 'lon': -114.66, 'status': 'repaired', 'days_active': 120, 'days_active_prog_start': 0, 'tagged': True, 'component': 'unknown', 'date_began': datetime.datetime(2019, 6, 8, 0, 0), 'date_tagged': datetime.datetime(2019, 10, 6, 0, 0), 'tagged_by_company': 'natural', 'tagged_by_crew': 1, 'init_detect_by': 'natural', 'init_detect_date': datetime.datetime(2019, 10, 6, 0, 0), 'requires_shutdown': False, 'date_repaired': datetime.datetime(2019, 10, 6, 16, 0), 'repair_delay': 0, 'OGI_sp_covered': 0}, {'leak_ID': 'ABRAND00757_0000000007', 'facility_ID': 'ABRAND00757', 'equipment_group': 2, 'rate': 0.04552801298742166, 'lat': 52.71, 'lon': -114.66, 'status': 'repaired', 'days_active': 41, 'days_active_prog_start': 0, 'tagged': True, 'component': 'unknown', 'date_began': datetime.datetime(2021, 3, 17, 0, 0), 'date_tagged': datetime.datetime(2021, 4, 11, 8, 0), 'tagged_by_company': 'OGI', 'tagged_by_crew': 2, 'init_detect_by': 'OGI', 'init_detect_date': datetime.datetime(2021, 4, 11, 8, 0), 'requires_shutdown': False, 'date_repaired': datetime.datetime(2021, 4, 27, 13, 30), 'repair_delay': 16, 'OGI_sp_covered': 1}]",[],1,False,,,,3,4,24,30,False,6,8,1,8,52.760882088567705,2000.3729276571735,0.7234468937875751,0.9254460592946575,1.1250048272579403
ABRAND00604,311,53.32,-115.31,2,6,2,2,2,120,1,30,20,120,1,lognorm,0.062287158377333125,[1.462],"['kilogram', 'hour']",<scipy.stats._distn_infrastructure.rv_frozen object at 0x000002073C01D1C8>,0,3,60,506.2925243611013,"[{'leak_ID': 'ABRAND00604_0000000002', 'facility_ID': 'ABRAND00604', 'equipment_group': 1, 'rate': 0.008664014194545634, 'lat': 53.32, 'lon': -115.31, 'status': 'active', 'days_active': 92, 'days_active_prog_start': 0, 'tagged': False, 'component': 'unknown', 'date_began': datetime.datetime(2021, 9, 29, 0, 0), 'date_tagged': None, 'tagged_by_company': None, 'tagged_by_crew': None, 'init_detect_by': None, 'init_detect_date': None, 'requires_shutdown': False, 'date_repaired': None, 'repair_delay': None, 'OGI_sp_covered': 1}]","[{'leak_ID': 'ABRAND00604_0000000001', 'facility_ID': 'ABRAND00604', 'equipment_group': 2, 'rate': 0.08890565852640477, 'lat': 53.32, 'lon': -115.31, 'status': 'repaired', 'days_active': 54, 'days_active_prog_start': 0, 'tagged': True, 'component': 'unknown', 'date_began': datetime.datetime(2020, 3, 3, 0, 0), 'date_tagged': datetime.datetime(2020, 4, 10, 8, 0), 'tagged_by_company': 'OGI', 'tagged_by_crew': 3, 'init_detect_by': 'OGI', 'init_detect_date': datetime.datetime(2020, 4, 10, 8, 0), 'requires_shutdown': False, 'date_repaired': datetime.datetime(2020, 4, 26, 13, 30), 'repair_delay': 16, 'OGI_sp_covered': 1}, {'leak_ID': 'ABRAND00604_0000000000', 'facility_ID': 'ABRAND00604', 'equipment_group': 2, 'rate': 0.002182269281510699, 'lat': 53.32, 'lon': -115.31, 'status': 'repaired', 'days_active': 120, 'days_active_prog_start': 0, 'tagged': True, 'component': 'unknown', 'date_began': datetime.datetime(2020, 1, 29, 0, 0), 'date_tagged': datetime.datetime(2020, 5, 28, 0, 0), 'tagged_by_company': 'natural', 'tagged_by_crew': 1, 'init_detect_by': 'natural', 'init_detect_date': datetime.datetime(2020, 5, 28, 0, 0), 'requires_shutdown': False, 'date_repaired': datetime.datetime(2020, 5, 28, 16, 0), 'repair_delay': 0, 'OGI_sp_covered': 1}]",[],0,False,,,,2,4,24,30,False,6,2,1,2,68.86851602960435,437.42400833149696,0.7254509018036072,0.9263346243021524,0.27742056129375414
ABRAND00630,601,52.83,-115.21,3,6,2,2,2,120,1,30,20,120,1,lognorm,0.062287158377333125,[1.462],"['kilogram', 'hour']",<scipy.stats._distn_infrastructure.rv_frozen object at 0x000002073C01D1C8>,2,7,60,1153.8267819544571,[],"[{'leak_ID': 'ABRAND00630_0000000001', 'facility_ID': 'ABRAND00630', 'equipment_group': 2, 'rate': 0.005913122426956021, 'lat': 52.83, 'lon': -115.21, 'status': 'repaired', 'days_active': 120, 'days_active_prog_start': 90, 'tagged': True, 'component': 'unknown', 'date_began': datetime.datetime(2016, 10, 3, 0, 0), 'date_tagged': datetime.datetime(2017, 1, 30, 0, 0), 'tagged_by_company': 'natural', 'tagged_by_crew': 1, 'init_detect_by': 'natural', 'init_detect_date': datetime.datetime(2017, 1, 30, 0, 0), 'requires_shutdown': False, 'date_repaired': datetime.datetime(2017, 1, 30, 16, 0), 'repair_delay': 0}, {'leak_ID': 'ABRAND00630_0000000002', 'facility_ID': 'ABRAND00630', 'equipment_group': 1, 'rate': 0.007875388482338683, 'lat': 52.83, 'lon': -115.21, 'status': 'repaired', 'days_active': 120, 'days_active_prog_start': 33, 'tagged': True, 'component': 'unknown', 'date_began': datetime.datetime(2016, 11, 29, 0, 0), 'date_tagged': datetime.datetime(2017, 3, 28, 0, 0), 'tagged_by_company': 'natural', 'tagged_by_crew': 1, 'init_detect_by': 'natural', 'init_detect_date': datetime.datetime(2017, 3, 28, 0, 0), 'requires_shutdown': False, 'date_repaired': datetime.datetime(2017, 3, 28, 16, 0), 'repair_delay': 0, 'OGI_sp_covered': 1}, {'leak_ID': 'ABRAND00630_0000000002', 'facility_ID': 'ABRAND00630', 'equipment_group': 2, 'rate': 0.004366591402145614, 'lat': 52.83, 'lon': -115.21, 'status': 'repaired', 'days_active': 120, 'days_active_prog_start': 0, 'tagged': True, 'component': 'unknown', 'date_began': datetime.datetime(2017, 11, 26, 0, 0), 'date_tagged': datetime.datetime(2018, 3, 26, 0, 0), 'tagged_by_company': 'natural', 'tagged_by_crew': 1, 'init_detect_by': 'natural', 'init_detect_date': datetime.datetime(2018, 3, 26, 0, 0), 'requires_shutdown': False, 'date_repaired': datetime.datetime(2018, 3, 26, 16, 0), 'repair_delay': 0, 'OGI_sp_covered': 1}, {'leak_ID': 'ABRAND00630_0000000003', 'facility_ID': 'ABRAND00630', 'equipment_group': 2, 'rate': 0.046935670639737456, 'lat': 52.83, 'lon': -115.21, 'status': 'repaired', 'days_active': 18, 'days_active_prog_start': 0, 'tagged': True, 'component': 'unknown', 'date_began': datetime.datetime(2019, 4, 9, 0, 0), 'date_tagged': datetime.datetime(2019, 4, 11, 10, 30), 'tagged_by_company': 'OGI', 'tagged_by_crew': 1, 'init_detect_by': 'OGI', 'init_detect_date': datetime.datetime(2019, 4, 11, 10, 30), 'requires_shutdown': False, 'date_repaired': datetime.datetime(2019, 4, 27, 13, 30), 'repair_delay': 16, 'OGI_sp_covered': 1}, {'leak_ID': 'ABRAND00630_0000000004', 'facility_ID': 'ABRAND00630', 'equipment_group': 3, 'rate': 0.00314661430132662, 'lat': 52.83, 'lon': -115.21, 'status': 'repaired', 'days_active': 120, 'days_active_prog_start': 0, 'tagged': True, 'component': 'unknown', 'date_began': datetime.datetime(2020, 7, 30, 0, 0), 'date_tagged': datetime.datetime(2020, 11, 27, 0, 0), 'tagged_by_company': 'natural', 'tagged_by_crew': 1, 'init_detect_by': 'natural', 'init_detect_date': datetime.datetime(2020, 11, 27, 0, 0), 'requires_shutdown': False, 'date_repaired': datetime.datetime(2020, 11, 27, 16, 0), 'repair_delay': 0, 'OGI_sp_covered': 1}, {'leak_ID': 'ABRAND00630_0000000005', 'facility_ID': 'ABRAND00630', 'equipment_group': 2, 'rate': 0.07872698501065056, 'lat': 52.83, 'lon': -115.21, 'status': 'repaired', 'days_active': 54, 'days_active_prog_start': 0, 'tagged': True, 'component': 'unknown', 'date_began': datetime.datetime(2021, 8, 31, 0, 0), 'date_tagged': datetime.datetime(2021, 10, 8, 10, 30), 'tagged_by_company': 'OGI', 'tagged_by_crew': 1, 'init_detect_by': 'OGI', 'init_detect_date': datetime.datetime(2021, 10, 8, 10, 30), 'requires_shutdown': False, 'date_repaired': datetime.datetime(2021, 10, 24, 13, 30), 'repair_delay': 16, 'OGI_sp_covered': 1}, {'leak_ID': 'ABRAND00630_0000000006', 'facility_ID': 'ABRAND00630', 'equipment_group': 1, 'rate': 0.19679515835491462, 'lat': 52.83, 'lon': -115.21, 'status': 'repaired', 'days_active': 33, 'days_active_prog_start': 0, 'tagged': True, 'component': 'unknown', 'date_began': datetime.datetime(2021, 9, 21, 0, 0), 'date_tagged': datetime.datetime(2021, 10, 8, 10, 30), 'tagged_by_company': 'OGI', 'tagged_by_crew': 1, 'init_detect_by': 'OGI', 'init_detect_date': datetime.datetime(2021, 10, 8, 10, 30), 'requires_shutdown': False, 'date_repaired': datetime.datetime(2021, 10, 24, 13, 30), 'repair_delay': 16, 'OGI_sp_covered': 1}]",[],2,False,,,,2,4,24,30,False,6,5,0,7,0.0,1153.8267819544571,0.7274549098196392,0.9272230580146837,0.63223385312573
ABRAND00034,601,55.27,-119.83,1,6,2,2,2,120,1,30,20,120,1,lognorm,0.062287158377333125,[1.462],"['kilogram', 'hour']",<scipy.stats._distn_infrastructure.rv_frozen object at 0x000002073C01D1C8>,0,5,60,618.274339031576,[],"[{'leak_ID': 'ABRAND00034_0000000000', 'facility_ID': 'ABRAND00034', 'equipment_group': 1, 'rate': 0.07756928352374842, 'lat': 55.27, 'lon': -119.83, 'status': 'repaired', 'days_active': 54, 'days_active_prog_start': 0, 'tagged': True, 'component': 'unknown', 'date_began': datetime.datetime(2017, 10, 31, 0, 0), 'date_tagged': datetime.datetime(2017, 12, 7, 10, 30), 'tagged_by_company': 'OGI', 'tagged_by_crew': 2, 'init_detect_by': 'OGI', 'init_detect_date': datetime.datetime(2017, 12, 7, 10, 30), 'requires_shutdown': False, 'date_repaired': datetime.datetime(2017, 12, 24, 0, 0), 'repair_delay': 16, 'OGI_sp_covered': 1}, {'leak_ID': 'ABRAND00034_0000000001', 'facility_ID': 'ABRAND00034', 'equipment_group': 1, 'rate': 0.005046259427109399, 'lat': 55.27, 'lon': -119.83, 'status': 'repaired', 'days_active': 120, 'days_active_prog_start': 0, 'tagged': True, 'component': 'unknown', 'date_began': datetime.datetime(2018, 9, 20, 0, 0), 'date_tagged': datetime.datetime(2019, 1, 18, 0, 0), 'tagged_by_company': 'natural', 'tagged_by_crew': 1, 'init_detect_by': 'natural', 'init_detect_date': datetime.datetime(2019, 1, 18, 0, 0), 'requires_shutdown': False, 'date_repaired': datetime.datetime(2019, 1, 18, 16, 0), 'repair_delay': 0, 'OGI_sp_covered': 1}, {'leak_ID': 'ABRAND00034_0000000002', 'facility_ID': 'ABRAND00034', 'equipment_group': 1, 'rate': 0.0022130491753989, 'lat': 55.27, 'lon': -119.83, 'status': 'repaired', 'days_active': 120, 'days_active_prog_start': 0, 'tagged': True, 'component': 'unknown', 'date_began': datetime.datetime(2020, 6, 24, 0, 0), 'date_tagged': datetime.datetime(2020, 10, 22, 0, 0), 'tagged_by_company': 'natural', 'tagged_by_crew': 1, 'init_detect_by': 'natural', 'init_detect_date': datetime.datetime(2020, 10, 22, 0, 0), 'requires_shutdown': False, 'date_repaired': datetime.datetime(2020, 10, 22, 16, 0), 'repair_delay': 0, 'OGI_sp_covered': 1}, {'leak_ID': 'ABRAND00034_0000000003', 'facility_ID': 'ABRAND00034', 'equipment_group': 1, 'rate': 0.004864729314172108, 'lat': 55.27, 'lon': -119.83, 'status': 'repaired', 'days_active': 120, 'days_active_prog_start': 0, 'tagged': True, 'component': 'unknown', 'date_began': datetime.datetime(2020, 9, 21, 0, 0), 'date_tagged': datetime.datetime(2021, 1, 19, 0, 0), 'tagged_by_company': 'natural', 'tagged_by_crew': 1, 'init_detect_by': 'natural', 'init_detect_date': datetime.datetime(2021, 1, 19, 0, 0), 'requires_shutdown': False, 'date_repaired': datetime.datetime(2021, 1, 19, 16, 0), 'repair_delay': 0, 'OGI_sp_covered': 1}, {'leak_ID': 'ABRAND00034_0000000004', 'facility_ID': 'ABRAND00034', 'equipment_group': 1, 'rate': 0.012602726148054862, 'lat': 55.27, 'lon': -119.83, 'status': 'repaired', 'days_active': 120, 'days_active_prog_start': 0, 'tagged': True, 'component': 'unknown', 'date_began': datetime.datetime(2021, 3, 5, 0, 0), 'date_tagged': datetime.datetime(2021, 7, 3, 0, 0), 'tagged_by_company': 'natural', 'tagged_by_crew': 1, 'init_detect_by': 'natural', 'init_detect_date': datetime.datetime(2021, 7, 3, 0, 0), 'requires_shutdown': False, 'date_repaired': datetime.datetime(2021, 7, 3, 16, 0), 'repair_delay': 0, 'OGI_sp_covered': 1}]",[],0,False,,,,1,4,24,30,False,6,6,0,5,0.0,618.274339031576,0.7294589178356713,0.9281041315411623,0.3387804597433293
ABRAND00431,311,52.99,-115.9,3,6,2,2,2,120,1,30,20,120,1,lognorm,0.062287158377333125,[1.462],"['kilogram', 'hour']",<scipy.stats._distn_infrastructure.rv_frozen object at 0x000002073C01D1C8>,0,4,60,1325.0614421645596,"[{'leak_ID': 'ABRAND00431_0000000003', 'facility_ID': 'ABRAND00431', 'equipment_group': 1, 'rate': 0.031130810766061882, 'lat': 52.99, 'lon': -115.9, 'status': 'active', 'days_active': 113, 'days_active_prog_start': 0, 'tagged': False, 'component': 'unknown', 'date_began': datetime.datetime(2021, 9, 8, 0, 0), 'date_tagged': None, 'tagged_by_company': None, 'tagged_by_crew': None, 'init_detect_by': None, 'init_detect_date': None, 'requires_shutdown': False, 'date_repaired': None, 'repair_delay': None, 'OGI_sp_covered': 1}]","[{'leak_ID': 'ABRAND00431_0000000000', 'facility_ID': 'ABRAND00431', 'equipment_group': 2, 'rate': 0.06893416978597847, 'lat': 52.99, 'lon': -115.9, 'status': 'repaired', 'days_active': 31, 'days_active_prog_start': 0, 'tagged': True, 'component': 'unknown', 'date_began': datetime.datetime(2019, 5, 26, 0, 0), 'date_tagged': datetime.datetime(2019, 6, 10, 10, 30), 'tagged_by_company': 'OGI', 'tagged_by_crew': 3, 'init_detect_by': 'OGI', 'init_detect_date': datetime.datetime(2019, 6, 10, 10, 30), 'requires_shutdown': False, 'date_repaired': datetime.datetime(2019, 6, 26, 13, 30), 'repair_delay': 16, 'OGI_sp_covered': 1}, {'leak_ID': 'ABRAND00431_0000000001', 'facility_ID': 'ABRAND00431', 'equipment_group': 2, 'rate': 0.24507395292588305, 'lat': 52.99, 'lon': -115.9, 'status': 'repaired', 'days_active': 35, 'days_active_prog_start': 0, 'tagged': True, 'component': 'unknown', 'date_began': datetime.datetime(2019, 11, 18, 0, 0), 'date_tagged': datetime.datetime(2019, 12, 7, 10, 30), 'tagged_by_company': 'OGI', 'tagged_by_crew': 3, 'init_detect_by': 'OGI', 'init_detect_date': datetime.datetime(2019, 12, 7, 10, 30), 'requires_shutdown': False, 'date_repaired': datetime.datetime(2019, 12, 23, 13, 30), 'repair_delay': 16, 'OGI_sp_covered': 1}, {'leak_ID': 'ABRAND00431_0000000002', 'facility_ID': 'ABRAND00431', 'equipment_group': 2, 'rate': 0.03680100173252665, 'lat': 52.99, 'lon': -115.9, 'status': 'repaired', 'days_active': 30, 'days_active_prog_start': 0, 'tagged': True, 'component': 'unknown', 'date_began': datetime.datetime(2020, 1, 27, 0, 0), 'date_tagged': datetime.datetime(2020, 2, 10, 10, 30), 'tagged_by_company': 'OGI', 'tagged_by_crew': 3, 'init_detect_by': 'OGI', 'init_detect_date': datetime.datetime(2020, 2, 10, 10, 30), 'requires_shutdown': False, 'date_repaired': datetime.datetime(2020, 2, 26, 13, 30), 'repair_delay': 16, 'OGI_sp_covered': 1}]",[],0,False,,,,2,4,24,30,False,6,2,1,3,303.9363316712154,1021.1251104933442,0.7314629258517034,0.9289833727654184,0.7260610641997587
ABRAND00177,601,54.62,-118.91,3,6,2,2,2,120,1,30,20,120,1,lognorm,0.062287158377333125,[1.462],"['kilogram', 'hour']",<scipy.stats._distn_infrastructure.rv_frozen object at 0x000002073C01D1C8>,0,6,60,1699.714536490561,[],"[{'leak_ID': 'ABRAND00177_0000000000', 'facility_ID': 'ABRAND00177', 'equipment_group': 1, 'rate': 0.012939591007623433, 'lat': 54.62, 'lon': -118.91, 'status': 'repaired', 'days_active': 120, 'days_active_prog_start': 0, 'tagged': True, 'component': 'unknown', 'date_began': datetime.datetime(2017, 4, 13, 0, 0), 'date_tagged': datetime.datetime(2017, 8, 11, 0, 0), 'tagged_by_company': 'natural', 'tagged_by_crew': 1, 'init_detect_by': 'natural', 'init_detect_date': datetime.datetime(2017, 8, 11, 0, 0), 'requires_shutdown': False, 'date_repaired': datetime.datetime(2017, 8, 11, 16, 0), 'repair_delay': 0, 'OGI_sp_covered': 1}, {'leak_ID': 'ABRAND00177_0000000001', 'facility_ID': 'ABRAND00177', 'equipment_group': 1, 'rate': 0.006498005736690326, 'lat': 54.62, 'lon': -118.91, 'status': 'repaired', 'days_active': 120, 'days_active_prog_start': 0, 'tagged': True, 'component': 'unknown', 'date_began': datetime.datetime(2018, 10, 29, 0, 0), 'date_tagged': datetime.datetime(2019, 2, 26, 0, 0), 'tagged_by_company': 'natural', 'tagged_by_crew': 1, 'init_detect_by': 'natural', 'init_detect_date': datetime.datetime(2019, 2, 26, 0, 0), 'requires_shutdown': False, 'date_repaired': datetime.datetime(2019, 2, 26, 13, 30), 'repair_delay': 0, 'OGI_sp_covered': 1}, {'leak_ID': 'ABRAND00177_0000000002', 'facility_ID': 'ABRAND00177', 'equipment_group': 2, 'rate': 0.02510406021623506, 'lat': 54.62, 'lon': -118.91, 'status': 'repaired', 'days_active': 120, 'days_active_prog_start': 0, 'tagged': True, 'component': 'unknown', 'date_began': datetime.datetime(2019, 3, 27, 0, 0), 'date_tagged': datetime.datetime(2019, 7, 25, 0, 0), 'tagged_by_company': 'natural', 'tagged_by_crew': 1, 'init_detect_by': 'natural', 'init_detect_date': datetime.datetime(2019, 7, 25, 0, 0), 'requires_shutdown': False, 'date_repaired': datetime.datetime(2019, 7, 25, 16, 0), 'repair_delay': 0, 'OGI_sp_covered': 1}, {'leak_ID': 'ABRAND00177_0000000003', 'facility_ID': 'ABRAND00177', 'equipment_group': 3, 'rate': 0.15906457310698655, 'lat': 54.62, 'lon': -118.91, 'status': 'repaired', 'days_active': 52, 'days_active_prog_start': 0, 'tagged': True, 'component': 'unknown', 'date_began': datetime.datetime(2019, 9, 2, 0, 0), 'date_tagged': datetime.datetime(2019, 10, 8, 13, 0), 'tagged_by_company': 'OGI', 'tagged_by_crew': 1, 'init_detect_by': 'OGI', 'init_detect_date': datetime.datetime(2019, 10, 8, 13, 0), 'requires_shutdown': False, 'date_repaired': datetime.datetime(2019, 10, 24, 13, 30), 'repair_delay': 16, 'OGI_sp_covered': 1}, {'leak_ID': 'ABRAND00177_0000000004', 'facility_ID': 'ABRAND00177', 'equipment_group': 2, 'rate': 0.019313162771329363, 'lat': 54.62, 'lon': -118.91, 'status': 'repaired', 'days_active': 120, 'days_active_prog_start': 0, 'tagged': True, 'component': 'unknown', 'date_began': datetime.datetime(2020, 10, 2, 0, 0), 'date_tagged': datetime.datetime(2021, 1, 30, 0, 0), 'tagged_by_company': 'natural', 'tagged_by_crew': 1, 'init_detect_by': 'natural', 'init_detect_date': datetime.datetime(2021, 1, 30, 0, 0), 'requires_shutdown': False, 'date_repaired': datetime.datetime(2021, 1, 30, 16, 0), 'repair_delay': 0, 'OGI_sp_covered': 1}, {'leak_ID': 'ABRAND00177_0000000005', 'facility_ID': 'ABRAND00177', 'equipment_group': 1, 'rate': 0.031155714839446243, 'lat': 54.62, 'lon': -118.91, 'status': 'repaired', 'days_active': 120, 'days_active_prog_start': 0, 'tagged': True, 'component': 'unknown', 'date_began': datetime.datetime(2021, 4, 13, 0, 0), 'date_tagged': datetime.datetime(2021, 8, 11, 0, 0), 'tagged_by_company': 'natural', 'tagged_by_crew': 1, 'init_detect_by': 'natural', 'init_detect_date': datetime.datetime(2021, 8, 11, 0, 0), 'requires_shutdown': False, 'date_repaired': datetime.datetime(2021, 8, 11, 16, 0), 'repair_delay': 0, 'OGI_sp_covered': 0}]",[],0,False,,,,2,4,24,30,False,6,5,0,6,0.0,1699.714536490561,0.7334669338677354,0.9298608361953068,0.931350430953732
ABRAND00369,361,53.48,-116.08,3,6,2,2,2,120,1,30,20,120,1,lognorm,0.062287158377333125,[1.462],"['kilogram', 'hour']",<scipy.stats._distn_infrastructure.rv_frozen object at 0x000002073C01D1C8>,0,3,60,215.85977191954402,[],"[{'leak_ID': 'ABRAND00369_0000000000', 'facility_ID': 'ABRAND00369', 'equipment_group': 1, 'rate': 0.0038499425555027, 'lat': 53.48, 'lon': -116.08, 'status': 'repaired', 'days_active': 120, 'days_active_prog_start': 0, 'tagged': True, 'component': 'unknown', 'date_began': datetime.datetime(2019, 9, 18, 0, 0), 'date_tagged': datetime.datetime(2020, 1, 16, 0, 0), 'tagged_by_company': 'natural', 'tagged_by_crew': 1, 'init_detect_by': 'natural', 'init_detect_date': datetime.datetime(2020, 1, 16, 0, 0), 'requires_shutdown': False, 'date_repaired': datetime.datetime(2020, 1, 16, 16, 0), 'repair_delay': 0, 'OGI_sp_covered': 1}, {'leak_ID': 'ABRAND00369_0000000001', 'facility_ID': 'ABRAND00369', 'equipment_group': 2, 'rate': 0.013068173573647049, 'lat': 53.48, 'lon': -116.08, 'status': 'repaired', 'days_active': 120, 'days_active_prog_start': 0, 'tagged': True, 'component': 'unknown', 'date_began': datetime.datetime(2020, 7, 25, 0, 0), 'date_tagged': datetime.datetime(2020, 11, 22, 0, 0), 'tagged_by_company': 'natural', 'tagged_by_crew': 1, 'init_detect_by': 'natural', 'init_detect_date': datetime.datetime(2020, 11, 22, 0, 0), 'requires_shutdown': False, 'date_repaired': datetime.datetime(2020, 11, 22, 16, 0), 'repair_delay': 0, 'OGI_sp_covered': 1}, {'leak_ID': 'ABRAND00369_0000000002', 'facility_ID': 'ABRAND00369', 'equipment_group': 3, 'rate': 0.0039016921192630604, 'lat': 53.48, 'lon': -116.08, 'status': 'repaired', 'days_active': 120, 'days_active_prog_start': 0, 'tagged': True, 'component': 'unknown', 'date_began': datetime.datetime(2020, 7, 26, 0, 0), 'date_tagged': datetime.datetime(2020, 11, 23, 0, 0), 'tagged_by_company': 'natural', 'tagged_by_crew': 1, 'init_detect_by': 'natural', 'init_detect_date': datetime.datetime(2020, 11, 23, 0, 0), 'requires_shutdown': False, 'date_repaired': datetime.datetime(2020, 11, 23, 16, 0), 'repair_delay': 0, 'OGI_sp_covered': 1}]",[],0,False,,,,2,4,24,30,False,6,6,0,3,0.0,215.85977191954402,0.7354709418837675,0.9307347319205144,0.1182793270792022
ABRAND00895,621,52.76,-114.27,3,6,2,2,2,120,1,30,20,120,1,lognorm,0.062287158377333125,[1.462],"['kilogram', 'hour']",<scipy.stats._distn_infrastructure.rv_frozen object at 0x000002073C01D1C8>,0,4,60,386.2772605327756,[],"[{'leak_ID': 'ABRAND00895_0000000000', 'facility_ID': 'ABRAND00895', 'equipment_group': 1, 'rate': 0.006929910549678625, 'lat': 52.76, 'lon': -114.27, 'status': 'repaired', 'days_active': 120, 'days_active_prog_start': 0, 'tagged': True, 'component': 'unknown', 'date_began': datetime.datetime(2018, 10, 6, 0, 0), 'date_tagged': datetime.datetime(2019, 2, 3, 0, 0), 'tagged_by_company': 'natural', 'tagged_by_crew': 1, 'init_detect_by': 'natural', 'init_detect_date': datetime.datetime(2019, 2, 3, 0, 0), 'requires_shutdown': False, 'date_repaired': datetime.datetime(2019, 2, 3, 16, 0), 'repair_delay': 0, 'OGI_sp_covered': 1}, {'leak_ID': 'ABRAND00895_0000000001', 'facility_ID': 'ABRAND00895', 'equipment_group': 1, 'rate': 0.005964450163273568, 'lat': 52.76, 'lon': -114.27, 'status': 'repaired', 'days_active': 120, 'days_active_prog_start': 0, 'tagged': True, 'component': 'unknown', 'date_began': datetime.datetime(2018, 11, 30, 0, 0), 'date_tagged': datetime.datetime(2019, 3, 30, 0, 0), 'tagged_by_company': 'natural', 'tagged_by_crew': 1, 'init_detect_by': 'natural', 'init_detect_date': datetime.datetime(2019, 3, 30, 0, 0), 'requires_shutdown': False, 'date_repaired': datetime.datetime(2019, 3, 30, 16, 0), 'repair_delay': 0, 'OGI_sp_covered': 1}, {'leak_ID': 'ABRAND00895_0000000002', 'facility_ID': 'ABRAND00895', 'equipment_group': 2, 'rate': 0.007052166188828051, 'lat': 52.76, 'lon': -114.27, 'status': 'repaired', 'days_active': 120, 'days_active_prog_start': 0, 'tagged': True, 'component': 'unknown', 'date_began': datetime.datetime(2019, 8, 28, 0, 0), 'date_tagged': datetime.datetime(2019, 12, 26, 0, 0), 'tagged_by_company': 'natural', 'tagged_by_crew': 1, 'init_detect_by': 'natural', 'init_detect_date': datetime.datetime(2019, 12, 26, 0, 0), 'requires_shutdown': False, 'date_repaired': datetime.datetime(2019, 12, 26, 0, 0), 'repair_delay': 0, 'OGI_sp_covered': 1}, {'leak_ID': 'ABRAND00895_0000000003', 'facility_ID': 'ABRAND00895', 'equipment_group': 2, 'rate': 0.06109465877420957, 'lat': 52.76, 'lon': -114.27, 'status': 'repaired', 'days_active': 34, 'days_active_prog_start': 0, 'tagged': True, 'component': 'unknown', 'date_began': datetime.datetime(2020, 3, 23, 0, 0), 'date_tagged': datetime.datetime(2020, 4, 10, 13, 0), 'tagged_by_company': 'OGI', 'tagged_by_crew': 3, 'init_detect_by': 'OGI', 'init_detect_date': datetime.datetime(2020, 4, 10, 13, 0), 'requires_shutdown': False, 'date_repaired': datetime.datetime(2020, 4, 26, 13, 30), 'repair_delay': 16, 'OGI_sp_covered': 1}]",[],0,False,,,,2,4,24,30,False,6,5,0,4,0.0,386.2772605327756,0.7374749498997996,0.9316067939599975,0.21165877289467155
ABRAND01066,601,51.74,-112.68,4,6,2,2,2,120,1,30,20,120,1,lognorm,0.062287158377333125,[1.462],"['kilogram', 'hour']",<scipy.stats._distn_infrastructure.rv_frozen object at 0x000002073C01D1C8>,0,7,60,646.2085111014121,[],"[{'leak_ID': 'ABRAND01066_0000000000', 'facility_ID': 'ABRAND01066', 'equipment_group': 2, 'rate': 0.023543985158920415, 'lat': 51.74, 'lon': -112.68, 'status': 'repaired', 'days_active': 120, 'days_active_prog_start': 0, 'tagged': True, 'component': 'unknown', 'date_began': datetime.datetime(2017, 1, 10, 0, 0), 'date_tagged': datetime.datetime(2017, 5, 10, 0, 0), 'tagged_by_company': 'natural', 'tagged_by_crew': 1, 'init_detect_by': 'natural', 'init_detect_date': datetime.datetime(2017, 5, 10, 0, 0), 'requires_shutdown': False, 'date_repaired': datetime.datetime(2017, 5, 10, 16, 0), 'repair_delay': 0, 'OGI_sp_covered': 1}, {'leak_ID': 'ABRAND01066_0000000001', 'facility_ID': 'ABRAND01066', 'equipment_group': 4, 'rate': 0.01240146702772583, 'lat': 51.74, 'lon': -112.68, 'status': 'repaired', 'days_active': 120, 'days_active_prog_start': 0, 'tagged': True, 'component': 'unknown', 'date_began': datetime.datetime(2017, 8, 14, 0, 0), 'date_tagged': datetime.datetime(2017, 12, 12, 0, 0), 'tagged_by_company': 'natural', 'tagged_by_crew': 1, 'init_detect_by': 'natural', 'init_detect_date': datetime.datetime(2017, 12, 12, 0, 0), 'requires_shutdown': False, 'date_repaired': datetime.datetime(2017, 12, 12, 16, 0), 'repair_delay': 0, 'OGI_sp_covered': 1}, {'leak_ID': 'ABRAND01066_0000000002', 'facility_ID': 'ABRAND01066', 'equipment_group': 2, 'rate': 0.0035675699688003685, 'lat': 51.74, 'lon': -112.68, 'status': 'repaired', 'days_active': 120, 'days_active_prog_start': 0, 'tagged': True, 'component': 'unknown', 'date_began': datetime.datetime(2017, 12, 26, 0, 0), 'date_tagged': datetime.datetime(2018, 4, 25, 0, 0), 'tagged_by_company': 'natural', 'tagged_by_crew': 1, 'init_detect_by': 'natural', 'init_detect_date': datetime.datetime(2018, 4, 25, 0, 0), 'requires_shutdown': False, 'date_repaired': datetime.datetime(2018, 4, 25, 16, 0), 'repair_delay': 0, 'OGI_sp_covered': 1}, {'leak_ID': 'ABRAND01066_0000000003', 'facility_ID': 'ABRAND01066', 'equipment_group': 4, 'rate': 0.007046834016404543, 'lat': 51.74, 'lon': -112.68, 'status': 'repaired', 'days_active': 120, 'days_active_prog_start': 0, 'tagged': True, 'component': 'unknown', 'date_began': datetime.datetime(2018, 1, 13, 0, 0), 'date_tagged': datetime.datetime(2018, 5, 13, 0, 0), 'tagged_by_company': 'natural', 'tagged_by_crew': 1, 'init_detect_by': 'natural', 'init_detect_date': datetime.datetime(2018, 5, 13, 0, 0), 'requires_shutdown': False, 'date_repaired': datetime.datetime(2018, 5, 13, 16, 0), 'repair_delay': 0, 'OGI_sp_covered': 0}, {'leak_ID': 'ABRAND01066_0000000004', 'facility_ID': 'ABRAND01066', 'equipment_group': 2, 'rate': 0.0005310358563192268, 'lat': 51.74, 'lon': -112.68, 'status': 'repaired', 'days_active': 120, 'days_active_prog_start': 0, 'tagged': True, 'component': 'unknown', 'date_began': datetime.datetime(2018, 5, 7, 0, 0), 'date_tagged': datetime.datetime(2018, 9, 4, 0, 0), 'tagged_by_company': 'natural', 'tagged_by_crew': 1, 'init_detect_by': 'natural', 'init_detect_date': datetime.datetime(2018, 9, 4, 0, 0), 'requires_shutdown': False, 'date_repaired': datetime.datetime(2018, 9, 4, 16, 0), 'repair_delay': 0, 'OGI_sp_covered': 1}, {'leak_ID': 'ABRAND01066_0000000005', 'facility_ID': 'ABRAND01066', 'equipment_group': 1, 'rate': 0.004459498566133148, 'lat': 51.74, 'lon': -112.68, 'status': 'repaired', 'days_active': 120, 'days_active_prog_start': 0, 'tagged': True, 'component': 'unknown', 'date_began': datetime.datetime(2019, 8, 11, 0, 0), 'date_tagged': datetime.datetime(2019, 12, 9, 0, 0), 'tagged_by_company': 'natural', 'tagged_by_crew': 1, 'init_detect_by': 'natural', 'init_detect_date': datetime.datetime(2019, 12, 9, 0, 0), 'requires_shutdown': False, 'date_repaired': datetime.datetime(2019, 12, 9, 16, 0), 'repair_delay': 0, 'OGI_sp_covered': 1}, {'leak_ID': 'ABRAND01066_0000000006', 'facility_ID': 'ABRAND01066', 'equipment_group': 4, 'rate': 0.010776819195570329, 'lat': 51.74, 'lon': -112.68, 'status': 'repaired', 'days_active': 120, 'days_active_prog_start': 0, 'tagged': True, 'component': 'unknown', 'date_began': datetime.datetime(2021, 4, 3, 0, 0), 'date_tagged': datetime.datetime(2021, 8, 1, 0, 0), 'tagged_by_company': 'natural', 'tagged_by_crew': 1, 'init_detect_by': 'natural', 'init_detect_date': datetime.datetime(2021, 8, 1, 0, 0), 'requires_shutdown': False, 'date_repaired': datetime.datetime(2021, 8, 1, 16, 0), 'repair_delay': 0, 'OGI_sp_covered': 1}]",[],0,False,,,,3,4,23,30,False,6,12,0,7,0.0,646.2085111014121,0.7394789579158316,0.9324746989314924,0.35408685539803403
ABRAND00149,351,54.54,-119.14,1,6,2,2,2,120,1,30,20,120,1,lognorm,0.062287158377333125,[1.462],"['kilogram', 'hour']",<scipy.stats._distn_infrastructure.rv_frozen object at 0x000002073C01D1C8>,0,6,60,1055.0146229401323,"[{'leak_ID': 'ABRAND00149_0000000005', 'facility_ID': 'ABRAND00149', 'equipment_group': 1, 'rate': 0.039190045881006635, 'lat': 54.54, 'lon': -119.14, 'status': 'active', 'days_active': 17, 'days_active_prog_start': 0, 'tagged': False, 'component': 'unknown', 'date_began': datetime.datetime(2021, 12, 13, 0, 0), 'date_tagged': None, 'tagged_by_company': None, 'tagged_by_crew': None, 'init_detect_by': None, 'init_detect_date': None, 'requires_shutdown': False, 'date_repaired': None, 'repair_delay': None}]","[{'leak_ID': 'ABRAND00149_0000000000', 'facility_ID': 'ABRAND00149', 'equipment_group': 1, 'rate': 0.02526661521855969, 'lat': 54.54, 'lon': -119.14, 'status': 'repaired', 'days_active': 120, 'days_active_prog_start': 0, 'tagged': True, 'component': 'unknown', 'date_began': datetime.datetime(2017, 2, 13, 0, 0), 'date_tagged': datetime.datetime(2017, 6, 13, 0, 0), 'tagged_by_company': 'natural', 'tagged_by_crew': 1, 'init_detect_by': 'natural', 'init_detect_date': datetime.datetime(2017, 6, 13, 0, 0), 'requires_shutdown': False, 'date_repaired': datetime.datetime(2017, 6, 13, 16, 0), 'repair_delay': 0, 'OGI_sp_covered': 1}, {'leak_ID': 'ABRAND00149_0000000001', 'facility_ID': 'ABRAND00149', 'equipment_group': 1, 'rate': 0.017832005691230664, 'lat': 54.54, 'lon': -119.14, 'status': 'repaired', 'days_active': 120, 'days_active_prog_start': 0, 'tagged': True, 'component': 'unknown', 'date_began': datetime.datetime(2017, 5, 30, 0, 0), 'date_tagged': datetime.datetime(2017, 9, 27, 0, 0), 'tagged_by_company': 'natural', 'tagged_by_crew': 1, 'init_detect_by': 'natural', 'init_detect_date': datetime.datetime(2017, 9, 27, 0, 0), 'requires_shutdown': False, 'date_repaired': datetime.datetime(2017, 9, 27, 16, 0), 'repair_delay': 0, 'OGI_sp_covered': 1}, {'leak_ID': 'ABRAND00149_0000000002', 'facility_ID': 'ABRAND00149', 'equipment_group': 1, 'rate': 0.004787707423029365, 'lat': 54.54, 'lon': -119.14, 'status': 'repaired', 'days_active': 120, 'days_active_prog_start': 0, 'tagged': True, 'component': 'unknown', 'date_began': datetime.datetime(2020, 9, 28, 0, 0), 'date_tagged': datetime.datetime(2021, 1, 26, 0, 0), 'tagged_by_company': 'natural', 'tagged_by_crew': 1, 'init_detect_by': 'natural', 'init_detect_date': datetime.datetime(2021, 1, 26, 0, 0), 'requires_shutdown': False, 'date_repaired': datetime.datetime(2021, 1, 26, 16, 0), 'repair_delay': 0, 'OGI_sp_covered': 1}, {'leak_ID': 'ABRAND00149_0000000004', 'facility_ID': 'ABRAND00149', 'equipment_group': 1, 'rate': 0.05767091089545735, 'lat': 54.54, 'lon': -119.14, 'status': 'repaired', 'days_active': 29, 'days_active_prog_start': 0, 'tagged': True, 'component': 'unknown', 'date_began': datetime.datetime(2021, 7, 29, 0, 0), 'date_tagged': datetime.datetime(2021, 8, 10, 8, 0), 'tagged_by_company': 'OGI', 'tagged_by_crew': 2, 'init_detect_by': 'OGI', 'init_detect_date': datetime.datetime(2021, 8, 10, 8, 0), 'requires_shutdown': False, 'date_repaired': datetime.datetime(2021, 8, 27, 0, 0), 'repair_delay': 16, 'OGI_sp_covered': 1}, {'leak_ID': 'ABRAND00149_0000000003', 'facility_ID': 'ABRAND00149', 'equipment_group': 1, 'rate': 0.03438142332713897, 'lat': 54.54, 'lon': -119.14, 'status': 'repaired', 'days_active': 120, 'days_active_prog_start': 0, 'tagged': True, 'component': 'unknown', 'date_began': datetime.datetime(2021, 5, 30, 0, 0), 'date_tagged': datetime.datetime(2021, 9, 27, 0, 0), 'tagged_by_company': 'natural', 'tagged_by_crew': 1, 'init_detect_by': 'natural', 'init_detect_date': datetime.datetime(2021, 9, 27, 0, 0), 'requires_shutdown': False, 'date_repaired': datetime.datetime(2021, 9, 27, 16, 0), 'repair_delay': 0, 'OGI_sp_covered': 1}]",[],0,False,,,,2,4,23,30,False,6,7,1,5,57.56233939002255,997.4522835501098,0.7414829659318637,0.9333332980557598,0.5780902043507574
ABRAND00962,361,52.21,-114.11,4,6,2,2,2,120,1,30,20,120,1,lognorm,0.062287158377333125,[1.462],"['kilogram', 'hour']",<scipy.stats._distn_infrastructure.rv_frozen object at 0x000002073C01D1C8>,0,3,60,984.6974327049503,"[{'leak_ID': 'ABRAND00962_0000000002', 'facility_ID': 'ABRAND00962', 'equipment_group': 1, 'rate': 0.03393317248768203, 'lat': 52.21, 'lon': -114.11, 'status': 'active', 'days_active': 118, 'days_active_prog_start': 0, 'tagged': False, 'component': 'unknown', 'date_began': datetime.datetime(2021, 9, 3, 0, 0), 'date_tagged': None, 'tagged_by_company': None, 'tagged_by_crew': None, 'init_detect_by': None, 'init_detect_date': None, 'requires_shutdown': False, 'date_repaired': None, 'repair_delay': None, 'OGI_sp_covered': 1}]","[{'leak_ID': 'ABRAND00962_0000000000', 'facility_ID': 'ABRAND00962', 'equipment_group': 2, 'rate': 0.04799426975553924, 'lat': 52.21, 'lon': -114.11, 'status': 'repaired', 'days_active': 19, 'days_active_prog_start': 0, 'tagged': True, 'component': 'unknown', 'date_began': datetime.datetime(2017, 8, 8, 0, 0), 'date_tagged': datetime.datetime(2017, 8, 10, 8, 0), 'tagged_by_company': 'OGI', 'tagged_by_crew': 3, 'init_detect_by': 'OGI', 'init_detect_date': datetime.datetime(2017, 8, 10, 8, 0), 'requires_shutdown': False, 'date_repaired': datetime.datetime(2017, 8, 27, 0, 0), 'repair_delay': 16, 'OGI_sp_covered': 1}, {'leak_ID': 'ABRAND00962_0000000001', 'facility_ID': 'ABRAND00962', 'equipment_group': 3, 'rate': 0.11573134906742748, 'lat': 52.21, 'lon': -114.11, 'status': 'repaired', 'days_active': 56, 'days_active_prog_start': 0, 'tagged': True, 'component': 'unknown', 'date_began': datetime.datetime(2020, 10, 29, 0, 0), 'date_tagged': datetime.datetime(2020, 12, 7, 8, 0), 'tagged_by_company': 'OGI', 'tagged_by_crew': 3, 'init_detect_by': 'OGI', 'init_detect_date': datetime.datetime(2020, 12, 7, 8, 0), 'requires_shutdown': False, 'date_repaired': datetime.datetime(2020, 12, 24, 0, 0), 'repair_delay': 16, 'OGI_sp_covered': 1}]",[],0,False,,,,3,4,23,30,False,6,2,1,2,345.9554801464159,638.7419525585344,0.7434869739478958,0.9341902507764175,0.5395602370986029
ABRAND00693,361,52.97,-115.01,3,6,2,2,2,120,1,30,20,120,1,lognorm,0.062287158377333125,[1.462],"['kilogram', 'hour']",<scipy.stats._distn_infrastructure.rv_frozen object at 0x000002073C01D1C8>,1,9,60,2124.2179113278107,"[{'leak_ID': 'ABRAND00693_0000000008', 'facility_ID': 'ABRAND00693', 'equipment_group': 1, 'rate': 0.018600863319575608, 'lat': 52.97, 'lon': -115.01, 'status': 'active', 'days_active': 24, 'days_active_prog_start': 0, 'tagged': False, 'component': 'unknown', 'date_began': datetime.datetime(2021, 12, 6, 0, 0), 'date_tagged': None, 'tagged_by_company': None, 'tagged_by_crew': None, 'init_detect_by': None, 'init_detect_date': None, 'requires_shutdown': False, 'date_repaired': None, 'repair_delay': None, 'OGI_sp_covered': 0}]","[{'leak_ID': 'ABRAND00693_0000000001', 'facility_ID': 'ABRAND00693', 'equipment_group': 1, 'rate': 0.018752734991211783, 'lat': 52.97, 'lon': -115.01, 'status': 'repaired', 'days_active': 120, 'days_active_prog_start': 68, 'tagged': True, 'component': 'unknown', 'date_began': datetime.datetime(2016, 10, 25, 0, 0), 'date_tagged': datetime.datetime(2017, 2, 21, 0, 0), 'tagged_by_company': 'natural', 'tagged_by_crew': 1, 'init_detect_by': 'natural', 'init_detect_date': datetime.datetime(2017, 2, 21, 0, 0), 'requires_shutdown': False, 'date_repaired': datetime.datetime(2017, 2, 21, 16, 0), 'repair_delay': 0, 'OGI_sp_covered': 1}, {'leak_ID': 'ABRAND00693_0000000001', 'facility_ID': 'ABRAND00693', 'equipment_group': 3, 'rate': 0.02824820113399513, 'lat': 52.97, 'lon': -115.01, 'status': 'repaired', 'days_active': 120, 'days_active_prog_start': 0, 'tagged': True, 'component': 'unknown', 'date_began': datetime.datetime(2017, 6, 5, 0, 0), 'date_tagged': datetime.datetime(2017, 10, 3, 0, 0), 'tagged_by_company': 'natural', 'tagged_by_crew': 1, 'init_detect_by': 'natural', 'init_detect_date': datetime.datetime(2017, 10, 3, 0, 0), 'requires_shutdown': False, 'date_repaired': datetime.datetime(2017, 10, 3, 16, 0), 'repair_delay': 0, 'OGI_sp_covered': 1}, {'leak_ID': 'ABRAND00693_0000000002', 'facility_ID': 'ABRAND00693', 'equipment_group': 1, 'rate': 0.08534522867555891, 'lat': 52.97, 'lon': -115.01, 'status': 'repaired', 'days_active': 49, 'days_active_prog_start': 0, 'tagged': True, 'component': 'unknown', 'date_began': datetime.datetime(2017, 9, 7, 0, 0), 'date_tagged': datetime.datetime(2017, 10, 9, 10, 30), 'tagged_by_company': 'OGI', 'tagged_by_crew': 1, 'init_detect_by': 'OGI', 'init_detect_date': datetime.datetime(2017, 10, 9, 10, 30), 'requires_shutdown': False, 'date_repaired': datetime.datetime(2017, 10, 26, 0, 0), 'repair_delay': 16, 'OGI_sp_covered': 1}, {'leak_ID': 'ABRAND00693_0000000003', 'facility_ID': 'ABRAND00693', 'equipment_group': 2, 'rate': 0.003307660360649068, 'lat': 52.97, 'lon': -115.01, 'status': 'repaired', 'days_active': 120, 'days_active_prog_start': 0, 'tagged': True, 'component': 'unknown', 'date_began': datetime.datetime(2019, 6, 13, 0, 0), 'date_tagged': datetime.datetime(2019, 10, 11, 0, 0), 'tagged_by_company': 'natural', 'tagged_by_crew': 1, 'init_detect_by': 'natural', 'init_detect_date': datetime.datetime(2019, 10, 11, 0, 0), 'requires_shutdown': False, 'date_repaired': datetime.datetime(2019, 10, 11, 16, 0), 'repair_delay': 0, 'OGI_sp_covered': 1}, {'leak_ID': 'ABRAND00693_0000000004', 'facility_ID': 'ABRAND00693', 'equipment_group': 1, 'rate': 0.007995248300771099, 'lat': 52.97, 'lon': -115.01, 'status': 'repaired', 'days_active': 120, 'days_active_prog_start': 0, 'tagged': True, 'component': 'unknown', 'date_began': datetime.datetime(2020, 2, 8, 0, 0), 'date_tagged': datetime.datetime(2020, 6, 7, 0, 0), 'tagged_by_company': 'natural', 'tagged_by_crew': 1, 'init_detect_by': 'natural', 'init_detect_date': datetime.datetime(2020, 6, 7, 0, 0), 'requires_shutdown': False, 'date_repaired': datetime.datetime(2020, 6, 7, 16, 0), 'repair_delay': 0, 'OGI_sp_covered': 1}, {'leak_ID': 'ABRAND00693_0000000005', 'facility_ID': 'ABRAND00693', 'equipment_group': 3, 'rate': 0.0013285445660155808, 'lat': 52.97, 'lon': -115.01, 'status': 'repaired', 'days_active': 120, 'days_active_prog_start': 0, 'tagged': True, 'component': 'unknown', 'date_began': datetime.datetime(2020, 5, 30, 0, 0), 'date_tagged': datetime.datetime(2020, 9, 27, 0, 0), 'tagged_by_company': 'natural', 'tagged_by_crew': 1, 'init_detect_by': 'natural', 'init_detect_date': datetime.datetime(2020, 9, 27, 0, 0), 'requires_shutdown': False, 'date_repaired': datetime.datetime(2020, 9, 27, 16, 0), 'repair_delay': 0, 'OGI_sp_covered': 1}, {'leak_ID': 'ABRAND00693_0000000006', 'facility_ID': 'ABRAND00693', 'equipment_group': 1, 'rate': 0.23812666449606074, 'lat': 52.97, 'lon': -115.01, 'status': 'repaired', 'days_active': 52, 'days_active_prog_start': 0, 'tagged': True, 'component': 'unknown', 'date_began': datetime.datetime(2020, 9, 3, 0, 0), 'date_tagged': datetime.datetime(2020, 10, 8, 10, 30), 'tagged_by_company': 'OGI', 'tagged_by_crew': 1, 'init_detect_by': 'OGI', 'init_detect_date': datetime.datetime(2020, 10, 8, 10, 30), 'requires_shutdown': False, 'date_repaired': datetime.datetime(2020, 10, 25, 0, 0), 'repair_delay': 16, 'OGI_sp_covered': 1}, {'leak_ID': 'ABRAND00693_0000000007', 'facility_ID': 'ABRAND00693', 'equipment_group': 2, 'rate': 0.01411859361417429, 'lat': 52.97, 'lon': -115.01, 'status': 'repaired', 'days_active': 120, 'days_active_prog_start': 0, 'tagged': True, 'component': 'unknown', 'date_began': datetime.datetime(2020, 12, 28, 0, 0), 'date_tagged': datetime.datetime(2021, 4, 27, 0, 0), 'tagged_by_company': 'natural', 'tagged_by_crew': 1, 'init_detect_by': 'natural', 'init_detect_date': datetime.datetime(2021, 4, 27, 0, 0), 'requires_shutdown': False, 'date_repaired': datetime.datetime(2021, 4, 27, 13, 30), 'repair_delay': 0, 'OGI_sp_covered': 1}]",[],1,False,,,,2,4,23,30,False,6,6,1,8,38.57075017947198,2085.647161148339,0.7454909819639278,0.9350338757873717,1.1639550199056496
ABRAND00949,351,52.58,-114.15,1,6,2,2,2,120,1,30,20,120,1,lognorm,0.062287158377333125,[1.462],"['kilogram', 'hour']",<scipy.stats._distn_infrastructure.rv_frozen object at 0x000002073C01D1C8>,0,8,60,1915.661849823802,"[{'leak_ID': 'ABRAND00949_0000000007', 'facility_ID': 'ABRAND00949', 'equipment_group': 1, 'rate': 0.08559491144475732, 'lat': 52.58, 'lon': -114.15, 'status': 'active', 'days_active': 17, 'days_active_prog_start': 0, 'tagged': False, 'component': 'unknown', 'date_began': datetime.datetime(2021, 12, 13, 0, 0), 'date_tagged': None, 'tagged_by_company': None, 'tagged_by_crew': None, 'init_detect_by': None, 'init_detect_date': None, 'requires_shutdown': False, 'date_repaired': None, 'repair_delay': None}]","[{'leak_ID': 'ABRAND00949_0000000000', 'facility_ID': 'ABRAND00949', 'equipment_group': 1, 'rate': 0.04061148358582666, 'lat': 52.58, 'lon': -114.15, 'status': 'repaired', 'days_active': 92, 'days_active_prog_start': 0, 'tagged': True, 'component': 'unknown', 'date_began': datetime.datetime(2017, 7, 26, 0, 0), 'date_tagged': datetime.datetime(2017, 10, 9, 10, 30), 'tagged_by_company': 'OGI', 'tagged_by_crew': 2, 'init_detect_by': 'OGI', 'init_detect_date': datetime.datetime(2017, 10, 9, 10, 30), 'requires_shutdown': False, 'date_repaired': datetime.datetime(2017, 10, 26, 0, 0), 'repair_delay': 16, 'OGI_sp_covered': 1}, {'leak_ID': 'ABRAND00949_0000000001', 'facility_ID': 'ABRAND00949', 'equipment_group': 1, 'rate': 0.00641226150333916, 'lat': 52.58, 'lon': -114.15, 'status': 'repaired', 'days_active': 120, 'days_active_prog_start': 0, 'tagged': True, 'component': 'unknown', 'date_began': datetime.datetime(2017, 10, 21, 0, 0), 'date_tagged': datetime.datetime(2018, 2, 18, 0, 0), 'tagged_by_company': 'natural', 'tagged_by_crew': 1, 'init_detect_by': 'natural', 'init_detect_date': datetime.datetime(2018, 2, 18, 0, 0), 'requires_shutdown': False, 'date_repaired': datetime.datetime(2018, 2, 18, 16, 0), 'repair_delay': 0, 'OGI_sp_covered': 1}, {'leak_ID': 'ABRAND00949_0000000002', 'facility_ID': 'ABRAND00949', 'equipment_group': 1, 'rate': 0.023340040603998986, 'lat': 52.58, 'lon': -114.15, 'status': 'repaired', 'days_active': 120, 'days_active_prog_start': 0, 'tagged': True, 'component': 'unknown', 'date_began': datetime.datetime(2018, 8, 19, 0, 0), 'date_tagged': datetime.datetime(2018, 12, 17, 0, 0), 'tagged_by_company': 'natural', 'tagged_by_crew': 1, 'init_detect_by': 'natural', 'init_detect_date': datetime.datetime(2018, 12, 17, 0, 0), 'requires_shutdown': False, 'date_repaired': datetime.datetime(2018, 12, 17, 16, 0), 'repair_delay': 0, 'OGI_sp_covered': 1}, {'leak_ID': 'ABRAND00949_0000000003', 'facility_ID': 'ABRAND00949', 'equipment_group': 1, 'rate': 0.0035019354195528285, 'lat': 52.58, 'lon': -114.15, 'status': 'repaired', 'days_active': 120, 'days_active_prog_start': 0, 'tagged': True, 'component': 'unknown', 'date_began': datetime.datetime(2019, 5, 28, 0, 0), 'date_tagged': datetime.datetime(2019, 9, 25, 0, 0), 'tagged_by_company': 'natural', 'tagged_by_crew': 1, 'init_detect_by': 'natural', 'init_detect_date': datetime.datetime(2019, 9, 25, 0, 0), 'requires_shutdown': False, 'date_repaired': datetime.datetime(2019, 9, 25, 16, 0), 'repair_delay': 0, 'OGI_sp_covered': 1}, {'leak_ID': 'ABRAND00949_0000000004', 'facility_ID': 'ABRAND00949', 'equipment_group': 1, 'rate': 0.09016369200042249, 'lat': 52.58, 'lon': -114.15, 'status': 'repaired', 'days_active': 48, 'days_active_prog_start': 0, 'tagged': True, 'component': 'unknown', 'date_began': datetime.datetime(2020, 9, 7, 0, 0), 'date_tagged': datetime.datetime(2020, 10, 8, 10, 30), 'tagged_by_company': 'OGI', 'tagged_by_crew': 2, 'init_detect_by': 'OGI', 'init_detect_date': datetime.datetime(2020, 10, 8, 10, 30), 'requires_shutdown': False, 'date_repaired': datetime.datetime(2020, 10, 25, 0, 0), 'repair_delay': 16, 'OGI_sp_covered': 1}, {'leak_ID': 'ABRAND00949_0000000005', 'facility_ID': 'ABRAND00949', 'equipment_group': 1, 'rate': 0.030526482967263374, 'lat': 52.58, 'lon': -114.15, 'status': 'repaired', 'days_active': 120, 'days_active_prog_start': 0, 'tagged': True, 'component': 'unknown', 'date_began': datetime.datetime(2021, 2, 28, 0, 0), 'date_tagged': datetime.datetime(2021, 6, 28, 0, 0), 'tagged_by_company': 'natural', 'tagged_by_crew': 1, 'init_detect_by': 'natural', 'init_detect_date': datetime.datetime(2021, 6, 28, 0, 0), 'requires_shutdown': False, 'date_repaired': datetime.datetime(2021, 6, 28, 0, 0), 'repair_delay': 0, 'OGI_sp_covered': 1}, {'leak_ID': 'ABRAND00949_0000000006', 'facility_ID': 'ABRAND00949', 'equipment_group': 1, 'rate': 0.07351615427886352, 'lat': 52.58, 'lon': -114.15, 'status': 'repaired', 'days_active': 68, 'days_active_prog_start': 0, 'tagged': True, 'component': 'unknown', 'date_began': datetime.datetime(2021, 6, 20, 0, 0), 'date_tagged': datetime.datetime(2021, 8, 10, 10, 30), 'tagged_by_company': 'OGI', 'tagged_by_crew': 2, 'init_detect_by': 'OGI', 'init_detect_date': datetime.datetime(2021, 8, 10, 10, 30), 'requires_shutdown': False, 'date_repaired': datetime.datetime(2021, 8, 27, 0, 0), 'repair_delay': 16, 'OGI_sp_covered': 1}]",[],0,False,,,,3,4,23,30,False,6,8,1,7,125.72180593005957,1789.9400438937423,0.7474949899799599,0.9358772510887663,1.0496777259308503
ABRAND00309,311,54.43,-116.41,5,6,2,2,2,120,1,30,20,120,1,lognorm,0.062287158377333125,[1.462],"['kilogram', 'hour']",<scipy.stats._distn_infrastructure.rv_frozen object at 0x000002073C01D1C8>,0,4,60,1020.3782538347892,[],"[{'leak_ID': 'ABRAND00309_0000000000', 'facility_ID': 'ABRAND00309', 'equipment_group': 2, 'rate': 0.012205542478861478, 'lat': 54.43, 'lon': -116.41, 'status': 'repaired', 'days_active': 120, 'days_active_prog_start': 0, 'tagged': True, 'component': 'unknown', 'date_began': datetime.datetime(2017, 5, 25, 0, 0), 'date_tagged': datetime.datetime(2017, 9, 22, 0, 0), 'tagged_by_company': 'natural', 'tagged_by_crew': 1, 'init_detect_by': 'natural', 'init_detect_date': datetime.datetime(2017, 9, 22, 0, 0), 'requires_shutdown': False, 'date_repaired': datetime.datetime(2017, 9, 22, 16, 0), 'repair_delay': 0, 'OGI_sp_covered': 1}, {'leak_ID': 'ABRAND00309_0000000001', 'facility_ID': 'ABRAND00309', 'equipment_group': 2, 'rate': 0.08500285993988616, 'lat': 54.43, 'lon': -116.41, 'status': 'repaired', 'days_active': 60, 'days_active_prog_start': 0, 'tagged': True, 'component': 'unknown', 'date_began': datetime.datetime(2018, 4, 29, 0, 0), 'date_tagged': datetime.datetime(2018, 6, 11, 10, 30), 'tagged_by_company': 'OGI', 'tagged_by_crew': 3, 'init_detect_by': 'OGI', 'init_detect_date': datetime.datetime(2018, 6, 11, 10, 30), 'requires_shutdown': False, 'date_repaired': datetime.datetime(2018, 6, 28, 0, 0), 'repair_delay': 16, 'OGI_sp_covered': 1}, {'leak_ID': 'ABRAND00309_0000000002', 'facility_ID': 'ABRAND00309', 'equipment_group': 3, 'rate': 0.0012619952575703087, 'lat': 54.43, 'lon': -116.41, 'status': 'repaired', 'days_active': 120, 'days_active_prog_start': 0, 'tagged': True, 'component': 'unknown', 'date_began': datetime.datetime(2018, 8, 19, 0, 0), 'date_tagged': datetime.datetime(2018, 12, 17, 0, 0), 'tagged_by_company': 'natural', 'tagged_by_crew': 1, 'init_detect_by': 'natural', 'init_detect_date': datetime.datetime(2018, 12, 17, 0, 0), 'requires_shutdown': False, 'date_repaired': datetime.datetime(2018, 12, 17, 16, 0), 'repair_delay': 0, 'OGI_sp_covered': 1}, {'leak_ID': 'ABRAND00309_0000000003', 'facility_ID': 'ABRAND00309', 'equipment_group': 2, 'rate': 0.06883320768504357, 'lat': 54.43, 'lon': -116.41, 'status': 'repaired', 'days_active': 74, 'days_active_prog_start': 0, 'tagged': True, 'component': 'unknown', 'date_began': datetime.datetime(2021, 8, 13, 0, 0), 'date_tagged': datetime.datetime(2021, 10, 9, 10, 30), 'tagged_by_company': 'OGI', 'tagged_by_crew': 3, 'init_detect_by': 'OGI', 'init_detect_date': datetime.datetime(2021, 10, 9, 10, 30), 'requires_shutdown': False, 'date_repaired': datetime.datetime(2021, 10, 26, 0, 0), 'repair_delay': 16, 'OGI_sp_covered': 1}]",[],0,False,,,,2,4,23,30,False,6,4,0,4,0.0,1020.3782538347892,0.749498997995992,0.9367187096534223,0.5591113719642681
ABRAND00176,361,54.42,-118.93,1,6,2,2,2,120,1,30,20,120,1,lognorm,0.062287158377333125,[1.462],"['kilogram', 'hour']",<scipy.stats._distn_infrastructure.rv_frozen object at 0x000002073C01D1C8>,0,2,60,159.59224356003153,[],"[{'leak_ID': 'ABRAND00176_0000000000', 'facility_ID': 'ABRAND00176', 'equipment_group': 1, 'rate': 0.006334734412572533, 'lat': 54.42, 'lon': -118.93, 'status': 'repaired', 'days_active': 120, 'days_active_prog_start': 0, 'tagged': True, 'component': 'unknown', 'date_began': datetime.datetime(2019, 8, 7, 0, 0), 'date_tagged': datetime.datetime(2019, 12, 5, 0, 0), 'tagged_by_company': 'natural', 'tagged_by_crew': 1, 'init_detect_by': 'natural', 'init_detect_date': datetime.datetime(2019, 12, 5, 0, 0), 'requires_shutdown': False, 'date_repaired': datetime.datetime(2019, 12, 5, 16, 0), 'repair_delay': 0, 'OGI_sp_covered': 1}, {'leak_ID': 'ABRAND00176_0000000001', 'facility_ID': 'ABRAND00176', 'equipment_group': 1, 'rate': 0.009058035992523103, 'lat': 54.42, 'lon': -118.93, 'status': 'repaired', 'days_active': 120, 'days_active_prog_start': 0, 'tagged': True, 'component': 'unknown', 'date_began': datetime.datetime(2020, 9, 9, 0, 0), 'date_tagged': datetime.datetime(2021, 1, 7, 0, 0), 'tagged_by_company': 'natural', 'tagged_by_crew': 1, 'init_detect_by': 'natural', 'init_detect_date': datetime.datetime(2021, 1, 7, 0, 0), 'requires_shutdown': False, 'date_repaired': datetime.datetime(2021, 1, 7, 16, 0), 'repair_delay': 0, 'OGI_sp_covered': 1}]",[],0,False,,,,2,4,23,30,False,6,3,0,2,0.0,159.59224356003153,0.751503006012024,0.9375558609382466,0.08744780469042823
ABRAND00864,351,53.07,-114.33,1,6,2,2,2,120,1,30,20,120,1,lognorm,0.062287158377333125,[1.462],"['kilogram', 'hour']",<scipy.stats._distn_infrastructure.rv_frozen object at 0x000002073C01D1C8>,0,6,60,2204.321164446881,[],"[{'leak_ID': 'ABRAND00864_0000000000', 'facility_ID': 'ABRAND00864', 'equipment_group': 1, 'rate': 0.0013455199214665746, 'lat': 53.07, 'lon': -114.33, 'status': 'repaired', 'days_active': 120, 'days_active_prog_start': 0, 'tagged': True, 'component': 'unknown', 'date_began': datetime.datetime(2018, 1, 10, 0, 0), 'date_tagged': datetime.datetime(2018, 5, 10, 0, 0), 'tagged_by_company': 'natural', 'tagged_by_crew': 1, 'init_detect_by': 'natural', 'init_detect_date': datetime.datetime(2018, 5, 10, 0, 0), 'requires_shutdown': False, 'date_repaired': datetime.datetime(2018, 5, 10, 16, 0), 'repair_delay': 0, 'OGI_sp_covered': 1}, {'leak_ID': 'ABRAND00864_0000000001', 'facility_ID': 'ABRAND00864', 'equipment_group': 1, 'rate': 0.1814176457378876, 'lat': 53.07, 'lon': -114.33, 'status': 'repaired', 'days_active': 58, 'days_active_prog_start': 0, 'tagged': True, 'component': 'unknown', 'date_began': datetime.datetime(2019, 3, 2, 0, 0), 'date_tagged': datetime.datetime(2019, 4, 12, 13, 0), 'tagged_by_company': 'OGI', 'tagged_by_crew': 2, 'init_detect_by': 'OGI', 'init_detect_date': datetime.datetime(2019, 4, 12, 13, 0), 'requires_shutdown': False, 'date_repaired': datetime.datetime(2019, 4, 29, 0, 0), 'repair_delay': 16, 'OGI_sp_covered': 1}, {'leak_ID': 'ABRAND00864_0000000002', 'facility_ID': 'ABRAND00864', 'equipment_group': 1, 'rate': 0.10098516387943995, 'lat': 53.07, 'lon': -114.33, 'status': 'repaired', 'days_active': 60, 'days_active_prog_start': 0, 'tagged': True, 'component': 'unknown', 'date_began': datetime.datetime(2019, 4, 29, 0, 0), 'date_tagged': datetime.datetime(2019, 6, 11, 13, 0), 'tagged_by_company': 'OGI', 'tagged_by_crew': 2, 'init_detect_by': 'OGI', 'init_detect_date': datetime.datetime(2019, 6, 11, 13, 0), 'requires_shutdown': False, 'date_repaired': datetime.datetime(2019, 6, 28, 0, 0), 'repair_delay': 16, 'OGI_sp_covered': 1}, {'leak_ID': 'ABRAND00864_0000000003', 'facility_ID': 'ABRAND00864', 'equipment_group': 1, 'rate': 0.09689111198503189, 'lat': 53.07, 'lon': -114.33, 'status': 'repaired', 'days_active': 44, 'days_active_prog_start': 0, 'tagged': True, 'component': 'unknown', 'date_began': datetime.datetime(2019, 9, 12, 0, 0), 'date_tagged': datetime.datetime(2019, 10, 9, 13, 0), 'tagged_by_company': 'OGI', 'tagged_by_crew': 2, 'init_detect_by': 'OGI', 'init_detect_date': datetime.datetime(2019, 10, 9, 13, 0), 'requires_shutdown': False, 'date_repaired': datetime.datetime(2019, 10, 26, 0, 0), 'repair_delay': 16, 'OGI_sp_covered': 1}, {'leak_ID': 'ABRAND00864_0000000004', 'facility_ID': 'ABRAND00864', 'equipment_group': 1, 'rate': 0.030143684247779814, 'lat': 53.07, 'lon': -114.33, 'status': 'repaired', 'days_active': 120, 'days_active_prog_start': 0, 'tagged': True, 'component': 'unknown', 'date_began': datetime.datetime(2020, 2, 19, 0, 0), 'date_tagged': datetime.datetime(2020, 6, 18, 0, 0), 'tagged_by_company': 'natural', 'tagged_by_crew': 1, 'init_detect_by': 'natural', 'init_detect_date': datetime.datetime(2020, 6, 18, 0, 0), 'requires_shutdown': False, 'date_repaired': datetime.datetime(2020, 6, 18, 16, 0), 'repair_delay': 0, 'OGI_sp_covered': 1}, {'leak_ID': 'ABRAND00864_0000000005', 'facility_ID': 'ABRAND00864', 'equipment_group': 1, 'rate': 0.05233704277309209, 'lat': 53.07, 'lon': -114.33, 'status': 'repaired', 'days_active': 17, 'days_active_prog_start': 0, 'tagged': True, 'component': 'unknown', 'date_began': datetime.datetime(2020, 12, 7, 0, 0), 'date_tagged': datetime.datetime(2020, 12, 7, 13, 0), 'tagged_by_company': 'OGI', 'tagged_by_crew': 2, 'init_detect_by': 'OGI', 'init_detect_date': datetime.datetime(2020, 12, 7, 13, 0), 'requires_shutdown': False, 'date_repaired': datetime.datetime(2020, 12, 24, 0, 0), 'repair_delay': 16, 'OGI_sp_covered': 1}]",[],0,False,,,,2,4,23,30,False,6,4,0,6,0.0,2204.321164446881,0.7535070140280561,0.9383895581425118,1.2078472133955513
ABRAND00649,351,52.94,-115.16,1,6,2,2,2,120,1,30,20,120,1,lognorm,0.062287158377333125,[1.462],"['kilogram', 'hour']",<scipy.stats._distn_infrastructure.rv_frozen object at 0x000002073C01D1C8>,1,6,60,926.2651413750511,[],"[{'leak_ID': 'ABRAND00649_0000000001', 'facility_ID': 'ABRAND00649', 'equipment_group': 1, 'rate': 0.001470991324516627, 'lat': 52.94, 'lon': -115.16, 'status': 'repaired', 'days_active': 120, 'days_active_prog_start': 47, 'tagged': True, 'component': 'unknown', 'date_began': datetime.datetime(2016, 11, 15, 0, 0), 'date_tagged': datetime.datetime(2017, 3, 14, 0, 0), 'tagged_by_company': 'natural', 'tagged_by_crew': 1, 'init_detect_by': 'natural', 'init_detect_date': datetime.datetime(2017, 3, 14, 0, 0), 'requires_shutdown': False, 'date_repaired': datetime.datetime(2017, 3, 14, 16, 0), 'repair_delay': 0, 'OGI_sp_covered': 1}, {'leak_ID': 'ABRAND00649_0000000001', 'facility_ID': 'ABRAND00649', 'equipment_group': 1, 'rate': 0.007881683287425122, 'lat': 52.94, 'lon': -115.16, 'status': 'repaired', 'days_active': 120, 'days_active_prog_start': 0, 'tagged': True, 'component': 'unknown', 'date_began': datetime.datetime(2017, 4, 11, 0, 0), 'date_tagged': datetime.datetime(2017, 8, 9, 0, 0), 'tagged_by_company': 'natural', 'tagged_by_crew': 1, 'init_detect_by': 'natural', 'init_detect_date': datetime.datetime(2017, 8, 9, 0, 0), 'requires_shutdown': False, 'date_repaired': datetime.datetime(2017, 8, 9, 16, 0), 'repair_delay': 0, 'OGI_sp_covered': 1}, {'leak_ID': 'ABRAND00649_0000000002', 'facility_ID': 'ABRAND00649', 'equipment_group': 1, 'rate': 0.028329071324171794, 'lat': 52.94, 'lon': -115.16, 'status': 'repaired', 'days_active': 120, 'days_active_prog_start': 0, 'tagged': True, 'component': 'unknown', 'date_began': datetime.datetime(2017, 7, 18, 0, 0), 'date_tagged': datetime.datetime(2017, 11, 15, 0, 0), 'tagged_by_company': 'natural', 'tagged_by_crew': 1, 'init_detect_by': 'natural', 'init_detect_date': datetime.datetime(2017, 11, 15, 0, 0), 'requires_shutdown': False, 'date_repaired': datetime.datetime(2017, 11, 15, 16, 0), 'repair_delay': 0, 'OGI_sp_covered': 1}, {'leak_ID': 'ABRAND00649_0000000003', 'facility_ID': 'ABRAND00649', 'equipment_group': 1, 'rate': 0.022781205456230007, 'lat': 52.94, 'lon': -115.16, 'status': 'repaired', 'days_active': 120, 'days_active_prog_start': 0, 'tagged': True, 'component': 'unknown', 'date_began': datetime.datetime(2017, 12, 16, 0, 0), 'date_tagged': datetime.datetime(2018, 4, 15, 0, 0), 'tagged_by_company': 'natural', 'tagged_by_crew': 1, 'init_detect_by': 'natural', 'init_detect_date': datetime.datetime(2018, 4, 15, 0, 0), 'requires_shutdown': False, 'date_repaired': datetime.datetime(2018, 4, 15, 16, 0), 'repair_delay': 0, 'OGI_sp_covered': 1}, {'leak_ID': 'ABRAND00649_0000000004', 'facility_ID': 'ABRAND00649', 'equipment_group': 1, 'rate': 0.013765935251203681, 'lat': 52.94, 'lon': -115.16, 'status': 'repaired', 'days_active': 120, 'days_active_prog_start': 0, 'tagged': True, 'component': 'unknown', 'date_began': datetime.datetime(2020, 5, 12, 0, 0), 'date_tagged': datetime.datetime(2020, 9, 9, 0, 0), 'tagged_by_company': 'natural', 'tagged_by_crew': 1, 'init_detect_by': 'natural', 'init_detect_date': datetime.datetime(2020, 9, 9, 0, 0), 'requires_shutdown': False, 'date_repaired': datetime.datetime(2020, 9, 9, 16, 0), 'repair_delay': 0, 'OGI_sp_covered': 0}, {'leak_ID': 'ABRAND00649_0000000005', 'facility_ID': 'ABRAND00649', 'equipment_group': 1, 'rate': 0.015686096279451254, 'lat': 52.94, 'lon': -115.16, 'status': 'repaired', 'days_active': 120, 'days_active_prog_start': 0, 'tagged': True, 'component': 'unknown', 'date_began': datetime.datetime(2021, 6, 21, 0, 0), 'date_tagged': datetime.datetime(2021, 10, 19, 0, 0), 'tagged_by_company': 'natural', 'tagged_by_crew': 1, 'init_detect_by': 'natural', 'init_detect_date': datetime.datetime(2021, 10, 19, 0, 0), 'requires_shutdown': False, 'date_repaired': datetime.datetime(2021, 10, 19, 16, 0), 'repair_delay': 0, 'OGI_sp_covered': 1}]",[],1,False,,,,2,4,23,30,False,6,10,0,6,0.0,926.2651413750511,0.7555110220440882,0.9392207030811301,0.5075425432192061
ABRAND00349,351,53.94,-116.17,2,6,2,2,2,120,1,30,20,120,1,lognorm,0.062287158377333125,[1.462],"['kilogram', 'hour']",<scipy.stats._distn_infrastructure.rv_frozen object at 0x000002073C01D1C8>,0,5,60,447.5106382424283,"[{'leak_ID': 'ABRAND00349_0000000004', 'facility_ID': 'ABRAND00349', 'equipment_group': 1, 'rate': 0.03542360217102883, 'lat': 53.94, 'lon': -116.17, 'status': 'active', 'days_active': 0, 'days_active_prog_start': 0, 'tagged': False, 'component': 'unknown', 'date_began': datetime.datetime(2021, 12, 30, 0, 0), 'date_tagged': None, 'tagged_by_company': None, 'tagged_by_crew': None, 'init_detect_by': None, 'init_detect_date': None, 'requires_shutdown': False, 'date_repaired': None, 'repair_delay': None}]","[{'leak_ID': 'ABRAND00349_0000000000', 'facility_ID': 'ABRAND00349', 'equipment_group': 2, 'rate': 0.005844367086581635, 'lat': 53.94, 'lon': -116.17, 'status': 'repaired', 'days_active': 120, 'days_active_prog_start': 0, 'tagged': True, 'component': 'unknown', 'date_began': datetime.datetime(2017, 6, 21, 0, 0), 'date_tagged': datetime.datetime(2017, 10, 19, 0, 0), 'tagged_by_company': 'natural', 'tagged_by_crew': 1, 'init_detect_by': 'natural', 'init_detect_date': datetime.datetime(2017, 10, 19, 0, 0), 'requires_shutdown': False, 'date_repaired': datetime.datetime(2017, 10, 19, 16, 0), 'repair_delay': 0, 'OGI_sp_covered': 1}, {'leak_ID': 'ABRAND00349_0000000001', 'facility_ID': 'ABRAND00349', 'equipment_group': 1, 'rate': 0.004723535262284891, 'lat': 53.94, 'lon': -116.17, 'status': 'repaired', 'days_active': 120, 'days_active_prog_start': 0, 'tagged': True, 'component': 'unknown', 'date_began': datetime.datetime(2019, 10, 23, 0, 0), 'date_tagged': datetime.datetime(2020, 2, 20, 0, 0), 'tagged_by_company': 'natural', 'tagged_by_crew': 1, 'init_detect_by': 'natural', 'init_detect_date': datetime.datetime(2020, 2, 20, 0, 0), 'requires_shutdown': False, 'date_repaired': datetime.datetime(2020, 2, 20, 16, 0), 'repair_delay': 0, 'OGI_sp_covered': 1}, {'leak_ID': 'ABRAND00349_0000000002', 'facility_ID': 'ABRAND00349', 'equipment_group': 1, 'rate': 0.00288042158513586, 'lat': 53.94, 'lon': -116.17, 'status': 'repaired', 'days_active': 120, 'days_active_prog_start': 0, 'tagged': True, 'component': 'unknown', 'date_began': datetime.datetime(2020, 5, 29, 0, 0), 'date_tagged': datetime.datetime(2020, 9, 26, 0, 0), 'tagged_by_company': 'natural', 'tagged_by_crew': 1, 'init_detect_by': 'natural', 'init_detect_date': datetime.datetime(2020, 9, 26, 0, 0), 'requires_shutdown': False, 'date_repaired': datetime.datetime(2020, 9, 26, 16, 0), 'repair_delay': 0, 'OGI_sp_covered': 1}, {'leak_ID': 'ABRAND00349_0000000003', 'facility_ID': 'ABRAND00349', 'equipment_group': 2, 'rate': 0.029714353365614538, 'lat': 53.94, 'lon': -116.17, 'status': 'repaired', 'days_active': 120, 'days_active_prog_start': 0, 'tagged': True, 'component': 'unknown', 'date_began': datetime.datetime(2021, 7, 27, 0, 0), 'date_tagged': datetime.datetime(2021, 11, 24, 0, 0), 'tagged_by_company': 'natural', 'tagged_by_crew': 1, 'init_detect_by': 'natural', 'init_detect_date': datetime.datetime(2021, 11, 24, 0, 0), 'requires_shutdown': False, 'date_repaired': datetime.datetime(2021, 11, 24, 16, 0), 'repair_delay': 0, 'OGI_sp_covered': 1}]",[],0,False,,,,2,4,22,30,False,6,7,1,4,0.0,447.5106382424283,0.7575150300601202,0.9400499936822169,0.2452113086259881
ABRAND00558,311,53.34,-115.52,4,6,2,2,2,120,1,30,20,120,1,lognorm,0.062287158377333125,[1.462],"['kilogram', 'hour']",<scipy.stats._distn_infrastructure.rv_frozen object at 0x000002073C01D1C8>,0,4,60,361.40830987772637,[],"[{'leak_ID': 'ABRAND00558_0000000000', 'facility_ID': 'ABRAND00558', 'equipment_group': 3, 'rate': 0.02066436390660612, 'lat': 53.34, 'lon': -115.52, 'status': 'repaired', 'days_active': 120, 'days_active_prog_start': 0, 'tagged': True, 'component': 'unknown', 'date_began': datetime.datetime(2017, 12, 7, 0, 0), 'date_tagged': datetime.datetime(2018, 4, 6, 0, 0), 'tagged_by_company': 'natural', 'tagged_by_crew': 1, 'init_detect_by': 'natural', 'init_detect_date': datetime.datetime(2018, 4, 6, 0, 0), 'requires_shutdown': False, 'date_repaired': datetime.datetime(2018, 4, 6, 16, 0), 'repair_delay': 0, 'OGI_sp_covered': 1}, {'leak_ID': 'ABRAND00558_0000000001', 'facility_ID': 'ABRAND00558', 'equipment_group': 2, 'rate': 0.0038714540696987683, 'lat': 53.34, 'lon': -115.52, 'status': 'repaired', 'days_active': 120, 'days_active_prog_start': 0, 'tagged': True, 'component': 'unknown', 'date_began': datetime.datetime(2018, 9, 26, 0, 0), 'date_tagged': datetime.datetime(2019, 1, 24, 0, 0), 'tagged_by_company': 'natural', 'tagged_by_crew': 1, 'init_detect_by': 'natural', 'init_detect_date': datetime.datetime(2019, 1, 24, 0, 0), 'requires_shutdown': False, 'date_repaired': datetime.datetime(2019, 1, 24, 16, 0), 'repair_delay': 0, 'OGI_sp_covered': 1}, {'leak_ID': 'ABRAND00558_0000000002', 'facility_ID': 'ABRAND00558', 'equipment_group': 1, 'rate': 0.0004862500982501065, 'lat': 53.34, 'lon': -115.52, 'status': 'repaired', 'days_active': 120, 'days_active_prog_start': 0, 'tagged': True, 'component': 'unknown', 'date_began': datetime.datetime(2019, 4, 25, 0, 0), 'date_tagged': datetime.datetime(2019, 8, 23, 0, 0), 'tagged_by_company': 'natural', 'tagged_by_crew': 1, 'init_detect_by': 'natural', 'init_detect_date': datetime.datetime(2019, 8, 23, 0, 0), 'requires_shutdown': False, 'date_repaired': datetime.datetime(2019, 8, 23, 16, 0), 'repair_delay': 0, 'OGI_sp_covered': 1}, {'leak_ID': 'ABRAND00558_0000000003', 'facility_ID': 'ABRAND00558', 'equipment_group': 2, 'rate': 0.00983598650470102, 'lat': 53.34, 'lon': -115.52, 'status': 'repaired', 'days_active': 120, 'days_active_prog_start': 0, 'tagged': True, 'component': 'unknown', 'date_began': datetime.datetime(2020, 10, 12, 0, 0), 'date_tagged': datetime.datetime(2021, 2, 9, 0, 0), 'tagged_by_company': 'natural', 'tagged_by_crew': 1, 'init_detect_by': 'natural', 'init_detect_date': datetime.datetime(2021, 2, 9, 0, 0), 'requires_shutdown': False, 'date_repaired': datetime.datetime(2021, 2, 9, 16, 0), 'repair_delay': 0, 'OGI_sp_covered': 1}]",[],0,False,,,,2,4,22,30,False,6,6,0,4,0.0,361.40830987772637,0.7595190380761523,0.9408767660046216,0.19803195061793225
ABRAND00219,351,54.46,-118.69,5,6,2,2,2,120,1,30,20,120,1,lognorm,0.062287158377333125,[1.462],"['kilogram', 'hour']",<scipy.stats._distn_infrastructure.rv_frozen object at 0x000002073C01D1C8>,0,9,60,6857.414350974427,"[{'leak_ID': 'ABRAND00219_0000000008', 'facility_ID': 'ABRAND00219', 'equipment_group': 2, 'rate': 0.006396087033540236, 'lat': 54.46, 'lon': -118.69, 'status': 'active', 'days_active': 87, 'days_active_prog_start': 0, 'tagged': False, 'component': 'unknown', 'date_began': datetime.datetime(2021, 10, 4, 0, 0), 'date_tagged': None, 'tagged_by_company': None, 'tagged_by_crew': None, 'init_detect_by': None, 'init_detect_date': None, 'requires_shutdown': False, 'date_repaired': None, 'repair_delay': None, 'OGI_sp_covered': 1}]","[{'leak_ID': 'ABRAND00219_0000000000', 'facility_ID': 'ABRAND00219', 'equipment_group': 4, 'rate': 0.0005323881342426715, 'lat': 54.46, 'lon': -118.69, 'status': 'repaired', 'days_active': 120, 'days_active_prog_start': 0, 'tagged': True, 'component': 'unknown', 'date_began': datetime.datetime(2018, 3, 16, 0, 0), 'date_tagged': datetime.datetime(2018, 7, 14, 0, 0), 'tagged_by_company': 'natural', 'tagged_by_crew': 1, 'init_detect_by': 'natural', 'init_detect_date': datetime.datetime(2018, 7, 14, 0, 0), 'requires_shutdown': False, 'date_repaired': datetime.datetime(2018, 7, 14, 16, 0), 'repair_delay': 0, 'OGI_sp_covered': 1}, {'leak_ID': 'ABRAND00219_0000000001', 'facility_ID': 'ABRAND00219', 'equipment_group': 1, 'rate': 0.4861514976107185, 'lat': 54.46, 'lon': -118.69, 'status': 'repaired', 'days_active': 105, 'days_active_prog_start': 0, 'tagged': True, 'component': 'unknown', 'date_began': datetime.datetime(2018, 7, 14, 0, 0), 'date_tagged': datetime.datetime(2018, 10, 10, 8, 0), 'tagged_by_company': 'OGI', 'tagged_by_crew': 3, 'init_detect_by': 'OGI', 'init_detect_date': datetime.datetime(2018, 10, 10, 8, 0), 'requires_shutdown': False, 'date_repaired': datetime.datetime(2018, 10, 27, 0, 0), 'repair_delay': 16, 'OGI_sp_covered': 1}, {'leak_ID': 'ABRAND00219_0000000002', 'facility_ID': 'ABRAND00219', 'equipment_group': 3, 'rate': 0.07933615907401372, 'lat': 54.46, 'lon': -118.69, 'status': 'repaired', 'days_active': 40, 'days_active_prog_start': 0, 'tagged': True, 'component': 'unknown', 'date_began': datetime.datetime(2018, 9, 17, 0, 0), 'date_tagged': datetime.datetime(2018, 10, 10, 8, 0), 'tagged_by_company': 'OGI', 'tagged_by_crew': 3, 'init_detect_by': 'OGI', 'init_detect_date': datetime.datetime(2018, 10, 10, 8, 0), 'requires_shutdown': False, 'date_repaired': datetime.datetime(2018, 10, 27, 0, 0), 'repair_delay': 16, 'OGI_sp_covered': 1}, {'leak_ID': 'ABRAND00219_0000000003', 'facility_ID': 'ABRAND00219', 'equipment_group': 3, 'rate': 0.16733859687401167, 'lat': 54.46, 'lon': -118.69, 'status': 'repaired', 'days_active': 92, 'days_active_prog_start': 0, 'tagged': True, 'component': 'unknown', 'date_began': datetime.datetime(2019, 7, 27, 0, 0), 'date_tagged': datetime.datetime(2019, 10, 10, 8, 0), 'tagged_by_company': 'OGI', 'tagged_by_crew': 3, 'init_detect_by': 'OGI', 'init_detect_date': datetime.datetime(2019, 10, 10, 8, 0), 'requires_shutdown': False, 'date_repaired': datetime.datetime(2019, 10, 27, 0, 0), 'repair_delay': 16, 'OGI_sp_covered': 1}, {'leak_ID': 'ABRAND00219_0000000004', 'facility_ID': 'ABRAND00219', 'equipment_group': 2, 'rate': 0.11121617576297803, 'lat': 54.46, 'lon': -118.69, 'status': 'repaired', 'days_active': 50, 'days_active_prog_start': 0, 'tagged': True, 'component': 'unknown', 'date_began': datetime.datetime(2019, 9, 7, 0, 0), 'date_tagged': datetime.datetime(2019, 10, 10, 8, 0), 'tagged_by_company': 'OGI', 'tagged_by_crew': 3, 'init_detect_by': 'OGI', 'init_detect_date': datetime.datetime(2019, 10, 10, 8, 0), 'requires_shutdown': False, 'date_repaired': datetime.datetime(2019, 10, 27, 0, 0), 'repair_delay': 16, 'OGI_sp_covered': 1}, {'leak_ID': 'ABRAND00219_0000000005', 'facility_ID': 'ABRAND00219', 'equipment_group': 5, 'rate': 0.02412472090283522, 'lat': 54.46, 'lon': -118.69, 'status': 'repaired', 'days_active': 120, 'days_active_prog_start': 0, 'tagged': True, 'component': 'unknown', 'date_began': datetime.datetime(2020, 1, 23, 0, 0), 'date_tagged': datetime.datetime(2020, 5, 22, 0, 0), 'tagged_by_company': 'natural', 'tagged_by_crew': 1, 'init_detect_by': 'natural', 'init_detect_date': datetime.datetime(2020, 5, 22, 0, 0), 'requires_shutdown': False, 'date_repaired': datetime.datetime(2020, 5, 22, 16, 0), 'repair_delay': 0, 'OGI_sp_covered': 0}, {'leak_ID': 'ABRAND00219_0000000006', 'facility_ID': 'ABRAND00219', 'equipment_group': 2, 'rate': 0.0009843472134226034, 'lat': 54.46, 'lon': -118.69, 'status': 'repaired', 'days_active': 120, 'days_active_prog_start': 0, 'tagged': True, 'component': 'unknown', 'date_began': datetime.datetime(2020, 12, 2, 0, 0), 'date_tagged': datetime.datetime(2021, 4, 1, 0, 0), 'tagged_by_company': 'natural', 'tagged_by_crew': 1, 'init_detect_by': 'natural', 'init_detect_date': datetime.datetime(2021, 4, 1, 0, 0), 'requires_shutdown': False, 'date_repaired': datetime.datetime(2021, 4, 1, 16, 0), 'repair_delay': 0, 'OGI_sp_covered': 1}, {'leak_ID': 'ABRAND00219_0000000007', 'facility_ID': 'ABRAND00219', 'equipment_group': 1, 'rate': 0.004662283501454886, 'lat': 54.46, 'lon': -118.69, 'status': 'repaired', 'days_active': 120, 'days_active_prog_start': 0, 'tagged': True, 'component': 'unknown', 'date_began': datetime.datetime(2020, 12, 17, 0, 0), 'date_tagged': datetime.datetime(2021, 4, 16, 0, 0), 'tagged_by_company': 'natural', 'tagged_by_crew': 1, 'init_detect_by': 'natural', 'init_detect_date': datetime.datetime(2021, 4, 16, 0, 0), 'requires_shutdown': False, 'date_repaired': datetime.datetime(2021, 4, 16, 16, 0), 'repair_delay': 0, 'OGI_sp_covered': 1}]",[],0,False,,,,2,4,22,30,False,6,9,1,8,48.078107013715254,6809.336243960712,0.7615230460921844,0.9417006147573255,3.7574873156024258
ABRAND01052,601,56.17,-112.92,3,6,2,2,2,120,1,30,20,120,1,lognorm,0.062287158377333125,[1.462],"['kilogram', 'hour']",<scipy.stats._distn_infrastructure.rv_frozen object at 0x000002073C01D1C8>,0,4,60,857.0666306588126,[],"[{'leak_ID': 'ABRAND01052_0000000001', 'facility_ID': 'ABRAND01052', 'equipment_group': 3, 'rate': 0.19614092081167794, 'lat': 56.17, 'lon': -112.92, 'status': 'repaired', 'days_active': 39, 'days_active_prog_start': 0, 'tagged': True, 'component': 'unknown', 'date_began': datetime.datetime(2017, 7, 20, 0, 0), 'date_tagged': datetime.datetime(2017, 8, 11, 10, 30), 'tagged_by_company': 'OGI', 'tagged_by_crew': 1, 'init_detect_by': 'OGI', 'init_detect_date': datetime.datetime(2017, 8, 11, 10, 30), 'requires_shutdown': False, 'date_repaired': datetime.datetime(2017, 8, 28, 0, 0), 'repair_delay': 16, 'OGI_sp_covered': 1}, {'leak_ID': 'ABRAND01052_0000000000', 'facility_ID': 'ABRAND01052', 'equipment_group': 2, 'rate': 0.005913998596160137, 'lat': 56.17, 'lon': -112.92, 'status': 'repaired', 'days_active': 120, 'days_active_prog_start': 0, 'tagged': True, 'component': 'unknown', 'date_began': datetime.datetime(2017, 6, 5, 0, 0), 'date_tagged': datetime.datetime(2017, 10, 3, 0, 0), 'tagged_by_company': 'natural', 'tagged_by_crew': 1, 'init_detect_by': 'natural', 'init_detect_date': datetime.datetime(2017, 10, 3, 0, 0), 'requires_shutdown': False, 'date_repaired': datetime.datetime(2017, 10, 3, 16, 0), 'repair_delay': 0, 'OGI_sp_covered': 1}, {'leak_ID': 'ABRAND01052_0000000002', 'facility_ID': 'ABRAND01052', 'equipment_group': 3, 'rate': 0.005321105823670852, 'lat': 56.17, 'lon': -112.92, 'status': 'repaired', 'days_active': 120, 'days_active_prog_start': 0, 'tagged': True, 'component': 'unknown', 'date_began': datetime.datetime(2017, 12, 25, 0, 0), 'date_tagged': datetime.datetime(2018, 4, 24, 0, 0), 'tagged_by_company': 'natural', 'tagged_by_crew': 1, 'init_detect_by': 'natural', 'init_detect_date': datetime.datetime(2018, 4, 24, 0, 0), 'requires_shutdown': False, 'date_repaired': datetime.datetime(2018, 4, 24, 16, 0), 'repair_delay': 0, 'OGI_sp_covered': 1}, {'leak_ID': 'ABRAND01052_0000000003', 'facility_ID': 'ABRAND01052', 'equipment_group': 3, 'rate': 0.007683701896891865, 'lat': 56.17, 'lon': -112.92, 'status': 'repaired', 'days_active': 120, 'days_active_prog_start': 0, 'tagged': True, 'component': 'unknown', 'date_began': datetime.datetime(2018, 7, 21, 0, 0), 'date_tagged': datetime.datetime(2018, 11, 18, 0, 0), 'tagged_by_company': 'natural', 'tagged_by_crew': 1, 'init_detect_by': 'natural', 'init_detect_date': datetime.datetime(2018, 11, 18, 0, 0), 'requires_shutdown': False, 'date_repaired': datetime.datetime(2018, 11, 18, 16, 0), 'repair_delay': 0, 'OGI_sp_covered': 0}]",[],0,False,,,,1,4,22,30,False,6,5,0,4,0.0,857.0666306588126,0.7635270541082164,0.942520615553222,0.46962555104592474
ABRAND00444,361,53.86,-115.88,5,6,2,2,2,120,1,30,20,120,1,lognorm,0.062287158377333125,[1.462],"['kilogram', 'hour']",<scipy.stats._distn_infrastructure.rv_frozen object at 0x000002073C01D1C8>,1,10,60,3416.89656336873,[],"[{'leak_ID': 'ABRAND00444_0000000001', 'facility_ID': 'ABRAND00444', 'equipment_group': 5, 'rate': 0.0021558145664374076, 'lat': 53.86, 'lon': -115.88, 'status': 'repaired', 'days_active': 120, 'days_active_prog_start': 28, 'tagged': True, 'component': 'unknown', 'date_began': datetime.datetime(2016, 12, 4, 0, 0), 'date_tagged': datetime.datetime(2017, 4, 2, 0, 0), 'tagged_by_company': 'natural', 'tagged_by_crew': 1, 'init_detect_by': 'natural', 'init_detect_date': datetime.datetime(2017, 4, 2, 0, 0), 'requires_shutdown': False, 'date_repaired': datetime.datetime(2017, 4, 2, 16, 0), 'repair_delay': 0, 'OGI_sp_covered': 1}, {'leak_ID': 'ABRAND00444_0000000001', 'facility_ID': 'ABRAND00444', 'equipment_group': 5, 'rate': 0.10821332978319612, 'lat': 53.86, 'lon': -115.88, 'status': 'repaired', 'days_active': 56, 'days_active_prog_start': 0, 'tagged': True, 'component': 'unknown', 'date_began': datetime.datetime(2017, 3, 5, 0, 0), 'date_tagged': datetime.datetime(2017, 4, 13, 10, 30), 'tagged_by_company': 'OGI', 'tagged_by_crew': 2, 'init_detect_by': 'OGI', 'init_detect_date': datetime.datetime(2017, 4, 13, 10, 30), 'requires_shutdown': False, 'date_repaired': datetime.datetime(2017, 4, 30, 0, 0), 'repair_delay': 16, 'OGI_sp_covered': 1}, {'leak_ID': 'ABRAND00444_0000000002', 'facility_ID': 'ABRAND00444', 'equipment_group': 5, 'rate': 0.009980583770961171, 'lat': 53.86, 'lon': -115.88, 'status': 'repaired', 'days_active': 120, 'days_active_prog_start': 0, 'tagged': True, 'component': 'unknown', 'date_began': datetime.datetime(2017, 3, 19, 0, 0), 'date_tagged': datetime.datetime(2017, 7, 17, 0, 0), 'tagged_by_company': 'natural', 'tagged_by_crew': 1, 'init_detect_by': 'natural', 'init_detect_date': datetime.datetime(2017, 7, 17, 0, 0), 'requires_shutdown': False, 'date_repaired': datetime.datetime(2017, 7, 17, 16, 0), 'repair_delay': 0, 'OGI_sp_covered': 1}, {'leak_ID': 'ABRAND00444_0000000003', 'facility_ID': 'ABRAND00444', 'equipment_group': 1, 'rate': 0.03860348468281239, 'lat': 53.86, 'lon': -115.88, 'status': 'repaired', 'days_active': 79, 'days_active_prog_start': 0, 'tagged': True, 'component': 'unknown', 'date_began': datetime.datetime(2017, 6, 10, 0, 0), 'date_tagged': datetime.datetime(2017, 8, 11, 10, 30), 'tagged_by_company': 'OGI', 'tagged_by_crew': 2, 'init_detect_by': 'OGI', 'init_detect_date': datetime.datetime(2017, 8, 11, 10, 30), 'requires_shutdown': False, 'date_repaired': datetime.datetime(2017, 8, 28, 0, 0), 'repair_delay': 16, 'OGI_sp_covered': 1}, {'leak_ID': 'ABRAND00444_0000000004', 'facility_ID': 'ABRAND00444', 'equipment_group': 2, 'rate': 0.10869682218019963, 'lat': 53.86, 'lon': -115.88, 'status': 'repaired', 'days_active': 101, 'days_active_prog_start': 0, 'tagged': True, 'component': 'unknown', 'date_began': datetime.datetime(2017, 11, 20, 0, 0), 'date_tagged': datetime.datetime(2018, 2, 12, 10, 30), 'tagged_by_company': 'OGI', 'tagged_by_crew': 2, 'init_detect_by': 'OGI', 'init_detect_date': datetime.datetime(2018, 2, 12, 10, 30), 'requires_shutdown': False, 'date_repaired': datetime.datetime(2018, 3, 1, 0, 0), 'repair_delay': 16, 'OGI_sp_covered': 1}, {'leak_ID': 'ABRAND00444_0000000005', 'facility_ID': 'ABRAND00444', 'equipment_group': 5, 'rate': 0.033005153069836354, 'lat': 53.86, 'lon': -115.88, 'status': 'repaired', 'days_active': 120, 'days_active_prog_start': 0, 'tagged': True, 'component': 'unknown', 'date_began': datetime.datetime(2018, 12, 20, 0, 0), 'date_tagged': datetime.datetime(2019, 4, 19, 0, 0), 'tagged_by_company': 'natural', 'tagged_by_crew': 1, 'init_detect_by': 'natural', 'init_detect_date': datetime.datetime(2019, 4, 19, 0, 0), 'requires_shutdown': False, 'date_repaired': datetime.datetime(2019, 4, 19, 16, 0), 'repair_delay': 0, 'OGI_sp_covered': 1}, {'leak_ID': 'ABRAND00444_0000000007', 'facility_ID': 'ABRAND00444', 'equipment_group': 1, 'rate': 0.1957878402778816, 'lat': 53.86, 'lon': -115.88, 'status': 'repaired', 'days_active': 42, 'days_active_prog_start': 0, 'tagged': True, 'component': 'unknown', 'date_began': datetime.datetime(2021, 1, 18, 0, 0), 'date_tagged': datetime.datetime(2021, 2, 12, 10, 30), 'tagged_by_company': 'OGI', 'tagged_by_crew': 2, 'init_detect_by': 'OGI', 'init_detect_date': datetime.datetime(2021, 2, 12, 10, 30), 'requires_shutdown': False, 'date_repaired': datetime.datetime(2021, 3, 1, 0, 0), 'repair_delay': 16, 'OGI_sp_covered': 1}, {'leak_ID': 'ABRAND00444_0000000006', 'facility_ID': 'ABRAND00444', 'equipment_group': 1, 'rate': 0.0071896813338111825, 'lat': 53.86, 'lon': -115.88, 'status': 'repaired', 'days_active': 120, 'days_active_prog_start': 0, 'tagged': True, 'component': 'unknown', 'date_began': datetime.datetime(2020, 12, 2, 0, 0), 'date_tagged': datetime.datetime(2021, 4, 1, 0, 0), 'tagged_by_company': 'natural', 'tagged_by_crew': 1, 'init_detect_by': 'natural', 'init_detect_date': datetime.datetime(2021, 4, 1, 0, 0), 'requires_shutdown': False, 'date_repaired': datetime.datetime(2021, 4, 1, 16, 0), 'repair_delay': 0, 'OGI_sp_covered': 1}, {'leak_ID': 'ABRAND00444_0000000009', 'facility_ID': 'ABRAND00444', 'equipment_group': 2, 'rate': 0.083987578084949, 'lat': 53.86, 'lon': -115.88, 'status': 'repaired', 'days_active': 57, 'days_active_prog_start': 0, 'tagged': True, 'component': 'unknown', 'date_began': datetime.datetime(2021, 3, 4, 0, 0), 'date_tagged': datetime.datetime(2021, 4, 13, 10, 30), 'tagged_by_company': 'OGI', 'tagged_by_crew': 2, 'init_detect_by': 'OGI', 'init_detect_date': datetime.datetime(2021, 4, 13, 10, 30), 'requires_shutdown': False, 'date_repaired': datetime.datetime(2021, 4, 30, 0, 0), 'repair_delay': 16, 'OGI_sp_covered': 1}, {'leak_ID': 'ABRAND00444_0000000008', 'facility_ID': 'ABRAND00444', 'equipment_group': 2, 'rate': 0.0019137230524923345, 'lat': 53.86, 'lon': -115.88, 'status': 'repaired', 'days_active': 120, 'days_active_prog_start': 0, 'tagged': True, 'component': 'unknown', 'date_began': datetime.datetime(2021, 2, 8, 0, 0), 'date_tagged': datetime.datetime(2021, 6, 8, 0, 0), 'tagged_by_company': 'natural', 'tagged_by_crew': 1, 'init_detect_by': 'natural', 'init_detect_date': datetime.datetime(2021, 6, 8, 0, 0), 'requires_shutdown': False, 'date_repaired': datetime.datetime(2021, 6, 8, 16, 0), 'repair_delay': 0, 'OGI_sp_covered': 1}]",[],1,False,,,,2,4,22,30,False,6,9,0,10,0.0,3416.89656336873,0.7655310621242485,0.9433402116667243,1.8722720895171123
ABRAND00772,601,52.24,-114.6,4,6,2,2,2,120,1,30,20,120,1,lognorm,0.062287158377333125,[1.462],"['kilogram', 'hour']",<scipy.stats._distn_infrastructure.rv_frozen object at 0x000002073C01D1C8>,0,2,60,164.2904733234958,[],"[{'leak_ID': 'ABRAND00772_0000000000', 'facility_ID': 'ABRAND00772', 'equipment_group': 4, 'rate': 0.00997082190949171, 'lat': 52.24, 'lon': -114.6, 'status': 'repaired', 'days_active': 120, 'days_active_prog_start': 0, 'tagged': True, 'component': 'unknown', 'date_began': datetime.datetime(2017, 6, 14, 0, 0), 'date_tagged': datetime.datetime(2017, 10, 12, 0, 0), 'tagged_by_company': 'natural', 'tagged_by_crew': 1, 'init_detect_by': 'natural', 'init_detect_date': datetime.datetime(2017, 10, 12, 0, 0), 'requires_shutdown': False, 'date_repaired': datetime.datetime(2017, 10, 12, 16, 0), 'repair_delay': 0, 'OGI_sp_covered': 1}, {'leak_ID': 'ABRAND00772_0000000001', 'facility_ID': 'ABRAND00772', 'equipment_group': 4, 'rate': 0.005875095656431882, 'lat': 52.24, 'lon': -114.6, 'status': 'repaired', 'days_active': 120, 'days_active_prog_start': 0, 'tagged': True, 'component': 'unknown', 'date_began': datetime.datetime(2019, 10, 6, 0, 0), 'date_tagged': datetime.datetime(2020, 2, 3, 0, 0), 'tagged_by_company': 'natural', 'tagged_by_crew': 1, 'init_detect_by': 'natural', 'init_detect_date': datetime.datetime(2020, 2, 3, 0, 0), 'requires_shutdown': False, 'date_repaired': datetime.datetime(2020, 2, 3, 16, 0), 'repair_delay': 0, 'OGI_sp_covered': 1}]",[],0,False,,,,3,4,22,30,False,6,3,0,2,0.0,164.2904733234958,0.7675350701402806,0.9441579457207624,0.09002217716355934
ABRAND00735,361,53.18,-114.76,3,6,2,2,2,120,1,30,20,120,1,lognorm,0.062287158377333125,[1.462],"['kilogram', 'hour']",<scipy.stats._distn_infrastructure.rv_frozen object at 0x000002073C01D1C8>,1,6,60,640.9872483595619,"[{'leak_ID': 'ABRAND00735_0000000005', 'facility_ID': 'ABRAND00735', 'equipment_group': 1, 'rate': 0.014899646918140481, 'lat': 53.18, 'lon': -114.76, 'status': 'active', 'days_active': 111, 'days_active_prog_start': 0, 'tagged': False, 'component': 'unknown', 'date_began': datetime.datetime(2021, 9, 10, 0, 0), 'date_tagged': None, 'tagged_by_company': None, 'tagged_by_crew': None, 'init_detect_by': None, 'init_detect_date': None, 'requires_shutdown': False, 'date_repaired': None, 'repair_delay': None, 'OGI_sp_covered': 1}]","[{'leak_ID': 'ABRAND00735_0000000001', 'facility_ID': 'ABRAND00735', 'equipment_group': 2, 'rate': 0.019421974639961696, 'lat': 53.18, 'lon': -114.76, 'status': 'repaired', 'days_active': 120, 'days_active_prog_start': 82, 'tagged': True, 'component': 'unknown', 'date_began': datetime.datetime(2016, 10, 11, 0, 0), 'date_tagged': datetime.datetime(2017, 2, 7, 0, 0), 'tagged_by_company': 'natural', 'tagged_by_crew': 1, 'init_detect_by': 'natural', 'init_detect_date': datetime.datetime(2017, 2, 7, 0, 0), 'requires_shutdown': False, 'date_repaired': datetime.datetime(2017, 2, 7, 16, 0), 'repair_delay': 0}, {'leak_ID': 'ABRAND00735_0000000001', 'facility_ID': 'ABRAND00735', 'equipment_group': 3, 'rate': 0.008261351471492196, 'lat': 53.18, 'lon': -114.76, 'status': 'repaired', 'days_active': 120, 'days_active_prog_start': 0, 'tagged': True, 'component': 'unknown', 'date_began': datetime.datetime(2017, 7, 27, 0, 0), 'date_tagged': datetime.datetime(2017, 11, 24, 0, 0), 'tagged_by_company': 'natural', 'tagged_by_crew': 1, 'init_detect_by': 'natural', 'init_detect_date': datetime.datetime(2017, 11, 24, 0, 0), 'requires_shutdown': False, 'date_repaired': datetime.datetime(2017, 11, 24, 16, 0), 'repair_delay': 0, 'OGI_sp_covered': 1}, {'leak_ID': 'ABRAND00735_0000000002', 'facility_ID': 'ABRAND00735', 'equipment_group': 1, 'rate': 0.050548423050849646, 'lat': 53.18, 'lon': -114.76, 'status': 'repaired', 'days_active': 44, 'days_active_prog_start': 0, 'tagged': True, 'component': 'unknown', 'date_began': datetime.datetime(2018, 7, 15, 0, 0), 'date_tagged': datetime.datetime(2018, 8, 11, 13, 0), 'tagged_by_company': 'OGI', 'tagged_by_crew': 1, 'init_detect_by': 'OGI', 'init_detect_date': datetime.datetime(2018, 8, 11, 13, 0), 'requires_shutdown': False, 'date_repaired': datetime.datetime(2018, 8, 28, 0, 0), 'repair_delay': 16, 'OGI_sp_covered': 1}, {'leak_ID': 'ABRAND00735_0000000003', 'facility_ID': 'ABRAND00735', 'equipment_group': 1, 'rate': 0.00397110954704144, 'lat': 53.18, 'lon': -114.76, 'status': 'repaired', 'days_active': 120, 'days_active_prog_start': 0, 'tagged': True, 'component': 'unknown', 'date_began': datetime.datetime(2020, 10, 11, 0, 0), 'date_tagged': datetime.datetime(2021, 2, 8, 0, 0), 'tagged_by_company': 'natural', 'tagged_by_crew': 1, 'init_detect_by': 'natural', 'init_detect_date': datetime.datetime(2021, 2, 8, 0, 0), 'requires_shutdown': False, 'date_repaired': datetime.datetime(2021, 2, 8, 16, 0), 'repair_delay': 0, 'OGI_sp_covered': 0}, {'leak_ID': 'ABRAND00735_0000000004', 'facility_ID': 'ABRAND00735', 'equipment_group': 1, 'rate': 0.011124267602974379, 'lat': 53.18, 'lon': -114.76, 'status': 'repaired', 'days_active': 120, 'days_active_prog_start': 0, 'tagged': True, 'component': 'unknown', 'date_began': datetime.datetime(2021, 1, 29, 0, 0), 'date_tagged': datetime.datetime(2021, 5, 29, 0, 0), 'tagged_by_company': 'natural', 'tagged_by_crew': 1, 'init_detect_by': 'natural', 'init_detect_date': datetime.datetime(2021, 5, 29, 0, 0), 'requires_shutdown': False, 'date_repaired': datetime.datetime(2021, 5, 29, 16, 0), 'repair_delay': 0, 'OGI_sp_covered': 1}]",[],1,False,,,,2,4,22,30,False,6,5,1,5,142.89357380373448,498.0936745558274,0.7695390781563126,0.9449730607638115,0.3512258895120887
ABRAND00807,311,52.06,-114.48,3,6,2,2,2,120,1,30,20,120,1,lognorm,0.062287158377333125,[1.462],"['kilogram', 'hour']",<scipy.stats._distn_infrastructure.rv_frozen object at 0x000002073C01D1C8>,1,7,60,1750.0880418660715,[],"[{'leak_ID': 'ABRAND00807_0000000001', 'facility_ID': 'ABRAND00807', 'equipment_group': 2, 'rate': 0.08366345484372317, 'lat': 52.06, 'lon': -114.48, 'status': 'repaired', 'days_active': 120, 'days_active_prog_start': 97, 'tagged': True, 'component': 'unknown', 'date_began': datetime.datetime(2016, 9, 26, 0, 0), 'date_tagged': datetime.datetime(2017, 1, 23, 0, 0), 'tagged_by_company': 'natural', 'tagged_by_crew': 1, 'init_detect_by': 'natural', 'init_detect_date': datetime.datetime(2017, 1, 23, 0, 0), 'requires_shutdown': False, 'date_repaired': datetime.datetime(2017, 1, 23, 16, 0), 'repair_delay': 0}, {'leak_ID': 'ABRAND00807_0000000001', 'facility_ID': 'ABRAND00807', 'equipment_group': 1, 'rate': 0.011804786057640354, 'lat': 52.06, 'lon': -114.48, 'status': 'repaired', 'days_active': 120, 'days_active_prog_start': 0, 'tagged': True, 'component': 'unknown', 'date_began': datetime.datetime(2017, 12, 2, 0, 0), 'date_tagged': datetime.datetime(2018, 4, 1, 0, 0), 'tagged_by_company': 'natural', 'tagged_by_crew': 1, 'init_detect_by': 'natural', 'init_detect_date': datetime.datetime(2018, 4, 1, 0, 0), 'requires_shutdown': False, 'date_repaired': datetime.datetime(2018, 4, 1, 16, 0), 'repair_delay': 0, 'OGI_sp_covered': 1}, {'leak_ID': 'ABRAND00807_0000000002', 'facility_ID': 'ABRAND00807', 'equipment_group': 3, 'rate': 0.0824907486085753, 'lat': 52.06, 'lon': -114.48, 'status': 'repaired', 'days_active': 34, 'days_active_prog_start': 0, 'tagged': True, 'component': 'unknown', 'date_began': datetime.datetime(2018, 7, 25, 0, 0), 'date_tagged': datetime.datetime(2018, 8, 11, 13, 0), 'tagged_by_company': 'OGI', 'tagged_by_crew': 2, 'init_detect_by': 'OGI', 'init_detect_date': datetime.datetime(2018, 8, 11, 13, 0), 'requires_shutdown': False, 'date_repaired': datetime.datetime(2018, 8, 28, 0, 0), 'repair_delay': 16, 'OGI_sp_covered': 1}, {'leak_ID': 'ABRAND00807_0000000003', 'facility_ID': 'ABRAND00807', 'equipment_group': 1, 'rate': 0.18561318124334, 'lat': 52.06, 'lon': -114.48, 'status': 'repaired', 'days_active': 55, 'days_active_prog_start': 0, 'tagged': True, 'component': 'unknown', 'date_began': datetime.datetime(2018, 9, 2, 0, 0), 'date_tagged': datetime.datetime(2018, 10, 10, 13, 0), 'tagged_by_company': 'OGI', 'tagged_by_crew': 2, 'init_detect_by': 'OGI', 'init_detect_date': datetime.datetime(2018, 10, 10, 13, 0), 'requires_shutdown': False, 'date_repaired': datetime.datetime(2018, 10, 27, 0, 0), 'repair_delay': 16, 'OGI_sp_covered': 1}, {'leak_ID': 'ABRAND00807_0000000004', 'facility_ID': 'ABRAND00807', 'equipment_group': 2, 'rate': 0.008039928484126936, 'lat': 52.06, 'lon': -114.48, 'status': 'repaired', 'days_active': 120, 'days_active_prog_start': 0, 'tagged': True, 'component': 'unknown', 'date_began': datetime.datetime(2019, 9, 14, 0, 0), 'date_tagged': datetime.datetime(2020, 1, 12, 0, 0), 'tagged_by_company': 'natural', 'tagged_by_crew': 1, 'init_detect_by': 'natural', 'init_detect_date': datetime.datetime(2020, 1, 12, 0, 0), 'requires_shutdown': False, 'date_repaired': datetime.datetime(2020, 1, 12, 16, 0), 'repair_delay': 0, 'OGI_sp_covered': 1}, {'leak_ID': 'ABRAND00807_0000000005', 'facility_ID': 'ABRAND00807', 'equipment_group': 2, 'rate': 0.008665234679157429, 'lat': 52.06, 'lon': -114.48, 'status': 'repaired', 'days_active': 120, 'days_active_prog_start': 0, 'tagged': True, 'component': 'unknown', 'date_began': datetime.datetime(2020, 7, 8, 0, 0), 'date_tagged': datetime.datetime(2020, 11, 5, 0, 0), 'tagged_by_company': 'natural', 'tagged_by_crew': 1, 'init_detect_by': 'natural', 'init_detect_date': datetime.datetime(2020, 11, 5, 0, 0), 'requires_shutdown': False, 'date_repaired': datetime.datetime(2020, 11, 5, 16, 0), 'repair_delay': 0, 'OGI_sp_covered': 1}, {'leak_ID': 'ABRAND00807_0000000006', 'facility_ID': 'ABRAND00807', 'equipment_group': 2, 'rate': 0.015806540364310832, 'lat': 52.06, 'lon': -114.48, 'status': 'repaired', 'days_active': 120, 'days_active_prog_start': 0, 'tagged': True, 'component': 'unknown', 'date_began': datetime.datetime(2020, 9, 24, 0, 0), 'date_tagged': datetime.datetime(2021, 1, 22, 0, 0), 'tagged_by_company': 'natural', 'tagged_by_crew': 1, 'init_detect_by': 'natural', 'init_detect_date': datetime.datetime(2021, 1, 22, 0, 0), 'requires_shutdown': False, 'date_repaired': datetime.datetime(2021, 1, 22, 16, 0), 'repair_delay': 0, 'OGI_sp_covered': 0}]",[],1,False,,,,3,4,22,30,False,6,6,0,7,0.0,1750.0880418660715,0.7715430861723447,0.9457666332929577,0.9589523517074364
ABRAND00572,601,53.21,-115.44,4,6,2,2,2,120,1,30,20,120,1,lognorm,0.062287158377333125,[1.462],"['kilogram', 'hour']",<scipy.stats._distn_infrastructure.rv_frozen object at 0x000002073C01D1C8>,1,3,60,603.9879970239,[],"[{'leak_ID': 'ABRAND00572_0000000001', 'facility_ID': 'ABRAND00572', 'equipment_group': 4, 'rate': 0.001491821216799192, 'lat': 53.21, 'lon': -115.44, 'status': 'repaired', 'days_active': 120, 'days_active_prog_start': 58, 'tagged': True, 'component': 'unknown', 'date_began': datetime.datetime(2016, 11, 4, 0, 0), 'date_tagged': datetime.datetime(2017, 3, 3, 0, 0), 'tagged_by_company': 'natural', 'tagged_by_crew': 1, 'init_detect_by': 'natural', 'init_detect_date': datetime.datetime(2017, 3, 3, 0, 0), 'requires_shutdown': False, 'date_repaired': datetime.datetime(2017, 3, 3, 16, 0), 'repair_delay': 0, 'OGI_sp_covered': 1}, {'leak_ID': 'ABRAND00572_0000000001', 'facility_ID': 'ABRAND00572', 'equipment_group': 3, 'rate': 0.012395664534244955, 'lat': 53.21, 'lon': -115.44, 'status': 'repaired', 'days_active': 120, 'days_active_prog_start': 0, 'tagged': True, 'component': 'unknown', 'date_began': datetime.datetime(2017, 12, 20, 0, 0), 'date_tagged': datetime.datetime(2018, 4, 19, 0, 0), 'tagged_by_company': 'natural', 'tagged_by_crew': 1, 'init_detect_by': 'natural', 'init_detect_date': datetime.datetime(2018, 4, 19, 0, 0), 'requires_shutdown': False, 'date_repaired': datetime.datetime(2018, 4, 19, 16, 0), 'repair_delay': 0, 'OGI_sp_covered': 1}, {'leak_ID': 'ABRAND00572_0000000002', 'facility_ID': 'ABRAND00572', 'equipment_group': 2, 'rate': 0.08726821222347265, 'lat': 53.21, 'lon': -115.44, 'status': 'repaired', 'days_active': 62, 'days_active_prog_start': 0, 'tagged': True, 'component': 'unknown', 'date_began': datetime.datetime(2019, 8, 26, 0, 0), 'date_tagged': datetime.datetime(2019, 10, 10, 13, 0), 'tagged_by_company': 'OGI', 'tagged_by_crew': 3, 'init_detect_by': 'OGI', 'init_detect_date': datetime.datetime(2019, 10, 10, 13, 0), 'requires_shutdown': False, 'date_repaired': datetime.datetime(2019, 10, 27, 0, 0), 'repair_delay': 16, 'OGI_sp_covered': 1}]",[],1,False,,,,2,4,22,30,False,6,3,0,3,0.0,603.9879970239,0.7735470941883767,0.9465560657486082,0.33095232713638356
ABRAND00484,361,53.1,-115.76,3,6,2,2,2,120,1,30,20,120,1,lognorm,0.062287158377333125,[1.462],"['kilogram', 'hour']",<scipy.stats._distn_infrastructure.rv_frozen object at 0x000002073C01D1C8>,0,2,60,502.68745382457973,[],"[{'leak_ID': 'ABRAND00484_0000000000', 'facility_ID': 'ABRAND00484', 'equipment_group': 3, 'rate': 0.023147676331725132, 'lat': 53.1, 'lon': -115.76, 'status': 'repaired', 'days_active': 120, 'days_active_prog_start': 0, 'tagged': True, 'component': 'unknown', 'date_began': datetime.datetime(2019, 2, 19, 0, 0), 'date_tagged': datetime.datetime(2019, 6, 19, 0, 0), 'tagged_by_company': 'natural', 'tagged_by_crew': 1, 'init_detect_by': 'natural', 'init_detect_date': datetime.datetime(2019, 6, 19, 0, 0), 'requires_shutdown': False, 'date_repaired': datetime.datetime(2019, 6, 19, 16, 0), 'repair_delay': 0, 'OGI_sp_covered': 1}, {'leak_ID': 'ABRAND00484_0000000001', 'facility_ID': 'ABRAND00484', 'equipment_group': 3, 'rate': 0.025336838890553007, 'lat': 53.1, 'lon': -115.76, 'status': 'repaired', 'days_active': 120, 'days_active_prog_start': 0, 'tagged': True, 'component': 'unknown', 'date_began': datetime.datetime(2019, 12, 31, 0, 0), 'date_tagged': datetime.datetime(2020, 4, 29, 0, 0), 'tagged_by_company': 'natural', 'tagged_by_crew': 1, 'init_detect_by': 'natural', 'init_detect_date': datetime.datetime(2020, 4, 29, 0, 0), 'requires_shutdown': False, 'date_repaired': datetime.datetime(2020, 4, 29, 0, 0), 'repair_delay': 0, 'OGI_sp_covered': 1}]",[],0,False,,,,2,4,21,30,False,6,3,0,2,0.0,502.68745382457973,0.7755511022044088,0.9473401414249218,0.2754451801778519
ABRAND00910,601,52.85,-114.24,4,6,2,2,2,120,1,30,20,120,1,lognorm,0.062287158377333125,[1.462],"['kilogram', 'hour']",<scipy.stats._distn_infrastructure.rv_frozen object at 0x000002073C01D1C8>,0,1,60,55.35442518913342,[],"[{'leak_ID': 'ABRAND00910_0000000000', 'facility_ID': 'ABRAND00910', 'equipment_group': 1, 'rate': 0.005338968478890183, 'lat': 52.85, 'lon': -114.24, 'status': 'repaired', 'days_active': 120, 'days_active_prog_start': 0, 'tagged': True, 'component': 'unknown', 'date_began': datetime.datetime(2021, 1, 30, 0, 0), 'date_tagged': datetime.datetime(2021, 5, 30, 0, 0), 'tagged_by_company': 'natural', 'tagged_by_crew': 1, 'init_detect_by': 'natural', 'init_detect_date': datetime.datetime(2021, 5, 30, 0, 0), 'requires_shutdown': False, 'date_repaired': datetime.datetime(2021, 5, 30, 16, 0), 'repair_delay': 0, 'OGI_sp_covered': 1}]",[],0,False,,,,2,4,21,30,False,6,1,0,1,0.0,55.35442518913342,0.7775551102204409,0.9481201149543338,0.03033119188445667
ABRAND00384,311,53.28,-116.03,2,6,2,2,2,120,1,30,20,120,1,lognorm,0.062287158377333125,[1.462],"['kilogram', 'hour']",<scipy.stats._distn_infrastructure.rv_frozen object at 0x000002073C01D1C8>,0,5,60,1926.762336939378,"[{'leak_ID': 'ABRAND00384_0000000004', 'facility_ID': 'ABRAND00384', 'equipment_group': 1, 'rate': 0.004516948094841234, 'lat': 53.28, 'lon': -116.03, 'status': 'active', 'days_active': 68, 'days_active_prog_start': 0, 'tagged': False, 'component': 'unknown', 'date_began': datetime.datetime(2021, 10, 23, 0, 0), 'date_tagged': None, 'tagged_by_company': None, 'tagged_by_crew': None, 'init_detect_by': None, 'init_detect_date': None, 'requires_shutdown': False, 'date_repaired': None, 'repair_delay': None, 'OGI_sp_covered': 1}]","[{'leak_ID': 'ABRAND00384_0000000000', 'facility_ID': 'ABRAND00384', 'equipment_group': 2, 'rate': 0.035448087366414416, 'lat': 53.28, 'lon': -116.03, 'status': 'repaired', 'days_active': 120, 'days_active_prog_start': 0, 'tagged': True, 'component': 'unknown', 'date_began': datetime.datetime(2018, 2, 16, 0, 0), 'date_tagged': datetime.datetime(2018, 6, 16, 0, 0), 'tagged_by_company': 'natural', 'tagged_by_crew': 1, 'init_detect_by': 'natural', 'init_detect_date': datetime.datetime(2018, 6, 16, 0, 0), 'requires_shutdown': False, 'date_repaired': datetime.datetime(2018, 6, 16, 16, 0), 'repair_delay': 0, 'OGI_sp_covered': 0}, {'leak_ID': 'ABRAND00384_0000000001', 'facility_ID': 'ABRAND00384', 'equipment_group': 1, 'rate': 0.2818683525678623, 'lat': 53.28, 'lon': -116.03, 'status': 'repaired', 'days_active': 28, 'days_active_prog_start': 0, 'tagged': True, 'component': 'unknown', 'date_began': datetime.datetime(2019, 4, 3, 0, 0), 'date_tagged': datetime.datetime(2019, 4, 14, 8, 0), 'tagged_by_company': 'OGI', 'tagged_by_crew': 3, 'init_detect_by': 'OGI', 'init_detect_date': datetime.datetime(2019, 4, 14, 8, 0), 'requires_shutdown': False, 'date_repaired': datetime.datetime(2019, 5, 1, 0, 0), 'repair_delay': 16, 'OGI_sp_covered': 1}, {'leak_ID': 'ABRAND00384_0000000002', 'facility_ID': 'ABRAND00384', 'equipment_group': 1, 'rate': 0.04599088142761936, 'lat': 53.28, 'lon': -116.03, 'status': 'repaired', 'days_active': 69, 'days_active_prog_start': 0, 'tagged': True, 'component': 'unknown', 'date_began': datetime.datetime(2020, 4, 21, 0, 0), 'date_tagged': datetime.datetime(2020, 6, 12, 8, 0), 'tagged_by_company': 'OGI', 'tagged_by_crew': 3, 'init_detect_by': 'OGI', 'init_detect_date': datetime.datetime(2020, 6, 12, 8, 0), 'requires_shutdown': False, 'date_repaired': datetime.datetime(2020, 6, 29, 0, 0), 'repair_delay': 16, 'OGI_sp_covered': 1}, {'leak_ID': 'ABRAND00384_0000000003', 'facility_ID': 'ABRAND00384', 'equipment_group': 2, 'rate': 0.1853856212791004, 'lat': 53.28, 'lon': -116.03, 'status': 'repaired', 'days_active': 36, 'days_active_prog_start': 0, 'tagged': True, 'component': 'unknown', 'date_began': datetime.datetime(2020, 5, 24, 0, 0), 'date_tagged': datetime.datetime(2020, 6, 12, 8, 0), 'tagged_by_company': 'OGI', 'tagged_by_crew': 3, 'init_detect_by': 'OGI', 'init_detect_date': datetime.datetime(2020, 6, 12, 8, 0), 'requires_shutdown': False, 'date_repaired': datetime.datetime(2020, 6, 29, 0, 0), 'repair_delay': 16, 'OGI_sp_covered': 1}]",[],0,False,,,,2,4,21,30,False,6,2,1,4,26.53797344681122,1900.2243634925667,0.779559118236473,0.9488986016349265,1.0557601846243168
ABRAND00075,601,57.6,-119.57,3,6,2,2,2,120,1,30,20,120,1,lognorm,0.062287158377333125,[1.462],"['kilogram', 'hour']",<scipy.stats._distn_infrastructure.rv_frozen object at 0x000002073C01D1C8>,0,7,60,1094.039774008138,[],"[{'leak_ID': 'ABRAND00075_0000000000', 'facility_ID': 'ABRAND00075', 'equipment_group': 3, 'rate': 0.02281109223837564, 'lat': 57.6, 'lon': -119.57, 'status': 'repaired', 'days_active': 120, 'days_active_prog_start': 0, 'tagged': True, 'component': 'unknown', 'date_began': datetime.datetime(2017, 2, 27, 0, 0), 'date_tagged': datetime.datetime(2017, 6, 27, 0, 0), 'tagged_by_company': 'natural', 'tagged_by_crew': 1, 'init_detect_by': 'natural', 'init_detect_date': datetime.datetime(2017, 6, 27, 0, 0), 'requires_shutdown': False, 'date_repaired': datetime.datetime(2017, 6, 27, 0, 0), 'repair_delay': 0, 'OGI_sp_covered': 1}, {'leak_ID': 'ABRAND00075_0000000001', 'facility_ID': 'ABRAND00075', 'equipment_group': 3, 'rate': 0.05104123390284362, 'lat': 57.6, 'lon': -119.57, 'status': 'repaired', 'days_active': 35, 'days_active_prog_start': 0, 'tagged': True, 'component': 'unknown', 'date_began': datetime.datetime(2018, 7, 25, 0, 0), 'date_tagged': datetime.datetime(2018, 8, 12, 10, 30), 'tagged_by_company': 'OGI', 'tagged_by_crew': 1, 'init_detect_by': 'OGI', 'init_detect_date': datetime.datetime(2018, 8, 12, 10, 30), 'requires_shutdown': False, 'date_repaired': datetime.datetime(2018, 8, 29, 0, 0), 'repair_delay': 16, 'OGI_sp_covered': 1}, {'leak_ID': 'ABRAND00075_0000000002', 'facility_ID': 'ABRAND00075', 'equipment_group': 1, 'rate': 0.008230633369348147, 'lat': 57.6, 'lon': -119.57, 'status': 'repaired', 'days_active': 120, 'days_active_prog_start': 0, 'tagged': True, 'component': 'unknown', 'date_began': datetime.datetime(2019, 4, 15, 0, 0), 'date_tagged': datetime.datetime(2019, 8, 13, 0, 0), 'tagged_by_company': 'natural', 'tagged_by_crew': 1, 'init_detect_by': 'natural', 'init_detect_date': datetime.datetime(2019, 8, 13, 0, 0), 'requires_shutdown': False, 'date_repaired': datetime.datetime(2019, 8, 13, 16, 0), 'repair_delay': 0, 'OGI_sp_covered': 0}, {'leak_ID': 'ABRAND00075_0000000003', 'facility_ID': 'ABRAND00075', 'equipment_group': 3, 'rate': 0.01923286450430785, 'lat': 57.6, 'lon': -119.57, 'status': 'repaired', 'days_active': 120, 'days_active_prog_start': 0, 'tagged': True, 'component': 'unknown', 'date_began': datetime.datetime(2019, 7, 4, 0, 0), 'date_tagged': datetime.datetime(2019, 11, 1, 0, 0), 'tagged_by_company': 'natural', 'tagged_by_crew': 1, 'init_detect_by': 'natural', 'init_detect_date': datetime.datetime(2019, 11, 1, 0, 0), 'requires_shutdown': False, 'date_repaired': datetime.datetime(2019, 11, 1, 16, 0), 'repair_delay': 0, 'OGI_sp_covered': 1}, {'leak_ID': 'ABRAND00075_0000000004', 'facility_ID': 'ABRAND00075', 'equipment_group': 1, 'rate': 0.06112216344900038, 'lat': 57.6, 'lon': -119.57, 'status': 'repaired', 'days_active': 19, 'days_active_prog_start': 0, 'tagged': True, 'component': 'unknown', 'date_began': datetime.datetime(2020, 8, 9, 0, 0), 'date_tagged': datetime.datetime(2020, 8, 11, 10, 30), 'tagged_by_company': 'OGI', 'tagged_by_crew': 1, 'init_detect_by': 'OGI', 'init_detect_date': datetime.datetime(2020, 8, 11, 10, 30), 'requires_shutdown': False, 'date_repaired': datetime.datetime(2020, 8, 28, 0, 0), 'repair_delay': 16, 'OGI_sp_covered': 1}, {'leak_ID': 'ABRAND00075_0000000005', 'facility_ID': 'ABRAND00075', 'equipment_group': 1, 'rate': 0.01322944696894774, 'lat': 57.6, 'lon': -119.57, 'status': 'repaired', 'days_active': 120, 'days_active_prog_start': 0, 'tagged': True, 'component': 'unknown', 'date_began': datetime.datetime(2020, 9, 14, 0, 0), 'date_tagged': datetime.datetime(2021, 1, 12, 0, 0), 'tagged_by_company': 'natural', 'tagged_by_crew': 1, 'init_detect_by': 'natural', 'init_detect_date': datetime.datetime(2021, 1, 12, 0, 0), 'requires_shutdown': False, 'date_repaired': datetime.datetime(2021, 1, 12, 16, 0), 'repair_delay': 0, 'OGI_sp_covered': 1}, {'leak_ID': 'ABRAND00075_0000000006', 'facility_ID': 'ABRAND00075', 'equipment_group': 2, 'rate': 0.017452072020878243, 'lat': 57.6, 'lon': -119.57, 'status': 'repaired', 'days_active': 120, 'days_active_prog_start': 0, 'tagged': True, 'component': 'unknown', 'date_began': datetime.datetime(2021, 3, 29, 0, 0), 'date_tagged': datetime.datetime(2021, 7, 27, 0, 0), 'tagged_by_company': 'natural', 'tagged_by_crew': 1, 'init_detect_by': 'natural', 'init_detect_date': datetime.datetime(2021, 7, 27, 0, 0), 'requires_shutdown': False, 'date_repaired': datetime.datetime(2021, 7, 27, 16, 0), 'repair_delay': 0, 'OGI_sp_covered': 1}]",[],0,False,,,,1,4,21,30,False,6,8,0,7,0.0,1094.039774008138,0.781563126252505,0.9496743783134158,0.5994738487715825
ABRAND00405,601,53.06,-115.97,2,6,2,2,2,120,1,30,20,120,1,lognorm,0.062287158377333125,[1.462],"['kilogram', 'hour']",<scipy.stats._distn_infrastructure.rv_frozen object at 0x000002073C01D1C8>,0,2,60,1298.9250542653117,[],"[{'leak_ID': 'ABRAND00405_0000000000', 'facility_ID': 'ABRAND00405', 'equipment_group': 1, 'rate': 0.1113146574261679, 'lat': 53.06, 'lon': -115.97, 'status': 'repaired', 'days_active': 22, 'days_active_prog_start': 0, 'tagged': True, 'component': 'unknown', 'date_began': datetime.datetime(2017, 10, 6, 0, 0), 'date_tagged': datetime.datetime(2017, 10, 11, 10, 30), 'tagged_by_company': 'OGI', 'tagged_by_crew': 2, 'init_detect_by': 'OGI', 'init_detect_date': datetime.datetime(2017, 10, 11, 10, 30), 'requires_shutdown': False, 'date_repaired': datetime.datetime(2017, 10, 28, 16, 0), 'repair_delay': 17, 'OGI_sp_covered': 1}, {'leak_ID': 'ABRAND00405_0000000001', 'facility_ID': 'ABRAND00405', 'equipment_group': 2, 'rate': 0.10487443609468092, 'lat': 53.06, 'lon': -115.97, 'status': 'repaired', 'days_active': 120, 'days_active_prog_start': 0, 'tagged': True, 'component': 'unknown', 'date_began': datetime.datetime(2019, 6, 21, 0, 0), 'date_tagged': datetime.datetime(2019, 10, 19, 0, 0), 'tagged_by_company': 'natural', 'tagged_by_crew': 2, 'init_detect_by': 'OGI', 'init_detect_date': datetime.datetime(2019, 10, 11, 10, 30), 'requires_shutdown': False, 'date_repaired': datetime.datetime(2019, 10, 19, 16, 0), 'repair_delay': 0, 'OGI_sp_covered': 1}]",[],0,False,,,,2,4,21,30,False,6,0,0,2,0.0,1298.9250542653117,0.7835671342685371,0.9504472988419483,0.7117397557618146
ABRAND00782,351,51.89,-114.56,1,6,2,2,2,120,1,30,20,120,1,lognorm,0.062287158377333125,[1.462],"['kilogram', 'hour']",<scipy.stats._distn_infrastructure.rv_frozen object at 0x000002073C01D1C8>,0,3,60,660.322884237549,[],"[{'leak_ID': 'ABRAND00782_0000000000', 'facility_ID': 'ABRAND00782', 'equipment_group': 1, 'rate': 0.07182438362519675, 'lat': 51.89, 'lon': -114.56, 'status': 'repaired', 'days_active': 86, 'days_active_prog_start': 0, 'tagged': True, 'component': 'unknown', 'date_began': datetime.datetime(2017, 4, 5, 0, 0), 'date_tagged': datetime.datetime(2017, 6, 13, 10, 30), 'tagged_by_company': 'OGI', 'tagged_by_crew': 3, 'init_detect_by': 'OGI', 'init_detect_date': datetime.datetime(2017, 6, 13, 10, 30), 'requires_shutdown': False, 'date_repaired': datetime.datetime(2017, 6, 30, 16, 0), 'repair_delay': 17, 'OGI_sp_covered': 1}, {'leak_ID': 'ABRAND00782_0000000001', 'facility_ID': 'ABRAND00782', 'equipment_group': 1, 'rate': 0.0623890732728792, 'lat': 51.89, 'lon': -114.56, 'status': 'repaired', 'days_active': 17, 'days_active_prog_start': 0, 'tagged': True, 'component': 'unknown', 'date_began': datetime.datetime(2018, 4, 14, 0, 0), 'date_tagged': datetime.datetime(2018, 4, 14, 10, 30), 'tagged_by_company': 'OGI', 'tagged_by_crew': 3, 'init_detect_by': 'OGI', 'init_detect_date': datetime.datetime(2018, 4, 14, 10, 30), 'requires_shutdown': False, 'date_repaired': datetime.datetime(2018, 5, 1, 0, 0), 'repair_delay': 16, 'OGI_sp_covered': 1}, {'leak_ID': 'ABRAND00782_0000000002', 'facility_ID': 'ABRAND00782', 'equipment_group': 1, 'rate': 0.0033759561463813682, 'lat': 51.89, 'lon': -114.56, 'status': 'repaired', 'days_active': 120, 'days_active_prog_start': 0, 'tagged': True, 'component': 'unknown', 'date_began': datetime.datetime(2020, 3, 12, 0, 0), 'date_tagged': datetime.datetime(2020, 7, 10, 0, 0), 'tagged_by_company': 'natural', 'tagged_by_crew': 1, 'init_detect_by': 'natural', 'init_detect_date': datetime.datetime(2020, 7, 10, 0, 0), 'requires_shutdown': False, 'date_repaired': datetime.datetime(2020, 7, 10, 16, 0), 'repair_delay': 0, 'OGI_sp_covered': 1}]",[],0,False,,,,3,4,21,30,False,6,1,0,3,0.0,660.322884237549,0.7855711422845691,0.9512142520391302,0.3618207584863282
ABRAND00065,503,55.03,-119.62,3,6,2,2,2,120,1,30,20,120,1,lognorm,0.062287158377333125,[1.462],"['kilogram', 'hour']",<scipy.stats._distn_infrastructure.rv_frozen object at 0x000002073C01D1C8>,0,5,60,427.6406364422992,[],"[{'leak_ID': 'ABRAND00065_0000000000', 'facility_ID': 'ABRAND00065', 'equipment_group': 2, 'rate': 0.0008345751002258273, 'lat': 55.03, 'lon': -119.62, 'status': 'repaired', 'days_active': 120, 'days_active_prog_start': 0, 'tagged': True, 'component': 'unknown', 'date_began': datetime.datetime(2017, 1, 14, 0, 0), 'date_tagged': datetime.datetime(2017, 5, 14, 0, 0), 'tagged_by_company': 'natural', 'tagged_by_crew': 1, 'init_detect_by': 'natural', 'init_detect_date': datetime.datetime(2017, 5, 14, 0, 0), 'requires_shutdown': False, 'date_repaired': datetime.datetime(2017, 5, 14, 16, 0), 'repair_delay': 0, 'OGI_sp_covered': 1}, {'leak_ID': 'ABRAND00065_0000000001', 'facility_ID': 'ABRAND00065', 'equipment_group': 1, 'rate': 0.0037106422449799266, 'lat': 55.03, 'lon': -119.62, 'status': 'repaired', 'days_active': 120, 'days_active_prog_start': 0, 'tagged': True, 'component': 'unknown', 'date_began': datetime.datetime(2018, 6, 6, 0, 0), 'date_tagged': datetime.datetime(2018, 10, 4, 0, 0), 'tagged_by_company': 'natural', 'tagged_by_crew': 1, 'init_detect_by': 'natural', 'init_detect_date': datetime.datetime(2018, 10, 4, 0, 0), 'requires_shutdown': False, 'date_repaired': datetime.datetime(2018, 10, 4, 16, 0), 'repair_delay': 0, 'OGI_sp_covered': 1}, {'leak_ID': 'ABRAND00065_0000000002', 'facility_ID': 'ABRAND00065', 'equipment_group': 2, 'rate': 0.05589364357599291, 'lat': 55.03, 'lon': -119.62, 'status': 'repaired', 'days_active': 35, 'days_active_prog_start': 0, 'tagged': True, 'component': 'unknown', 'date_began': datetime.datetime(2019, 1, 26, 0, 0), 'date_tagged': datetime.datetime(2019, 2, 13, 13, 0), 'tagged_by_company': 'OGI', 'tagged_by_crew': 1, 'init_detect_by': 'OGI', 'init_detect_date': datetime.datetime(2019, 2, 13, 13, 0), 'requires_shutdown': False, 'date_repaired': datetime.datetime(2019, 3, 2, 0, 0), 'repair_delay': 16, 'OGI_sp_covered': 1}, {'leak_ID': 'ABRAND00065_0000000003', 'facility_ID': 'ABRAND00065', 'equipment_group': 3, 'rate': 0.013058978495310725, 'lat': 55.03, 'lon': -119.62, 'status': 'repaired', 'days_active': 120, 'days_active_prog_start': 0, 'tagged': True, 'component': 'unknown', 'date_began': datetime.datetime(2020, 11, 20, 0, 0), 'date_tagged': datetime.datetime(2021, 3, 20, 0, 0), 'tagged_by_company': 'natural', 'tagged_by_crew': 1, 'init_detect_by': 'natural', 'init_detect_date': datetime.datetime(2021, 3, 20, 0, 0), 'requires_shutdown': False, 'date_repaired': datetime.datetime(2021, 3, 20, 16, 0), 'repair_delay': 0, 'OGI_sp_covered': 1}, {'leak_ID': 'ABRAND00065_0000000004', 'facility_ID': 'ABRAND00065', 'equipment_group': 2, 'rate': 0.007339694810380179, 'lat': 55.03, 'lon': -119.62, 'status': 'repaired', 'days_active': 120, 'days_active_prog_start': 0, 'tagged': True, 'component': 'unknown', 'date_began': datetime.datetime(2020, 12, 30, 0, 0), 'date_tagged': datetime.datetime(2021, 4, 29, 0, 0), 'tagged_by_company': 'natural', 'tagged_by_crew': 1, 'init_detect_by': 'natural', 'init_detect_date': datetime.datetime(2021, 4, 29, 0, 0), 'requires_shutdown': False, 'date_repaired': datetime.datetime(2021, 4, 29, 0, 0), 'repair_delay': 0, 'OGI_sp_covered': 1}]",[],0,False,,,,2,4,21,30,False,6,6,0,5,0.0,427.6406364422992,0.7875751503006012,0.9519805140955395,0.23432363640673928
ABRAND00562,311,53.18,-115.5,4,6,2,2,2,120,1,30,20,120,1,lognorm,0.062287158377333125,[1.462],"['kilogram', 'hour']",<scipy.stats._distn_infrastructure.rv_frozen object at 0x000002073C01D1C8>,0,4,60,470.3436798572847,"[{'leak_ID': 'ABRAND00562_0000000003', 'facility_ID': 'ABRAND00562', 'equipment_group': 3, 'rate': 0.3070505155282004, 'lat': 53.18, 'lon': -115.5, 'status': 'active', 'days_active': 4, 'days_active_prog_start': 0, 'tagged': False, 'component': 'unknown', 'date_began': datetime.datetime(2021, 12, 26, 0, 0), 'date_tagged': None, 'tagged_by_company': None, 'tagged_by_crew': None, 'init_detect_by': None, 'init_detect_date': None, 'requires_shutdown': False, 'date_repaired': None, 'repair_delay': None}]","[{'leak_ID': 'ABRAND00562_0000000000', 'facility_ID': 'ABRAND00562', 'equipment_group': 2, 'rate': 0.009244846501795056, 'lat': 53.18, 'lon': -115.5, 'status': 'repaired', 'days_active': 120, 'days_active_prog_start': 0, 'tagged': True, 'component': 'unknown', 'date_began': datetime.datetime(2017, 1, 13, 0, 0), 'date_tagged': datetime.datetime(2017, 5, 13, 0, 0), 'tagged_by_company': 'natural', 'tagged_by_crew': 1, 'init_detect_by': 'natural', 'init_detect_date': datetime.datetime(2017, 5, 13, 0, 0), 'requires_shutdown': False, 'date_repaired': datetime.datetime(2017, 5, 13, 16, 0), 'repair_delay': 0, 'OGI_sp_covered': 1}, {'leak_ID': 'ABRAND00562_0000000001', 'facility_ID': 'ABRAND00562', 'equipment_group': 3, 'rate': 0.011929402932686859, 'lat': 53.18, 'lon': -115.5, 'status': 'repaired', 'days_active': 120, 'days_active_prog_start': 0, 'tagged': True, 'component': 'unknown', 'date_began': datetime.datetime(2019, 6, 11, 0, 0), 'date_tagged': datetime.datetime(2019, 10, 9, 0, 0), 'tagged_by_company': 'natural', 'tagged_by_crew': 1, 'init_detect_by': 'natural', 'init_detect_date': datetime.datetime(2019, 10, 9, 0, 0), 'requires_shutdown': False, 'date_repaired': datetime.datetime(2019, 10, 9, 16, 0), 'repair_delay': 0, 'OGI_sp_covered': 1}, {'leak_ID': 'ABRAND00562_0000000002', 'facility_ID': 'ABRAND00562', 'equipment_group': 1, 'rate': 0.0139556716390847, 'lat': 53.18, 'lon': -115.5, 'status': 'repaired', 'days_active': 120, 'days_active_prog_start': 0, 'tagged': True, 'component': 'unknown', 'date_began': datetime.datetime(2020, 10, 17, 0, 0), 'date_tagged': datetime.datetime(2021, 2, 14, 0, 0), 'tagged_by_company': 'natural', 'tagged_by_crew': 1, 'init_detect_by': 'natural', 'init_detect_date': datetime.datetime(2021, 2, 14, 0, 0), 'requires_shutdown': False, 'date_repaired': datetime.datetime(2021, 2, 14, 16, 0), 'repair_delay': 0, 'OGI_sp_covered': 1}]",[],0,False,,,,2,4,21,30,False,6,5,1,3,106.11665816654606,364.22702169073864,0.7895791583166333,0.9527427935414795,0.2577225643053615
ABRAND00403,601,54.24,-115.98,1,6,2,2,2,120,1,30,20,120,1,lognorm,0.062287158377333125,[1.462],"['kilogram', 'hour']",<scipy.stats._distn_infrastructure.rv_frozen object at 0x000002073C01D1C8>,0,8,60,1420.9302554880364,[],"[{'leak_ID': 'ABRAND00403_0000000000', 'facility_ID': 'ABRAND00403', 'equipment_group': 1, 'rate': 0.014300595620851913, 'lat': 54.24, 'lon': -115.98, 'status': 'repaired', 'days_active': 120, 'days_active_prog_start': 0, 'tagged': True, 'component': 'unknown', 'date_began': datetime.datetime(2017, 6, 2, 0, 0), 'date_tagged': datetime.datetime(2017, 9, 30, 0, 0), 'tagged_by_company': 'natural', 'tagged_by_crew': 1, 'init_detect_by': 'natural', 'init_detect_date': datetime.datetime(2017, 9, 30, 0, 0), 'requires_shutdown': False, 'date_repaired': datetime.datetime(2017, 9, 30, 16, 0), 'repair_delay': 0, 'OGI_sp_covered': 1}, {'leak_ID': 'ABRAND00403_0000000001', 'facility_ID': 'ABRAND00403', 'equipment_group': 1, 'rate': 0.03513036848901831, 'lat': 54.24, 'lon': -115.98, 'status': 'repaired', 'days_active': 120, 'days_active_prog_start': 0, 'tagged': True, 'component': 'unknown', 'date_began': datetime.datetime(2017, 9, 9, 0, 0), 'date_tagged': datetime.datetime(2018, 1, 7, 0, 0), 'tagged_by_company': 'natural', 'tagged_by_crew': 1, 'init_detect_by': 'natural', 'init_detect_date': datetime.datetime(2018, 1, 7, 0, 0), 'requires_shutdown': False, 'date_repaired': datetime.datetime(2018, 1, 7, 16, 0), 'repair_delay': 0, 'OGI_sp_covered': 1}, {'leak_ID': 'ABRAND00403_0000000002', 'facility_ID': 'ABRAND00403', 'equipment_group': 1, 'rate': 0.03298719439513699, 'lat': 54.24, 'lon': -115.98, 'status': 'repaired', 'days_active': 120, 'days_active_prog_start': 0, 'tagged': True, 'component': 'unknown', 'date_began': datetime.datetime(2019, 1, 11, 0, 0), 'date_tagged': datetime.datetime(2019, 5, 11, 0, 0), 'tagged_by_company': 'natural', 'tagged_by_crew': 1, 'init_detect_by': 'natural', 'init_detect_date': datetime.datetime(2019, 5, 11, 0, 0), 'requires_shutdown': False, 'date_repaired': datetime.datetime(2019, 5, 11, 16, 0), 'repair_delay': 0, 'OGI_sp_covered': 1}, {'leak_ID': 'ABRAND00403_0000000003', 'facility_ID': 'ABRAND00403', 'equipment_group': 1, 'rate': 0.006103321231489992, 'lat': 54.24, 'lon': -115.98, 'status': 'repaired', 'days_active': 120, 'days_active_prog_start': 0, 'tagged': True, 'component': 'unknown', 'date_began': datetime.datetime(2019, 11, 10, 0, 0), 'date_tagged': datetime.datetime(2020, 3, 9, 0, 0), 'tagged_by_company': 'natural', 'tagged_by_crew': 1, 'init_detect_by': 'natural', 'init_detect_date': datetime.datetime(2020, 3, 9, 0, 0), 'requires_shutdown': False, 'date_repaired': datetime.datetime(2020, 3, 9, 16, 0), 'repair_delay': 0, 'OGI_sp_covered': 1}, {'leak_ID': 'ABRAND00403_0000000004', 'facility_ID': 'ABRAND00403', 'equipment_group': 1, 'rate': 0.018213010063743616, 'lat': 54.24, 'lon': -115.98, 'status': 'repaired', 'days_active': 120, 'days_active_prog_start': 0, 'tagged': True, 'component': 'unknown', 'date_began': datetime.datetime(2020, 3, 23, 0, 0), 'date_tagged': datetime.datetime(2020, 7, 21, 0, 0), 'tagged_by_company': 'natural', 'tagged_by_crew': 1, 'init_detect_by': 'natural', 'init_detect_date': datetime.datetime(2020, 7, 21, 0, 0), 'requires_shutdown': False, 'date_repaired': datetime.datetime(2020, 7, 21, 16, 0), 'repair_delay': 0, 'OGI_sp_covered': 1}, {'leak_ID': 'ABRAND00403_0000000005', 'facility_ID': 'ABRAND00403', 'equipment_group': 1, 'rate': 0.008700257377466263, 'lat': 54.24, 'lon': -115.98, 'status': 'repaired', 'days_active': 120, 'days_active_prog_start': 0, 'tagged': True, 'component': 'unknown', 'date_began': datetime.datetime(2020, 6, 5, 0, 0), 'date_tagged': datetime.datetime(2020, 10, 3, 0, 0), 'tagged_by_company': 'natural', 'tagged_by_crew': 1, 'init_detect_by': 'natural', 'init_detect_date': datetime.datetime(2020, 10, 3, 0, 0), 'requires_shutdown': False, 'date_repaired': datetime.datetime(2020, 10, 3, 16, 0), 'repair_delay': 0, 'OGI_sp_covered': 1}, {'leak_ID': 'ABRAND00403_0000000006', 'facility_ID': 'ABRAND00403', 'equipment_group': 1, 'rate': 0.0020500978595798763, 'lat': 54.24, 'lon': -115.98, 'status': 'repaired', 'days_active': 120, 'days_active_prog_start': 0, 'tagged': True, 'component': 'unknown', 'date_began': datetime.datetime(2020, 12, 28, 0, 0), 'date_tagged': datetime.datetime(2021, 4, 27, 0, 0), 'tagged_by_company': 'natural', 'tagged_by_crew': 1, 'init_detect_by': 'natural', 'init_detect_date': datetime.datetime(2021, 4, 27, 0, 0), 'requires_shutdown': False, 'date_repaired': datetime.datetime(2021, 4, 27, 13, 30), 'repair_delay': 0, 'OGI_sp_covered': 1}, {'leak_ID': 'ABRAND00403_0000000007', 'facility_ID': 'ABRAND00403', 'equipment_group': 1, 'rate': 0.019564755221975805, 'lat': 54.24, 'lon': -115.98, 'status': 'repaired', 'days_active': 120, 'days_active_prog_start': 0, 'tagged': True, 'component': 'unknown', 'date_began': datetime.datetime(2021, 1, 4, 0, 0), 'date_tagged': datetime.datetime(2021, 5, 4, 0, 0), 'tagged_by_company': 'natural', 'tagged_by_crew': 1, 'init_detect_by': 'natural', 'init_detect_date': datetime.datetime(2021, 5, 4, 0, 0), 'requires_shutdown': False, 'date_repaired': datetime.datetime(2021, 5, 4, 16, 0), 'repair_delay': 0, 'OGI_sp_covered': 0}]",[],0,False,,,,2,4,21,30,False,6,12,0,8,0.0,1420.9302554880364,0.7915831663326653,0.9534861615622683,0.7785919208153624
ABRAND00144,601,54.7,-119.15,4,6,2,2,2,120,1,30,20,120,1,lognorm,0.062287158377333125,[1.462],"['kilogram', 'hour']",<scipy.stats._distn_infrastructure.rv_frozen object at 0x000002073C01D1C8>,1,5,60,258.0498395831092,[],"[{'leak_ID': 'ABRAND00144_0000000001', 'facility_ID': 'ABRAND00144', 'equipment_group': 3, 'rate': 0.001857079994019809, 'lat': 54.7, 'lon': -119.15, 'status': 'repaired', 'days_active': 120, 'days_active_prog_start': 114, 'tagged': True, 'component': 'unknown', 'date_began': datetime.datetime(2016, 9, 9, 0, 0), 'date_tagged': datetime.datetime(2017, 1, 6, 0, 0), 'tagged_by_company': 'natural', 'tagged_by_crew': 1, 'init_detect_by': 'natural', 'init_detect_date': datetime.datetime(2017, 1, 6, 0, 0), 'requires_shutdown': False, 'date_repaired': datetime.datetime(2017, 1, 6, 16, 0), 'repair_delay': 0}, {'leak_ID': 'ABRAND00144_0000000001', 'facility_ID': 'ABRAND00144', 'equipment_group': 2, 'rate': 0.00944034387242837, 'lat': 54.7, 'lon': -119.15, 'status': 'repaired', 'days_active': 120, 'days_active_prog_start': 0, 'tagged': True, 'component': 'unknown', 'date_began': datetime.datetime(2017, 4, 29, 0, 0), 'date_tagged': datetime.datetime(2017, 8, 27, 0, 0), 'tagged_by_company': 'natural', 'tagged_by_crew': 1, 'init_detect_by': 'natural', 'init_detect_date': datetime.datetime(2017, 8, 27, 0, 0), 'requires_shutdown': False, 'date_repaired': datetime.datetime(2017, 8, 27, 0, 0), 'repair_delay': 0, 'OGI_sp_covered': 1}, {'leak_ID': 'ABRAND00144_0000000002', 'facility_ID': 'ABRAND00144', 'equipment_group': 1, 'rate': 0.010551458799870878, 'lat': 54.7, 'lon': -119.15, 'status': 'repaired', 'days_active': 120, 'days_active_prog_start': 0, 'tagged': True, 'component': 'unknown', 'date_began': datetime.datetime(2017, 10, 20, 0, 0), 'date_tagged': datetime.datetime(2018, 2, 17, 0, 0), 'tagged_by_company': 'natural', 'tagged_by_crew': 1, 'init_detect_by': 'natural', 'init_detect_date': datetime.datetime(2018, 2, 17, 0, 0), 'requires_shutdown': False, 'date_repaired': datetime.datetime(2018, 2, 17, 16, 0), 'repair_delay': 0, 'OGI_sp_covered': 1}, {'leak_ID': 'ABRAND00144_0000000003', 'facility_ID': 'ABRAND00144', 'equipment_group': 3, 'rate': 0.0012258667666430135, 'lat': 54.7, 'lon': -119.15, 'status': 'repaired', 'days_active': 120, 'days_active_prog_start': 0, 'tagged': True, 'component': 'unknown', 'date_began': datetime.datetime(2018, 4, 22, 0, 0), 'date_tagged': datetime.datetime(2018, 8, 20, 0, 0), 'tagged_by_company': 'natural', 'tagged_by_crew': 1, 'init_detect_by': 'natural', 'init_detect_date': datetime.datetime(2018, 8, 20, 0, 0), 'requires_shutdown': False, 'date_repaired': datetime.datetime(2018, 8, 20, 16, 0), 'repair_delay': 0, 'OGI_sp_covered': 1}, {'leak_ID': 'ABRAND00144_0000000004', 'facility_ID': 'ABRAND00144', 'equipment_group': 3, 'rate': 0.003578542879172067, 'lat': 54.7, 'lon': -119.15, 'status': 'repaired', 'days_active': 120, 'days_active_prog_start': 0, 'tagged': True, 'component': 'unknown', 'date_began': datetime.datetime(2020, 11, 25, 0, 0), 'date_tagged': datetime.datetime(2021, 3, 25, 0, 0), 'tagged_by_company': 'natural', 'tagged_by_crew': 1, 'init_detect_by': 'natural', 'init_detect_date': datetime.datetime(2021, 3, 25, 0, 0), 'requires_shutdown': False, 'date_repaired': datetime.datetime(2021, 3, 25, 16, 0), 'repair_delay': 0, 'OGI_sp_covered': 1}]",[],1,False,,,,2,4,20,30,False,6,8,0,5,0.0,258.0498395831092,0.7935871743486974,0.9542134374094129,0.1413971723743064
ABRAND00243,311,54.21,-118.16,4,6,2,2,2,120,1,30,20,120,1,lognorm,0.062287158377333125,[1.462],"['kilogram', 'hour']",<scipy.stats._distn_infrastructure.rv_frozen object at 0x000002073C01D1C8>,1,6,60,2983.451126617872,[],"[{'leak_ID': 'ABRAND00243_0000000001', 'facility_ID': 'ABRAND00243', 'equipment_group': 2, 'rate': 0.37769119173411414, 'lat': 54.21, 'lon': -118.16, 'status': 'repaired', 'days_active': 104, 'days_active_prog_start': 43, 'tagged': True, 'component': 'unknown', 'date_began': datetime.datetime(2016, 11, 19, 0, 0), 'date_tagged': datetime.datetime(2017, 2, 14, 8, 0), 'tagged_by_company': 'OGI', 'tagged_by_crew': 2, 'init_detect_by': 'OGI', 'init_detect_date': datetime.datetime(2017, 2, 14, 8, 0), 'requires_shutdown': False, 'date_repaired': datetime.datetime(2017, 3, 2, 16, 0), 'repair_delay': 16, 'OGI_sp_covered': 1}, {'leak_ID': 'ABRAND00243_0000000001', 'facility_ID': 'ABRAND00243', 'equipment_group': 3, 'rate': 0.009230903724146082, 'lat': 54.21, 'lon': -118.16, 'status': 'repaired', 'days_active': 120, 'days_active_prog_start': 0, 'tagged': True, 'component': 'unknown', 'date_began': datetime.datetime(2017, 1, 10, 0, 0), 'date_tagged': datetime.datetime(2017, 5, 10, 0, 0), 'tagged_by_company': 'natural', 'tagged_by_crew': 1, 'init_detect_by': 'natural', 'init_detect_date': datetime.datetime(2017, 5, 10, 0, 0), 'requires_shutdown': False, 'date_repaired': datetime.datetime(2017, 5, 10, 16, 0), 'repair_delay': 0, 'OGI_sp_covered': 1}, {'leak_ID': 'ABRAND00243_0000000002', 'facility_ID': 'ABRAND00243', 'equipment_group': 4, 'rate': 0.012791459530926877, 'lat': 54.21, 'lon': -118.16, 'status': 'repaired', 'days_active': 120, 'days_active_prog_start': 0, 'tagged': True, 'component': 'unknown', 'date_began': datetime.datetime(2018, 7, 17, 0, 0), 'date_tagged': datetime.datetime(2018, 11, 14, 0, 0), 'tagged_by_company': 'natural', 'tagged_by_crew': 1, 'init_detect_by': 'natural', 'init_detect_date': datetime.datetime(2018, 11, 14, 0, 0), 'requires_shutdown': False, 'date_repaired': datetime.datetime(2018, 11, 14, 16, 0), 'repair_delay': 0, 'OGI_sp_covered': 1}, {'leak_ID': 'ABRAND00243_0000000003', 'facility_ID': 'ABRAND00243', 'equipment_group': 3, 'rate': 0.02630082826332639, 'lat': 54.21, 'lon': -118.16, 'status': 'repaired', 'days_active': 120, 'days_active_prog_start': 0, 'tagged': True, 'component': 'unknown', 'date_began': datetime.datetime(2018, 9, 26, 0, 0), 'date_tagged': datetime.datetime(2019, 1, 24, 0, 0), 'tagged_by_company': 'natural', 'tagged_by_crew': 1, 'init_detect_by': 'natural', 'init_detect_date': datetime.datetime(2019, 1, 24, 0, 0), 'requires_shutdown': False, 'date_repaired': datetime.datetime(2019, 1, 24, 16, 0), 'repair_delay': 0, 'OGI_sp_covered': 1}, {'leak_ID': 'ABRAND00243_0000000004', 'facility_ID': 'ABRAND00243', 'equipment_group': 3, 'rate': 0.02453999954102502, 'lat': 54.21, 'lon': -118.16, 'status': 'repaired', 'days_active': 120, 'days_active_prog_start': 0, 'tagged': True, 'component': 'unknown', 'date_began': datetime.datetime(2019, 4, 14, 0, 0), 'date_tagged': datetime.datetime(2019, 8, 12, 0, 0), 'tagged_by_company': 'natural', 'tagged_by_crew': 1, 'init_detect_by': 'natural', 'init_detect_date': datetime.datetime(2019, 8, 12, 0, 0), 'requires_shutdown': False, 'date_repaired': datetime.datetime(2019, 8, 12, 16, 0), 'repair_delay': 0, 'OGI_sp_covered': 1}, {'leak_ID': 'ABRAND00243_0000000005', 'facility_ID': 'ABRAND00243', 'equipment_group': 3, 'rate': 0.0228994892745259, 'lat': 54.21, 'lon': -118.16, 'status': 'repaired', 'days_active': 120, 'days_active_prog_start': 0, 'tagged': True, 'component': 'unknown', 'date_began': datetime.datetime(2021, 5, 28, 0, 0), 'date_tagged': datetime.datetime(2021, 9, 25, 0, 0), 'tagged_by_company': 'natural', 'tagged_by_crew': 1, 'init_detect_by': 'natural', 'init_detect_date': datetime.datetime(2021, 9, 25, 0, 0), 'requires_shutdown': False, 'date_repaired': datetime.datetime(2021, 9, 25, 16, 0), 'repair_delay': 0, 'OGI_sp_covered': 1}]",[],1,False,,,,2,4,20,30,False,6,9,0,6,0.0,2983.451126617872,0.7955911823647295,0.9549317086027688,1.6347677406125325
ABRAND00794,361,52.64,-114.52,1,6,2,2,2,120,1,30,20,120,1,lognorm,0.062287158377333125,[1.462],"['kilogram', 'hour']",<scipy.stats._distn_infrastructure.rv_frozen object at 0x000002073C01D1C8>,1,13,60,4036.093700077311,"[{'leak_ID': 'ABRAND00794_0000000012', 'facility_ID': 'ABRAND00794', 'equipment_group': 1, 'rate': 0.0026106532629355276, 'lat': 52.64, 'lon': -114.52, 'status': 'active', 'days_active': 1, 'days_active_prog_start': 0, 'tagged': False, 'component': 'unknown', 'date_began': datetime.datetime(2021, 12, 29, 0, 0), 'date_tagged': None, 'tagged_by_company': None, 'tagged_by_crew': None, 'init_detect_by': None, 'init_detect_date': None, 'requires_shutdown': False, 'date_repaired': None, 'repair_delay': None}]","[{'leak_ID': 'ABRAND00794_0000000001', 'facility_ID': 'ABRAND00794', 'equipment_group': 1, 'rate': 0.01676922786371318, 'lat': 52.64, 'lon': -114.52, 'status': 'repaired', 'days_active': 120, 'days_active_prog_start': 56, 'tagged': True, 'component': 'unknown', 'date_began': datetime.datetime(2016, 11, 6, 0, 0), 'date_tagged': datetime.datetime(2017, 3, 5, 0, 0), 'tagged_by_company': 'natural', 'tagged_by_crew': 1, 'init_detect_by': 'natural', 'init_detect_date': datetime.datetime(2017, 3, 5, 0, 0), 'requires_shutdown': False, 'date_repaired': datetime.datetime(2017, 3, 5, 16, 0), 'repair_delay': 0, 'OGI_sp_covered': 1}, {'leak_ID': 'ABRAND00794_0000000001', 'facility_ID': 'ABRAND00794', 'equipment_group': 1, 'rate': 0.21258933494862592, 'lat': 52.64, 'lon': -114.52, 'status': 'repaired', 'days_active': 56, 'days_active_prog_start': 0, 'tagged': True, 'component': 'unknown', 'date_began': datetime.datetime(2017, 5, 5, 0, 0), 'date_tagged': datetime.datetime(2017, 6, 14, 8, 0), 'tagged_by_company': 'OGI', 'tagged_by_crew': 3, 'init_detect_by': 'OGI', 'init_detect_date': datetime.datetime(2017, 6, 14, 8, 0), 'requires_shutdown': False, 'date_repaired': datetime.datetime(2017, 6, 30, 16, 0), 'repair_delay': 16, 'OGI_sp_covered': 1}, {'leak_ID': 'ABRAND00794_0000000002', 'facility_ID': 'ABRAND00794', 'equipment_group': 1, 'rate': 0.017599564522612136, 'lat': 52.64, 'lon': -114.52, 'status': 'repaired', 'days_active': 120, 'days_active_prog_start': 0, 'tagged': True, 'component': 'unknown', 'date_began': datetime.datetime(2017, 7, 24, 0, 0), 'date_tagged': datetime.datetime(2017, 11, 21, 0, 0), 'tagged_by_company': 'natural', 'tagged_by_crew': 1, 'init_detect_by': 'natural', 'init_detect_date': datetime.datetime(2017, 11, 21, 0, 0), 'requires_shutdown': False, 'date_repaired': datetime.datetime(2017, 11, 21, 16, 0), 'repair_delay': 0, 'OGI_sp_covered': 1}, {'leak_ID': 'ABRAND00794_0000000003', 'facility_ID': 'ABRAND00794', 'equipment_group': 1, 'rate': 0.09425382414630108, 'lat': 52.64, 'lon': -114.52, 'status': 'repaired', 'days_active': 36, 'days_active_prog_start': 0, 'tagged': True, 'component': 'unknown', 'date_began': datetime.datetime(2018, 7, 25, 0, 0), 'date_tagged': datetime.datetime(2018, 8, 13, 8, 0), 'tagged_by_company': 'OGI', 'tagged_by_crew': 3, 'init_detect_by': 'OGI', 'init_detect_date': datetime.datetime(2018, 8, 13, 8, 0), 'requires_shutdown': False, 'date_repaired': datetime.datetime(2018, 8, 30, 16, 0), 'repair_delay': 17, 'OGI_sp_covered': 1}, {'leak_ID': 'ABRAND00794_0000000004', 'facility_ID': 'ABRAND00794', 'equipment_group': 1, 'rate': 0.03868472582671029, 'lat': 52.64, 'lon': -114.52, 'status': 'repaired', 'days_active': 43, 'days_active_prog_start': 0, 'tagged': True, 'component': 'unknown', 'date_began': datetime.datetime(2019, 3, 20, 0, 0), 'date_tagged': datetime.datetime(2019, 4, 15, 8, 0), 'tagged_by_company': 'OGI', 'tagged_by_crew': 3, 'init_detect_by': 'OGI', 'init_detect_date': datetime.datetime(2019, 4, 15, 8, 0), 'requires_shutdown': False, 'date_repaired': datetime.datetime(2019, 5, 2, 16, 0), 'repair_delay': 17, 'OGI_sp_covered': 1}, {'leak_ID': 'ABRAND00794_0000000005', 'facility_ID': 'ABRAND00794', 'equipment_group': 1, 'rate': 0.0032309607978062873, 'lat': 52.64, 'lon': -114.52, 'status': 'repaired', 'days_active': 120, 'days_active_prog_start': 0, 'tagged': True, 'component': 'unknown', 'date_began': datetime.datetime(2019, 8, 18, 0, 0), 'date_tagged': datetime.datetime(2019, 12, 16, 0, 0), 'tagged_by_company': 'natural', 'tagged_by_crew': 1, 'init_detect_by': 'natural', 'init_detect_date': datetime.datetime(2019, 12, 16, 0, 0), 'requires_shutdown': False, 'date_repaired': datetime.datetime(2019, 12, 16, 16, 0), 'repair_delay': 0, 'OGI_sp_covered': 1}, {'leak_ID': 'ABRAND00794_0000000006', 'facility_ID': 'ABRAND00794', 'equipment_group': 1, 'rate': 0.20862874462647427, 'lat': 52.64, 'lon': -114.52, 'status': 'repaired', 'days_active': 24, 'days_active_prog_start': 0, 'tagged': True, 'component': 'unknown', 'date_began': datetime.datetime(2019, 12, 4, 0, 0), 'date_tagged': datetime.datetime(2019, 12, 11, 8, 0), 'tagged_by_company': 'OGI', 'tagged_by_crew': 3, 'init_detect_by': 'OGI', 'init_detect_date': datetime.datetime(2019, 12, 11, 8, 0), 'requires_shutdown': False, 'date_repaired': datetime.datetime(2019, 12, 28, 0, 0), 'repair_delay': 16, 'OGI_sp_covered': 1}, {'leak_ID': 'ABRAND00794_0000000008', 'facility_ID': 'ABRAND00794', 'equipment_group': 1, 'rate': 0.05246364373048917, 'lat': 52.64, 'lon': -114.52, 'status': 'repaired', 'days_active': 22, 'days_active_prog_start': 0, 'tagged': True, 'component': 'unknown', 'date_began': datetime.datetime(2020, 6, 8, 0, 0), 'date_tagged': datetime.datetime(2020, 6, 13, 8, 0), 'tagged_by_company': 'OGI', 'tagged_by_crew': 3, 'init_detect_by': 'OGI', 'init_detect_date': datetime.datetime(2020, 6, 13, 8, 0), 'requires_shutdown': False, 'date_repaired': datetime.datetime(2020, 6, 30, 16, 0), 'repair_delay': 17, 'OGI_sp_covered': 1}, {'leak_ID': 'ABRAND00794_0000000007', 'facility_ID': 'ABRAND00794', 'equipment_group': 1, 'rate': 0.0049844155482903435, 'lat': 52.64, 'lon': -114.52, 'status': 'repaired', 'days_active': 120, 'days_active_prog_start': 0, 'tagged': True, 'component': 'unknown', 'date_began': datetime.datetime(2020, 4, 5, 0, 0), 'date_tagged': datetime.datetime(2020, 8, 3, 0, 0), 'tagged_by_company': 'natural', 'tagged_by_crew': 1, 'init_detect_by': 'natural', 'init_detect_date': datetime.datetime(2020, 8, 3, 0, 0), 'requires_shutdown': False, 'date_repaired': datetime.datetime(2020, 8, 3, 16, 0), 'repair_delay': 0, 'OGI_sp_covered': 1}, {'leak_ID': 'ABRAND00794_0000000009', 'facility_ID': 'ABRAND00794', 'equipment_group': 1, 'rate': 0.0218552965608047, 'lat': 52.64, 'lon': -114.52, 'status': 'repaired', 'days_active': 120, 'days_active_prog_start': 0, 'tagged': True, 'component': 'unknown', 'date_began': datetime.datetime(2020, 9, 14, 0, 0), 'date_tagged': datetime.datetime(2021, 1, 12, 0, 0), 'tagged_by_company': 'natural', 'tagged_by_crew': 1, 'init_detect_by': 'natural', 'init_detect_date': datetime.datetime(2021, 1, 12, 0, 0), 'requires_shutdown': False, 'date_repaired': datetime.datetime(2021, 1, 12, 16, 0), 'repair_delay': 0, 'OGI_sp_covered': 1}, {'leak_ID': 'ABRAND00794_0000000010', 'facility_ID': 'ABRAND00794', 'equipment_group': 1, 'rate': 0.001186342795823701, 'lat': 52.64, 'lon': -114.52, 'status': 'repaired', 'days_active': 120, 'days_active_prog_start': 0, 'tagged': True, 'component': 'unknown', 'date_began': datetime.datetime(2020, 11, 8, 0, 0), 'date_tagged': datetime.datetime(2021, 3, 8, 0, 0), 'tagged_by_company': 'natural', 'tagged_by_crew': 1, 'init_detect_by': 'natural', 'init_detect_date': datetime.datetime(2021, 3, 8, 0, 0), 'requires_shutdown': False, 'date_repaired': datetime.datetime(2021, 3, 8, 16, 0), 'repair_delay': 0, 'OGI_sp_covered': 1}, {'leak_ID': 'ABRAND00794_0000000011', 'facility_ID': 'ABRAND00794', 'equipment_group': 1, 'rate': 0.37846688456756544, 'lat': 52.64, 'lon': -114.52, 'status': 'repaired', 'days_active': 44, 'days_active_prog_start': 0, 'tagged': True, 'component': 'unknown', 'date_began': datetime.datetime(2021, 7, 17, 0, 0), 'date_tagged': datetime.datetime(2021, 8, 13, 8, 0), 'tagged_by_company': 'OGI', 'tagged_by_crew': 3, 'init_detect_by': 'OGI', 'init_detect_date': datetime.datetime(2021, 8, 13, 8, 0), 'requires_shutdown': False, 'date_repaired': datetime.datetime(2021, 8, 30, 16, 0), 'repair_delay': 17, 'OGI_sp_covered': 1}]",[],1,False,,,,3,4,20,30,False,6,9,1,12,0.2255604419176296,4035.8681396353936,0.7975951903807615,0.9556442460222854,2.211558191823184
ABRAND00526,361,52.9,-115.62,4,6,2,2,2,120,1,30,20,120,1,lognorm,0.062287158377333125,[1.462],"['kilogram', 'hour']",<scipy.stats._distn_infrastructure.rv_frozen object at 0x000002073C01D1C8>,1,6,60,925.9674738954221,[],"[{'leak_ID': 'ABRAND00526_0000000001', 'facility_ID': 'ABRAND00526', 'equipment_group': 2, 'rate': 0.008147749804833775, 'lat': 52.9, 'lon': -115.62, 'status': 'repaired', 'days_active': 120, 'days_active_prog_start': 88, 'tagged': True, 'component': 'unknown', 'date_began': datetime.datetime(2016, 10, 5, 0, 0), 'date_tagged': datetime.datetime(2017, 2, 1, 0, 0), 'tagged_by_company': 'natural', 'tagged_by_crew': 1, 'init_detect_by': 'natural', 'init_detect_date': datetime.datetime(2017, 2, 1, 0, 0), 'requires_shutdown': False, 'date_repaired': datetime.datetime(2017, 2, 1, 16, 0), 'repair_delay': 0}, {'leak_ID': 'ABRAND00526_0000000001', 'facility_ID': 'ABRAND00526', 'equipment_group': 1, 'rate': 0.021933622856971327, 'lat': 52.9, 'lon': -115.62, 'status': 'repaired', 'days_active': 120, 'days_active_prog_start': 0, 'tagged': True, 'component': 'unknown', 'date_began': datetime.datetime(2019, 3, 1, 0, 0), 'date_tagged': datetime.datetime(2019, 6, 29, 0, 0), 'tagged_by_company': 'natural', 'tagged_by_crew': 1, 'init_detect_by': 'natural', 'init_detect_date': datetime.datetime(2019, 6, 29, 0, 0), 'requires_shutdown': False, 'date_repaired': datetime.datetime(2019, 6, 29, 0, 0), 'repair_delay': 0, 'OGI_sp_covered': 1}, {'leak_ID': 'ABRAND00526_0000000002', 'facility_ID': 'ABRAND00526', 'equipment_group': 2, 'rate': 0.03929056773196231, 'lat': 52.9, 'lon': -115.62, 'status': 'repaired', 'days_active': 120, 'days_active_prog_start': 0, 'tagged': True, 'component': 'unknown', 'date_began': datetime.datetime(2019, 4, 29, 0, 0), 'date_tagged': datetime.datetime(2019, 8, 27, 0, 0), 'tagged_by_company': 'natural', 'tagged_by_crew': 1, 'init_detect_by': 'OGI', 'init_detect_date': datetime.datetime(2019, 8, 13, 10, 30), 'requires_shutdown': False, 'date_repaired': datetime.datetime(2019, 8, 27, 0, 0), 'repair_delay': 0, 'OGI_sp_covered': 1}, {'leak_ID': 'ABRAND00526_0000000003', 'facility_ID': 'ABRAND00526', 'equipment_group': 4, 'rate': 0.003799170920118064, 'lat': 52.9, 'lon': -115.62, 'status': 'repaired', 'days_active': 120, 'days_active_prog_start': 0, 'tagged': True, 'component': 'unknown', 'date_began': datetime.datetime(2019, 9, 18, 0, 0), 'date_tagged': datetime.datetime(2020, 1, 16, 0, 0), 'tagged_by_company': 'natural', 'tagged_by_crew': 1, 'init_detect_by': 'natural', 'init_detect_date': datetime.datetime(2020, 1, 16, 0, 0), 'requires_shutdown': False, 'date_repaired': datetime.datetime(2020, 1, 16, 16, 0), 'repair_delay': 0, 'OGI_sp_covered': 1}, {'leak_ID': 'ABRAND00526_0000000004', 'facility_ID': 'ABRAND00526', 'equipment_group': 1, 'rate': 0.019229976656832928, 'lat': 52.9, 'lon': -115.62, 'status': 'repaired', 'days_active': 120, 'days_active_prog_start': 0, 'tagged': True, 'component': 'unknown', 'date_began': datetime.datetime(2019, 9, 22, 0, 0), 'date_tagged': datetime.datetime(2020, 1, 20, 0, 0), 'tagged_by_company': 'natural', 'tagged_by_crew': 1, 'init_detect_by': 'natural', 'init_detect_date': datetime.datetime(2020, 1, 20, 0, 0), 'requires_shutdown': False, 'date_repaired': datetime.datetime(2020, 1, 20, 16, 0), 'repair_delay': 0, 'OGI_sp_covered': 1}, {'leak_ID': 'ABRAND00526_0000000005', 'facility_ID': 'ABRAND00526', 'equipment_group': 1, 'rate': 0.0028840629949002552, 'lat': 52.9, 'lon': -115.62, 'status': 'repaired', 'days_active': 120, 'days_active_prog_start': 0, 'tagged': True, 'component': 'unknown', 'date_began': datetime.datetime(2020, 8, 9, 0, 0), 'date_tagged': datetime.datetime(2020, 12, 7, 0, 0), 'tagged_by_company': 'natural', 'tagged_by_crew': 1, 'init_detect_by': 'natural', 'init_detect_date': datetime.datetime(2020, 12, 7, 0, 0), 'requires_shutdown': False, 'date_repaired': datetime.datetime(2020, 12, 7, 16, 0), 'repair_delay': 0, 'OGI_sp_covered': 1}]",[],1,False,,,,2,4,20,30,False,6,5,0,6,0.0,925.9674738954221,0.7995991983967936,0.95634618205887,0.5073794377509162
ABRAND00778,361,52.16,-114.57,3,6,2,2,2,120,1,30,20,120,1,lognorm,0.062287158377333125,[1.462],"['kilogram', 'hour']",<scipy.stats._distn_infrastructure.rv_frozen object at 0x000002073C01D1C8>,1,4,60,1231.6958831851566,[],"[{'leak_ID': 'ABRAND00778_0000000001', 'facility_ID': 'ABRAND00778', 'equipment_group': 3, 'rate': 0.0038343858177911252, 'lat': 52.16, 'lon': -114.57, 'status': 'repaired', 'days_active': 120, 'days_active_prog_start': 73, 'tagged': True, 'component': 'unknown', 'date_began': datetime.datetime(2016, 10, 20, 0, 0), 'date_tagged': datetime.datetime(2017, 2, 16, 0, 0), 'tagged_by_company': 'natural', 'tagged_by_crew': 1, 'init_detect_by': 'natural', 'init_detect_date': datetime.datetime(2017, 2, 16, 0, 0), 'requires_shutdown': False, 'date_repaired': datetime.datetime(2017, 2, 16, 16, 0), 'repair_delay': 0, 'OGI_sp_covered': 1}, {'leak_ID': 'ABRAND00778_0000000001', 'facility_ID': 'ABRAND00778', 'equipment_group': 1, 'rate': 0.06283485197891522, 'lat': 52.16, 'lon': -114.57, 'status': 'repaired', 'days_active': 120, 'days_active_prog_start': 0, 'tagged': True, 'component': 'unknown', 'date_began': datetime.datetime(2018, 4, 11, 0, 0), 'date_tagged': datetime.datetime(2018, 8, 9, 0, 0), 'tagged_by_company': 'natural', 'tagged_by_crew': 1, 'init_detect_by': 'natural', 'init_detect_date': datetime.datetime(2018, 8, 9, 0, 0), 'requires_shutdown': False, 'date_repaired': datetime.datetime(2018, 8, 9, 16, 0), 'repair_delay': 0, 'OGI_sp_covered': 0}, {'leak_ID': 'ABRAND00778_0000000002', 'facility_ID': 'ABRAND00778', 'equipment_group': 3, 'rate': 0.026218461483873377, 'lat': 52.16, 'lon': -114.57, 'status': 'repaired', 'days_active': 120, 'days_active_prog_start': 0, 'tagged': True, 'component': 'unknown', 'date_began': datetime.datetime(2018, 6, 25, 0, 0), 'date_tagged': datetime.datetime(2018, 10, 23, 0, 0), 'tagged_by_company': 'natural', 'tagged_by_crew': 1, 'init_detect_by': 'natural', 'init_detect_date': datetime.datetime(2018, 10, 23, 0, 0), 'requires_shutdown': False, 'date_repaired': datetime.datetime(2018, 10, 23, 16, 0), 'repair_delay': 0, 'OGI_sp_covered': 1}, {'leak_ID': 'ABRAND00778_0000000003', 'facility_ID': 'ABRAND00778', 'equipment_group': 2, 'rate': 0.028242713664552294, 'lat': 52.16, 'lon': -114.57, 'status': 'repaired', 'days_active': 120, 'days_active_prog_start': 0, 'tagged': True, 'component': 'unknown', 'date_began': datetime.datetime(2021, 7, 26, 0, 0), 'date_tagged': datetime.datetime(2021, 11, 23, 0, 0), 'tagged_by_company': 'natural', 'tagged_by_crew': 1, 'init_detect_by': 'natural', 'init_detect_date': datetime.datetime(2021, 11, 23, 0, 0), 'requires_shutdown': False, 'date_repaired': datetime.datetime(2021, 11, 23, 16, 0), 'repair_delay': 0, 'OGI_sp_covered': 1}]",[],1,False,,,,3,4,20,30,False,6,5,0,4,0.0,1231.6958831851566,0.8016032064128257,0.9570479235493538,0.6749018538000858
ABRAND00830,601,52.55,-114.42,3,6,2,2,2,120,1,30,20,120,1,lognorm,0.062287158377333125,[1.462],"['kilogram', 'hour']",<scipy.stats._distn_infrastructure.rv_frozen object at 0x000002073C01D1C8>,0,7,60,1642.812732339105,[],"[{'leak_ID': 'ABRAND00830_0000000001', 'facility_ID': 'ABRAND00830', 'equipment_group': 2, 'rate': 0.04149008767446419, 'lat': 52.55, 'lon': -114.42, 'status': 'repaired', 'days_active': 17, 'days_active_prog_start': 0, 'tagged': True, 'component': 'unknown', 'date_began': datetime.datetime(2017, 2, 13, 0, 0), 'date_tagged': datetime.datetime(2017, 2, 14, 10, 30), 'tagged_by_company': 'OGI', 'tagged_by_crew': 3, 'init_detect_by': 'OGI', 'init_detect_date': datetime.datetime(2017, 2, 14, 10, 30), 'requires_shutdown': False, 'date_repaired': datetime.datetime(2017, 3, 2, 16, 0), 'repair_delay': 16, 'OGI_sp_covered': 1}, {'leak_ID': 'ABRAND00830_0000000000', 'facility_ID': 'ABRAND00830', 'equipment_group': 1, 'rate': 0.0016049301457136884, 'lat': 52.55, 'lon': -114.42, 'status': 'repaired', 'days_active': 120, 'days_active_prog_start': 0, 'tagged': True, 'component': 'unknown', 'date_began': datetime.datetime(2017, 1, 20, 0, 0), 'date_tagged': datetime.datetime(2017, 5, 20, 0, 0), 'tagged_by_company': 'natural', 'tagged_by_crew': 1, 'init_detect_by': 'natural', 'init_detect_date': datetime.datetime(2017, 5, 20, 0, 0), 'requires_shutdown': False, 'date_repaired': datetime.datetime(2017, 5, 20, 16, 0), 'repair_delay': 0, 'OGI_sp_covered': 1}, {'leak_ID': 'ABRAND00830_0000000002', 'facility_ID': 'ABRAND00830', 'equipment_group': 1, 'rate': 0.016359560683734384, 'lat': 52.55, 'lon': -114.42, 'status': 'repaired', 'days_active': 120, 'days_active_prog_start': 0, 'tagged': True, 'component': 'unknown', 'date_began': datetime.datetime(2017, 2, 20, 0, 0), 'date_tagged': datetime.datetime(2017, 6, 20, 0, 0), 'tagged_by_company': 'natural', 'tagged_by_crew': 1, 'init_detect_by': 'natural', 'init_detect_date': datetime.datetime(2017, 6, 20, 0, 0), 'requires_shutdown': False, 'date_repaired': datetime.datetime(2017, 6, 20, 16, 0), 'repair_delay': 0, 'OGI_sp_covered': 1}, {'leak_ID': 'ABRAND00830_0000000003', 'facility_ID': 'ABRAND00830', 'equipment_group': 3, 'rate': 0.1747633932236252, 'lat': 52.55, 'lon': -114.42, 'status': 'repaired', 'days_active': 71, 'days_active_prog_start': 0, 'tagged': True, 'component': 'unknown', 'date_began': datetime.datetime(2017, 4, 20, 0, 0), 'date_tagged': datetime.datetime(2017, 6, 14, 10, 30), 'tagged_by_company': 'OGI', 'tagged_by_crew': 3, 'init_detect_by': 'OGI', 'init_detect_date': datetime.datetime(2017, 6, 14, 10, 30), 'requires_shutdown': False, 'date_repaired': datetime.datetime(2017, 6, 30, 16, 0), 'repair_delay': 16, 'OGI_sp_covered': 1}, {'leak_ID': 'ABRAND00830_0000000004', 'facility_ID': 'ABRAND00830', 'equipment_group': 3, 'rate': 0.016500909902612618, 'lat': 52.55, 'lon': -114.42, 'status': 'repaired', 'days_active': 120, 'days_active_prog_start': 0, 'tagged': True, 'component': 'unknown', 'date_began': datetime.datetime(2018, 8, 13, 0, 0), 'date_tagged': datetime.datetime(2018, 12, 11, 0, 0), 'tagged_by_company': 'natural', 'tagged_by_crew': 1, 'init_detect_by': 'natural', 'init_detect_date': datetime.datetime(2018, 12, 11, 0, 0), 'requires_shutdown': False, 'date_repaired': datetime.datetime(2018, 12, 11, 16, 0), 'repair_delay': 0, 'OGI_sp_covered': 1}, {'leak_ID': 'ABRAND00830_0000000005', 'facility_ID': 'ABRAND00830', 'equipment_group': 2, 'rate': 0.01306063232050622, 'lat': 52.55, 'lon': -114.42, 'status': 'repaired', 'days_active': 120, 'days_active_prog_start': 0, 'tagged': True, 'component': 'unknown', 'date_began': datetime.datetime(2019, 9, 4, 0, 0), 'date_tagged': datetime.datetime(2020, 1, 2, 0, 0), 'tagged_by_company': 'natural', 'tagged_by_crew': 1, 'init_detect_by': 'natural', 'init_detect_date': datetime.datetime(2020, 1, 2, 0, 0), 'requires_shutdown': False, 'date_repaired': datetime.datetime(2020, 1, 2, 16, 0), 'repair_delay': 0, 'OGI_sp_covered': 1}, {'leak_ID': 'ABRAND00830_0000000006', 'facility_ID': 'ABRAND00830', 'equipment_group': 1, 'rate': 0.0016448323189459516, 'lat': 52.55, 'lon': -114.42, 'status': 'repaired', 'days_active': 120, 'days_active_prog_start': 0, 'tagged': True, 'component': 'unknown', 'date_began': datetime.datetime(2020, 9, 25, 0, 0), 'date_tagged': datetime.datetime(2021, 1, 23, 0, 0), 'tagged_by_company': 'natural', 'tagged_by_crew': 1, 'init_detect_by': 'natural', 'init_detect_date': datetime.datetime(2021, 1, 23, 0, 0), 'requires_shutdown': False, 'date_repaired': datetime.datetime(2021, 1, 23, 16, 0), 'repair_delay': 0, 'OGI_sp_covered': 1}]",[],0,False,,,,3,4,20,30,False,6,8,0,7,0.0,1642.812732339105,0.8036072144288577,0.9577483324190825,0.9001713601858109
ABRAND00836,322,52.38,-114.4,2,6,2,2,2,120,1,30,20,120,1,lognorm,0.062287158377333125,[1.462],"['kilogram', 'hour']",<scipy.stats._distn_infrastructure.rv_frozen object at 0x000002073C01D1C8>,4,7,60,596.4997821257376,[],"[{'leak_ID': 'ABRAND00836_0000000004', 'facility_ID': 'ABRAND00836', 'equipment_group': 2, 'rate': 0.2046462806737547, 'lat': 52.38, 'lon': -114.4, 'status': 'repaired', 'days_active': 120, 'days_active_prog_start': 106, 'tagged': True, 'component': 'unknown', 'date_began': datetime.datetime(2016, 9, 17, 0, 0), 'date_tagged': datetime.datetime(2017, 1, 14, 0, 0), 'tagged_by_company': 'natural', 'tagged_by_crew': 1, 'init_detect_by': 'natural', 'init_detect_date': datetime.datetime(2017, 1, 14, 0, 0), 'requires_shutdown': False, 'date_repaired': datetime.datetime(2017, 1, 14, 16, 0), 'repair_delay': 0}, {'leak_ID': 'ABRAND00836_0000000003', 'facility_ID': 'ABRAND00836', 'equipment_group': 1, 'rate': 0.018470063228828874, 'lat': 52.38, 'lon': -114.4, 'status': 'repaired', 'days_active': 120, 'days_active_prog_start': 79, 'tagged': True, 'component': 'unknown', 'date_began': datetime.datetime(2016, 10, 14, 0, 0), 'date_tagged': datetime.datetime(2017, 2, 10, 0, 0), 'tagged_by_company': 'natural', 'tagged_by_crew': 1, 'init_detect_by': 'natural', 'init_detect_date': datetime.datetime(2017, 2, 10, 0, 0), 'requires_shutdown': False, 'date_repaired': datetime.datetime(2017, 2, 10, 16, 0), 'repair_delay': 0}, {'leak_ID': 'ABRAND00836_0000000002', 'facility_ID': 'ABRAND00836', 'equipment_group': 1, 'rate': 0.0012060004402819635, 'lat': 52.38, 'lon': -114.4, 'status': 'repaired', 'days_active': 120, 'days_active_prog_start': 31, 'tagged': True, 'component': 'unknown', 'date_began': datetime.datetime(2016, 12, 1, 0, 0), 'date_tagged': datetime.datetime(2017, 3, 30, 0, 0), 'tagged_by_company': 'natural', 'tagged_by_crew': 1, 'init_detect_by': 'natural', 'init_detect_date': datetime.datetime(2017, 3, 30, 0, 0), 'requires_shutdown': False, 'date_repaired': datetime.datetime(2017, 3, 30, 16, 0), 'repair_delay': 0, 'OGI_sp_covered': 1}, {'leak_ID': 'ABRAND00836_0000000001', 'facility_ID': 'ABRAND00836', 'equipment_group': 2, 'rate': 0.005623637920163625, 'lat': 52.38, 'lon': -114.4, 'status': 'repaired', 'days_active': 120, 'days_active_prog_start': 17, 'tagged': True, 'component': 'unknown', 'date_began': datetime.datetime(2016, 12, 15, 0, 0), 'date_tagged': datetime.datetime(2017, 4, 13, 0, 0), 'tagged_by_company': 'natural', 'tagged_by_crew': 1, 'init_detect_by': 'natural', 'init_detect_date': datetime.datetime(2017, 4, 13, 0, 0), 'requires_shutdown': False, 'date_repaired': datetime.datetime(2017, 4, 13, 16, 0), 'repair_delay': 0, 'OGI_sp_covered': 1}, {'leak_ID': 'ABRAND00836_0000000004', 'facility_ID': 'ABRAND00836', 'equipment_group': 2, 'rate': 0.01543245942760892, 'lat': 52.38, 'lon': -114.4, 'status': 'repaired', 'days_active': 120, 'days_active_prog_start': 0, 'tagged': True, 'component': 'unknown', 'date_began': datetime.datetime(2018, 11, 24, 0, 0), 'date_tagged': datetime.datetime(2019, 3, 24, 0, 0), 'tagged_by_company': 'natural', 'tagged_by_crew': 1, 'init_detect_by': 'natural', 'init_detect_date': datetime.datetime(2019, 3, 24, 0, 0), 'requires_shutdown': False, 'date_repaired': datetime.datetime(2019, 3, 24, 16, 0), 'repair_delay': 0, 'OGI_sp_covered': 1}, {'leak_ID': 'ABRAND00836_0000000005', 'facility_ID': 'ABRAND00836', 'equipment_group': 1, 'rate': 0.002983696848089756, 'lat': 52.38, 'lon': -114.4, 'status': 'repaired', 'days_active': 120, 'days_active_prog_start': 0, 'tagged': True, 'component': 'unknown', 'date_began': datetime.datetime(2018, 11, 27, 0, 0), 'date_tagged': datetime.datetime(2019, 3, 27, 0, 0), 'tagged_by_company': 'natural', 'tagged_by_crew': 1, 'init_detect_by': 'natural', 'init_detect_date': datetime.datetime(2019, 3, 27, 0, 0), 'requires_shutdown': False, 'date_repaired': datetime.datetime(2019, 3, 27, 16, 0), 'repair_delay': 0, 'OGI_sp_covered': 1}, {'leak_ID': 'ABRAND00836_0000000006', 'facility_ID': 'ABRAND00836', 'equipment_group': 2, 'rate': 0.0032092053635999576, 'lat': 52.38, 'lon': -114.4, 'status': 'repaired', 'days_active': 120, 'days_active_prog_start': 0, 'tagged': True, 'component': 'unknown', 'date_began': datetime.datetime(2019, 4, 27, 0, 0), 'date_tagged': datetime.datetime(2019, 8, 25, 0, 0), 'tagged_by_company': 'natural', 'tagged_by_crew': 1, 'init_detect_by': 'natural', 'init_detect_date': datetime.datetime(2019, 8, 25, 0, 0), 'requires_shutdown': False, 'date_repaired': datetime.datetime(2019, 8, 25, 13, 30), 'repair_delay': 0, 'OGI_sp_covered': 1}]",[],4,False,,,,3,4,20,30,False,6,7,0,7,0.0,596.4997821257376,0.8056112224448898,0.9584468774846285,0.32684919568533566
ABRAND00844,311,52.75,-114.37,5,6,2,2,2,120,1,30,20,120,1,lognorm,0.062287158377333125,[1.462],"['kilogram', 'hour']",<scipy.stats._distn_infrastructure.rv_frozen object at 0x000002073C01D1C8>,1,6,60,1078.5285212032973,[],"[{'leak_ID': 'ABRAND00844_0000000001', 'facility_ID': 'ABRAND00844', 'equipment_group': 5, 'rate': 0.014849983742368775, 'lat': 52.75, 'lon': -114.37, 'status': 'repaired', 'days_active': 120, 'days_active_prog_start': 103, 'tagged': True, 'component': 'unknown', 'date_began': datetime.datetime(2016, 9, 20, 0, 0), 'date_tagged': datetime.datetime(2017, 1, 17, 0, 0), 'tagged_by_company': 'natural', 'tagged_by_crew': 1, 'init_detect_by': 'natural', 'init_detect_date': datetime.datetime(2017, 1, 17, 0, 0), 'requires_shutdown': False, 'date_repaired': datetime.datetime(2017, 1, 17, 16, 0), 'repair_delay': 0}, {'leak_ID': 'ABRAND00844_0000000001', 'facility_ID': 'ABRAND00844', 'equipment_group': 4, 'rate': 0.024347450049450773, 'lat': 52.75, 'lon': -114.37, 'status': 'repaired', 'days_active': 120, 'days_active_prog_start': 0, 'tagged': True, 'component': 'unknown', 'date_began': datetime.datetime(2017, 3, 23, 0, 0), 'date_tagged': datetime.datetime(2017, 7, 21, 0, 0), 'tagged_by_company': 'natural', 'tagged_by_crew': 1, 'init_detect_by': 'natural', 'init_detect_date': datetime.datetime(2017, 7, 21, 0, 0), 'requires_shutdown': False, 'date_repaired': datetime.datetime(2017, 7, 21, 16, 0), 'repair_delay': 0, 'OGI_sp_covered': 1}, {'leak_ID': 'ABRAND00844_0000000002', 'facility_ID': 'ABRAND00844', 'equipment_group': 1, 'rate': 0.009411584627119654, 'lat': 52.75, 'lon': -114.37, 'status': 'repaired', 'days_active': 120, 'days_active_prog_start': 0, 'tagged': True, 'component': 'unknown', 'date_began': datetime.datetime(2017, 12, 13, 0, 0), 'date_tagged': datetime.datetime(2018, 4, 12, 0, 0), 'tagged_by_company': 'natural', 'tagged_by_crew': 1, 'init_detect_by': 'natural', 'init_detect_date': datetime.datetime(2018, 4, 12, 0, 0), 'requires_shutdown': False, 'date_repaired': datetime.datetime(2018, 4, 12, 16, 0), 'repair_delay': 0, 'OGI_sp_covered': 1}, {'leak_ID': 'ABRAND00844_0000000003', 'facility_ID': 'ABRAND00844', 'equipment_group': 2, 'rate': 0.028010094795897514, 'lat': 52.75, 'lon': -114.37, 'status': 'repaired', 'days_active': 120, 'days_active_prog_start': 0, 'tagged': True, 'component': 'unknown', 'date_began': datetime.datetime(2018, 9, 2, 0, 0), 'date_tagged': datetime.datetime(2018, 12, 31, 0, 0), 'tagged_by_company': 'natural', 'tagged_by_crew': 1, 'init_detect_by': 'natural', 'init_detect_date': datetime.datetime(2018, 12, 31, 0, 0), 'requires_shutdown': False, 'date_repaired': datetime.datetime(2018, 12, 31, 0, 0), 'repair_delay': 0, 'OGI_sp_covered': 1}, {'leak_ID': 'ABRAND00844_0000000004', 'facility_ID': 'ABRAND00844', 'equipment_group': 3, 'rate': 0.0029656838545375343, 'lat': 52.75, 'lon': -114.37, 'status': 'repaired', 'days_active': 120, 'days_active_prog_start': 0, 'tagged': True, 'component': 'unknown', 'date_began': datetime.datetime(2019, 5, 28, 0, 0), 'date_tagged': datetime.datetime(2019, 9, 25, 0, 0), 'tagged_by_company': 'natural', 'tagged_by_crew': 1, 'init_detect_by': 'natural', 'init_detect_date': datetime.datetime(2019, 9, 25, 0, 0), 'requires_shutdown': False, 'date_repaired': datetime.datetime(2019, 9, 25, 16, 0), 'repair_delay': 0, 'OGI_sp_covered': 1}, {'leak_ID': 'ABRAND00844_0000000005', 'facility_ID': 'ABRAND00844', 'equipment_group': 2, 'rate': 0.07693692538875178, 'lat': 52.75, 'lon': -114.37, 'status': 'repaired', 'days_active': 58, 'days_active_prog_start': 0, 'tagged': True, 'component': 'unknown', 'date_began': datetime.datetime(2020, 7, 2, 0, 0), 'date_tagged': datetime.datetime(2020, 8, 12, 13, 0), 'tagged_by_company': 'OGI', 'tagged_by_crew': 2, 'init_detect_by': 'OGI', 'init_detect_date': datetime.datetime(2020, 8, 12, 13, 0), 'requires_shutdown': False, 'date_repaired': datetime.datetime(2020, 8, 29, 16, 0), 'repair_delay': 17, 'OGI_sp_covered': 1}]",[],1,False,,,,2,4,20,30,False,6,6,0,6,0.0,1078.5285212032973,0.8076152304609219,0.9591436222045698,0.5909745321661902
ABRAND01115,344,55.82,-110.95,1,6,2,2,2,120,1,30,20,120,1,lognorm,0.062287158377333125,[1.462],"['kilogram', 'hour']",<scipy.stats._distn_infrastructure.rv_frozen object at 0x000002073C01D1C8>,0,9,60,3169.94732999964,"[{'leak_ID': 'ABRAND01115_0000000006', 'facility_ID': 'ABRAND01115', 'equipment_group': 1, 'rate': 0.0002701584564366377, 'lat': 55.82, 'lon': -110.95, 'status': 'active', 'days_active': 76, 'days_active_prog_start': 0, 'tagged': False, 'component': 'unknown', 'date_began': datetime.datetime(2021, 10, 15, 0, 0), 'date_tagged': None, 'tagged_by_company': None, 'tagged_by_crew': None, 'init_detect_by': None, 'init_detect_date': None, 'requires_shutdown': False, 'date_repaired': None, 'repair_delay': None, 'OGI_sp_covered': 1}, {'leak_ID': 'ABRAND01115_0000000007', 'facility_ID': 'ABRAND01115', 'equipment_group': 1, 'rate': 0.19763257758039662, 'lat': 55.82, 'lon': -110.95, 'status': 'active', 'days_active': 45, 'days_active_prog_start': 0, 'tagged': False, 'component': 'unknown', 'date_began': datetime.datetime(2021, 11, 15, 0, 0), 'date_tagged': None, 'tagged_by_company': None, 'tagged_by_crew': None, 'init_detect_by': None, 'init_detect_date': None, 'requires_shutdown': False, 'date_repaired': None, 'repair_delay': None, 'OGI_sp_covered': 0}, {'leak_ID': 'ABRAND01115_0000000008', 'facility_ID': 'ABRAND01115', 'equipment_group': 1, 'rate': 0.05330393234396152, 'lat': 55.82, 'lon': -110.95, 'status': 'active', 'days_active': 10, 'days_active_prog_start': 0, 'tagged': False, 'component': 'unknown', 'date_began': datetime.datetime(2021, 12, 20, 0, 0), 'date_tagged': None, 'tagged_by_company': None, 'tagged_by_crew': None, 'init_detect_by': None, 'init_detect_date': None, 'requires_shutdown': False, 'date_repaired': None, 'repair_delay': None}]","[{'leak_ID': 'ABRAND01115_0000000000', 'facility_ID': 'ABRAND01115', 'equipment_group': 1, 'rate': 0.012655712273693802, 'lat': 55.82, 'lon': -110.95, 'status': 'repaired', 'days_active': 120, 'days_active_prog_start': 0, 'tagged': True, 'component': 'unknown', 'date_began': datetime.datetime(2017, 10, 26, 0, 0), 'date_tagged': datetime.datetime(2018, 2, 23, 0, 0), 'tagged_by_company': 'natural', 'tagged_by_crew': 1, 'init_detect_by': 'natural', 'init_detect_date': datetime.datetime(2018, 2, 23, 0, 0), 'requires_shutdown': False, 'date_repaired': datetime.datetime(2018, 2, 23, 16, 0), 'repair_delay': 0, 'OGI_sp_covered': 1}, {'leak_ID': 'ABRAND01115_0000000001', 'facility_ID': 'ABRAND01115', 'equipment_group': 1, 'rate': 0.030840844241588238, 'lat': 55.82, 'lon': -110.95, 'status': 'repaired', 'days_active': 120, 'days_active_prog_start': 0, 'tagged': True, 'component': 'unknown', 'date_began': datetime.datetime(2018, 9, 29, 0, 0), 'date_tagged': datetime.datetime(2019, 1, 27, 0, 0), 'tagged_by_company': 'natural', 'tagged_by_crew': 1, 'init_detect_by': 'natural', 'init_detect_date': datetime.datetime(2019, 1, 27, 0, 0), 'requires_shutdown': False, 'date_repaired': datetime.datetime(2019, 1, 27, 16, 0), 'repair_delay': 0, 'OGI_sp_covered': 1}, {'leak_ID': 'ABRAND01115_0000000002', 'facility_ID': 'ABRAND01115', 'equipment_group': 1, 'rate': 0.015820864724758993, 'lat': 55.82, 'lon': -110.95, 'status': 'repaired', 'days_active': 120, 'days_active_prog_start': 0, 'tagged': True, 'component': 'unknown', 'date_began': datetime.datetime(2019, 10, 13, 0, 0), 'date_tagged': datetime.datetime(2020, 2, 10, 0, 0), 'tagged_by_company': 'natural', 'tagged_by_crew': 1, 'init_detect_by': 'natural', 'init_detect_date': datetime.datetime(2020, 2, 10, 0, 0), 'requires_shutdown': False, 'date_repaired': datetime.datetime(2020, 2, 10, 16, 0), 'repair_delay': 0, 'OGI_sp_covered': 1}, {'leak_ID': 'ABRAND01115_0000000003', 'facility_ID': 'ABRAND01115', 'equipment_group': 1, 'rate': 0.02017057922315567, 'lat': 55.82, 'lon': -110.95, 'status': 'repaired', 'days_active': 120, 'days_active_prog_start': 0, 'tagged': True, 'component': 'unknown', 'date_began': datetime.datetime(2020, 6, 13, 0, 0), 'date_tagged': datetime.datetime(2020, 10, 11, 0, 0), 'tagged_by_company': 'natural', 'tagged_by_crew': 1, 'init_detect_by': 'natural', 'init_detect_date': datetime.datetime(2020, 10, 11, 0, 0), 'requires_shutdown': False, 'date_repaired': datetime.datetime(2020, 10, 11, 16, 0), 'repair_delay': 0, 'OGI_sp_covered': 1}, {'leak_ID': 'ABRAND01115_0000000004', 'facility_ID': 'ABRAND01115', 'equipment_group': 1, 'rate': 0.20111315557542542, 'lat': 55.82, 'lon': -110.95, 'status': 'repaired', 'days_active': 67, 'days_active_prog_start': 0, 'tagged': True, 'component': 'unknown', 'date_began': datetime.datetime(2021, 2, 24, 0, 0), 'date_tagged': datetime.datetime(2021, 4, 15, 13, 0), 'tagged_by_company': 'OGI', 'tagged_by_crew': 3, 'init_detect_by': 'OGI', 'init_detect_date': datetime.datetime(2021, 4, 15, 13, 0), 'requires_shutdown': False, 'date_repaired': datetime.datetime(2021, 5, 2, 16, 0), 'repair_delay': 17, 'OGI_sp_covered': 1}, {'leak_ID': 'ABRAND01115_0000000005', 'facility_ID': 'ABRAND01115', 'equipment_group': 1, 'rate': 0.0783153031841742, 'lat': 55.82, 'lon': -110.95, 'status': 'repaired', 'days_active': 54, 'days_active_prog_start': 0, 'tagged': True, 'component': 'unknown', 'date_began': datetime.datetime(2021, 3, 9, 0, 0), 'date_tagged': datetime.datetime(2021, 4, 15, 13, 0), 'tagged_by_company': 'OGI', 'tagged_by_crew': 3, 'init_detect_by': 'OGI', 'init_detect_date': datetime.datetime(2021, 4, 15, 13, 0), 'requires_shutdown': False, 'date_repaired': datetime.datetime(2021, 5, 2, 16, 0), 'repair_delay': 17, 'OGI_sp_covered': 1}]",[],0,False,,,,1,4,20,30,False,6,8,3,6,816.2240276661105,2353.7233023335293,0.8096192384769539,0.9598371250897356,1.736957441095693
ABRAND00685,351,53.14,-115.05,4,6,2,2,2,120,1,30,20,120,1,lognorm,0.062287158377333125,[1.462],"['kilogram', 'hour']",<scipy.stats._distn_infrastructure.rv_frozen object at 0x000002073C01D1C8>,1,4,60,482.5388701727114,[],"[{'leak_ID': 'ABRAND00685_0000000001', 'facility_ID': 'ABRAND00685', 'equipment_group': 4, 'rate': 0.006845189811999609, 'lat': 53.14, 'lon': -115.05, 'status': 'repaired', 'days_active': 120, 'days_active_prog_start': 15, 'tagged': True, 'component': 'unknown', 'date_began': datetime.datetime(2016, 12, 17, 0, 0), 'date_tagged': datetime.datetime(2017, 4, 15, 0, 0), 'tagged_by_company': 'natural', 'tagged_by_crew': 1, 'init_detect_by': 'natural', 'init_detect_date': datetime.datetime(2017, 4, 15, 0, 0), 'requires_shutdown': False, 'date_repaired': datetime.datetime(2017, 4, 15, 16, 0), 'repair_delay': 0, 'OGI_sp_covered': 1}, {'leak_ID': 'ABRAND00685_0000000001', 'facility_ID': 'ABRAND00685', 'equipment_group': 4, 'rate': 0.008745580403877382, 'lat': 53.14, 'lon': -115.05, 'status': 'repaired', 'days_active': 120, 'days_active_prog_start': 0, 'tagged': True, 'component': 'unknown', 'date_began': datetime.datetime(2017, 11, 2, 0, 0), 'date_tagged': datetime.datetime(2018, 3, 2, 0, 0), 'tagged_by_company': 'natural', 'tagged_by_crew': 1, 'init_detect_by': 'natural', 'init_detect_date': datetime.datetime(2018, 3, 2, 0, 0), 'requires_shutdown': False, 'date_repaired': datetime.datetime(2018, 3, 2, 0, 0), 'repair_delay': 0, 'OGI_sp_covered': 1}, {'leak_ID': 'ABRAND00685_0000000002', 'facility_ID': 'ABRAND00685', 'equipment_group': 3, 'rate': 0.00353919272058336, 'lat': 53.14, 'lon': -115.05, 'status': 'repaired', 'days_active': 120, 'days_active_prog_start': 0, 'tagged': True, 'component': 'unknown', 'date_began': datetime.datetime(2020, 7, 10, 0, 0), 'date_tagged': datetime.datetime(2020, 11, 7, 0, 0), 'tagged_by_company': 'natural', 'tagged_by_crew': 1, 'init_detect_by': 'natural', 'init_detect_date': datetime.datetime(2020, 11, 7, 0, 0), 'requires_shutdown': False, 'date_repaired': datetime.datetime(2020, 11, 7, 16, 0), 'repair_delay': 0, 'OGI_sp_covered': 1}, {'leak_ID': 'ABRAND00685_0000000003', 'facility_ID': 'ABRAND00685', 'equipment_group': 3, 'rate': 0.028266857681697722, 'lat': 53.14, 'lon': -115.05, 'status': 'repaired', 'days_active': 120, 'days_active_prog_start': 0, 'tagged': True, 'component': 'unknown', 'date_began': datetime.datetime(2020, 12, 29, 0, 0), 'date_tagged': datetime.datetime(2021, 4, 28, 0, 0), 'tagged_by_company': 'natural', 'tagged_by_crew': 1, 'init_detect_by': 'natural', 'init_detect_date': datetime.datetime(2021, 4, 28, 0, 0), 'requires_shutdown': False, 'date_repaired': datetime.datetime(2021, 4, 28, 0, 0), 'repair_delay': 0, 'OGI_sp_covered': 1}]",[],1,False,,,,2,4,19,30,False,6,7,0,4,0.0,482.5388701727114,0.811623246492986,0.9605298123503808,0.264404860368609
ABRAND00511,601,53.13,-115.69,3,6,2,2,2,120,1,30,20,120,1,lognorm,0.062287158377333125,[1.462],"['kilogram', 'hour']",<scipy.stats._distn_infrastructure.rv_frozen object at 0x000002073C01D1C8>,2,7,60,1615.2843133021622,[],"[{'leak_ID': 'ABRAND00511_0000000001', 'facility_ID': 'ABRAND00511', 'equipment_group': 2, 'rate': 0.08221485877938299, 'lat': 53.13, 'lon': -115.69, 'status': 'repaired', 'days_active': 120, 'days_active_prog_start': 27, 'tagged': True, 'component': 'unknown', 'date_began': datetime.datetime(2016, 12, 5, 0, 0), 'date_tagged': datetime.datetime(2017, 4, 3, 0, 0), 'tagged_by_company': 'natural', 'tagged_by_crew': 1, 'init_detect_by': 'natural', 'init_detect_date': datetime.datetime(2017, 4, 3, 0, 0), 'requires_shutdown': False, 'date_repaired': datetime.datetime(2017, 4, 3, 16, 0), 'repair_delay': 0, 'OGI_sp_covered': 0}, {'leak_ID': 'ABRAND00511_0000000002', 'facility_ID': 'ABRAND00511', 'equipment_group': 3, 'rate': 0.008957830756310788, 'lat': 53.13, 'lon': -115.69, 'status': 'repaired', 'days_active': 120, 'days_active_prog_start': 10, 'tagged': True, 'component': 'unknown', 'date_began': datetime.datetime(2016, 12, 22, 0, 0), 'date_tagged': datetime.datetime(2017, 4, 20, 0, 0), 'tagged_by_company': 'natural', 'tagged_by_crew': 1, 'init_detect_by': 'natural', 'init_detect_date': datetime.datetime(2017, 4, 20, 0, 0), 'requires_shutdown': False, 'date_repaired': datetime.datetime(2017, 4, 20, 16, 0), 'repair_delay': 0, 'OGI_sp_covered': 0}, {'leak_ID': 'ABRAND00511_0000000002', 'facility_ID': 'ABRAND00511', 'equipment_group': 1, 'rate': 0.0030986585455055793, 'lat': 53.13, 'lon': -115.69, 'status': 'repaired', 'days_active': 120, 'days_active_prog_start': 0, 'tagged': True, 'component': 'unknown', 'date_began': datetime.datetime(2017, 8, 22, 0, 0), 'date_tagged': datetime.datetime(2017, 12, 20, 0, 0), 'tagged_by_company': 'natural', 'tagged_by_crew': 1, 'init_detect_by': 'natural', 'init_detect_date': datetime.datetime(2017, 12, 20, 0, 0), 'requires_shutdown': False, 'date_repaired': datetime.datetime(2017, 12, 20, 16, 0), 'repair_delay': 0, 'OGI_sp_covered': 0}, {'leak_ID': 'ABRAND00511_0000000003', 'facility_ID': 'ABRAND00511', 'equipment_group': 2, 'rate': 0.003524332022429116, 'lat': 53.13, 'lon': -115.69, 'status': 'repaired', 'days_active': 120, 'days_active_prog_start': 0, 'tagged': True, 'component': 'unknown', 'date_began': datetime.datetime(2018, 5, 1, 0, 0), 'date_tagged': datetime.datetime(2018, 8, 29, 0, 0), 'tagged_by_company': 'natural', 'tagged_by_crew': 1, 'init_detect_by': 'natural', 'init_detect_date': datetime.datetime(2018, 8, 29, 0, 0), 'requires_shutdown': False, 'date_repaired': datetime.datetime(2018, 8, 29, 0, 0), 'repair_delay': 0, 'OGI_sp_covered': 1}, {'leak_ID': 'ABRAND00511_0000000004', 'facility_ID': 'ABRAND00511', 'equipment_group': 3, 'rate': 0.02465205753193252, 'lat': 53.13, 'lon': -115.69, 'status': 'repaired', 'days_active': 120, 'days_active_prog_start': 0, 'tagged': True, 'component': 'unknown', 'date_began': datetime.datetime(2019, 6, 15, 0, 0), 'date_tagged': datetime.datetime(2019, 10, 13, 0, 0), 'tagged_by_company': 'natural', 'tagged_by_crew': 1, 'init_detect_by': 'natural', 'init_detect_date': datetime.datetime(2019, 10, 13, 0, 0), 'requires_shutdown': False, 'date_repaired': datetime.datetime(2019, 10, 13, 16, 0), 'repair_delay': 0, 'OGI_sp_covered': 1}, {'leak_ID': 'ABRAND00511_0000000005', 'facility_ID': 'ABRAND00511', 'equipment_group': 3, 'rate': 0.03585482797978565, 'lat': 53.13, 'lon': -115.69, 'status': 'repaired', 'days_active': 120, 'days_active_prog_start': 0, 'tagged': True, 'component': 'unknown', 'date_began': datetime.datetime(2020, 11, 29, 0, 0), 'date_tagged': datetime.datetime(2021, 3, 29, 0, 0), 'tagged_by_company': 'natural', 'tagged_by_crew': 1, 'init_detect_by': 'natural', 'init_detect_date': datetime.datetime(2021, 3, 29, 0, 0), 'requires_shutdown': False, 'date_repaired': datetime.datetime(2021, 3, 29, 16, 0), 'repair_delay': 0, 'OGI_sp_covered': 1}, {'leak_ID': 'ABRAND00511_0000000006', 'facility_ID': 'ABRAND00511', 'equipment_group': 2, 'rate': 0.10571010071652384, 'lat': 53.13, 'lon': -115.69, 'status': 'repaired', 'days_active': 19, 'days_active_prog_start': 0, 'tagged': True, 'component': 'unknown', 'date_began': datetime.datetime(2021, 10, 10, 0, 0), 'date_tagged': datetime.datetime(2021, 10, 13, 8, 0), 'tagged_by_company': 'OGI', 'tagged_by_crew': 2, 'init_detect_by': 'OGI', 'init_detect_date': datetime.datetime(2021, 10, 13, 8, 0), 'requires_shutdown': False, 'date_repaired': datetime.datetime(2021, 10, 29, 16, 0), 'repair_delay': 16, 'OGI_sp_covered': 1}]",[],2,False,,,,2,4,19,30,False,6,7,0,7,0.0,1615.2843133021622,0.8136272545090181,0.9612174400379496,0.8850872949600889
ABRAND00640,311,53.04,-115.18,3,6,2,2,2,120,1,30,20,120,1,lognorm,0.062287158377333125,[1.462],"['kilogram', 'hour']",<scipy.stats._distn_infrastructure.rv_frozen object at 0x000002073C01D1C8>,0,3,60,1164.840303098129,[],"[{'leak_ID': 'ABRAND00640_0000000000', 'facility_ID': 'ABRAND00640', 'equipment_group': 2, 'rate': 0.03310702749017881, 'lat': 53.04, 'lon': -115.18, 'status': 'repaired', 'days_active': 120, 'days_active_prog_start': 0, 'tagged': True, 'component': 'unknown', 'date_began': datetime.datetime(2020, 10, 3, 0, 0), 'date_tagged': datetime.datetime(2021, 1, 31, 0, 0), 'tagged_by_company': 'natural', 'tagged_by_crew': 1, 'init_detect_by': 'natural', 'init_detect_date': datetime.datetime(2021, 1, 31, 0, 0), 'requires_shutdown': False, 'date_repaired': datetime.datetime(2021, 1, 31, 16, 0), 'repair_delay': 0, 'OGI_sp_covered': 0}, {'leak_ID': 'ABRAND00640_0000000001', 'facility_ID': 'ABRAND00640', 'equipment_group': 1, 'rate': 0.06985336228507877, 'lat': 53.04, 'lon': -115.18, 'status': 'repaired', 'days_active': 90, 'days_active_prog_start': 0, 'tagged': True, 'component': 'unknown', 'date_began': datetime.datetime(2021, 4, 2, 0, 0), 'date_tagged': datetime.datetime(2021, 6, 15, 8, 0), 'tagged_by_company': 'OGI', 'tagged_by_crew': 3, 'init_detect_by': 'OGI', 'init_detect_date': datetime.datetime(2021, 6, 15, 8, 0), 'requires_shutdown': False, 'date_repaired': datetime.datetime(2021, 7, 1, 16, 0), 'repair_delay': 16, 'OGI_sp_covered': 1}, {'leak_ID': 'ABRAND00640_0000000002', 'facility_ID': 'ABRAND00640', 'equipment_group': 3, 'rate': 0.048094060418598414, 'lat': 53.04, 'lon': -115.18, 'status': 'repaired', 'days_active': 67, 'days_active_prog_start': 0, 'tagged': True, 'component': 'unknown', 'date_began': datetime.datetime(2021, 8, 23, 0, 0), 'date_tagged': datetime.datetime(2021, 10, 13, 8, 0), 'tagged_by_company': 'OGI', 'tagged_by_crew': 3, 'init_detect_by': 'OGI', 'init_detect_date': datetime.datetime(2021, 10, 13, 8, 0), 'requires_shutdown': False, 'date_repaired': datetime.datetime(2021, 10, 29, 16, 0), 'repair_delay': 16, 'OGI_sp_covered': 1}]",[],0,False,,,,2,4,19,30,False,6,1,0,3,0.0,1164.840303098129,0.8156312625250501,0.9619023130391505,0.6382686592318515
ABRAND00789,351,52.21,-114.54,1,6,2,2,2,120,1,30,20,120,1,lognorm,0.062287158377333125,[1.462],"['kilogram', 'hour']",<scipy.stats._distn_infrastructure.rv_frozen object at 0x000002073C01D1C8>,0,1,60,17.60276574431407,[],"[{'leak_ID': 'ABRAND00789_0000000000', 'facility_ID': 'ABRAND00789', 'equipment_group': 1, 'rate': 0.0016977976219438723, 'lat': 52.21, 'lon': -114.54, 'status': 'repaired', 'days_active': 120, 'days_active_prog_start': 0, 'tagged': True, 'component': 'unknown', 'date_began': datetime.datetime(2019, 12, 7, 0, 0), 'date_tagged': datetime.datetime(2020, 4, 5, 0, 0), 'tagged_by_company': 'natural', 'tagged_by_crew': 1, 'init_detect_by': 'natural', 'init_detect_date': datetime.datetime(2020, 4, 5, 0, 0), 'requires_shutdown': False, 'date_repaired': datetime.datetime(2020, 4, 5, 16, 0), 'repair_delay': 0, 'OGI_sp_covered': 1}]",[],0,False,,,,3,4,19,30,False,6,2,0,1,0.0,17.60276574431407,0.8176352705410822,0.9625843036939515,0.009645351092774833
ABRAND01087,601,51.04,-111.52,4,6,2,2,2,120,1,30,20,120,1,lognorm,0.062287158377333125,[1.462],"['kilogram', 'hour']",<scipy.stats._distn_infrastructure.rv_frozen object at 0x000002073C01D1C8>,0,6,60,876.35236397007,[],"[{'leak_ID': 'ABRAND01087_0000000000', 'facility_ID': 'ABRAND01087', 'equipment_group': 1, 'rate': 0.02042186099005604, 'lat': 51.04, 'lon': -111.52, 'status': 'repaired', 'days_active': 120, 'days_active_prog_start': 0, 'tagged': True, 'component': 'unknown', 'date_began': datetime.datetime(2018, 4, 27, 0, 0), 'date_tagged': datetime.datetime(2018, 8, 25, 0, 0), 'tagged_by_company': 'natural', 'tagged_by_crew': 1, 'init_detect_by': 'natural', 'init_detect_date': datetime.datetime(2018, 8, 25, 0, 0), 'requires_shutdown': False, 'date_repaired': datetime.datetime(2018, 8, 25, 13, 30), 'repair_delay': 0, 'OGI_sp_covered': 1}, {'leak_ID': 'ABRAND01087_0000000001', 'facility_ID': 'ABRAND01087', 'equipment_group': 1, 'rate': 0.018803137731051866, 'lat': 51.04, 'lon': -111.52, 'status': 'repaired', 'days_active': 120, 'days_active_prog_start': 0, 'tagged': True, 'component': 'unknown', 'date_began': datetime.datetime(2018, 8, 8, 0, 0), 'date_tagged': datetime.datetime(2018, 12, 6, 0, 0), 'tagged_by_company': 'natural', 'tagged_by_crew': 1, 'init_detect_by': 'natural', 'init_detect_date': datetime.datetime(2018, 12, 6, 0, 0), 'requires_shutdown': False, 'date_repaired': datetime.datetime(2018, 12, 6, 16, 0), 'repair_delay': 0, 'OGI_sp_covered': 1}, {'leak_ID': 'ABRAND01087_0000000002', 'facility_ID': 'ABRAND01087', 'equipment_group': 3, 'rate': 0.007925443762895258, 'lat': 51.04, 'lon': -111.52, 'status': 'repaired', 'days_active': 120, 'days_active_prog_start': 0, 'tagged': True, 'component': 'unknown', 'date_began': datetime.datetime(2018, 12, 16, 0, 0), 'date_tagged': datetime.datetime(2019, 4, 15, 0, 0), 'tagged_by_company': 'natural', 'tagged_by_crew': 1, 'init_detect_by': 'natural', 'init_detect_date': datetime.datetime(2019, 4, 15, 0, 0), 'requires_shutdown': False, 'date_repaired': datetime.datetime(2019, 4, 15, 16, 0), 'repair_delay': 0, 'OGI_sp_covered': 1}, {'leak_ID': 'ABRAND01087_0000000003', 'facility_ID': 'ABRAND01087', 'equipment_group': 4, 'rate': 0.013877241599252412, 'lat': 51.04, 'lon': -111.52, 'status': 'repaired', 'days_active': 120, 'days_active_prog_start': 0, 'tagged': True, 'component': 'unknown', 'date_began': datetime.datetime(2019, 11, 6, 0, 0), 'date_tagged': datetime.datetime(2020, 3, 5, 0, 0), 'tagged_by_company': 'natural', 'tagged_by_crew': 1, 'init_detect_by': 'natural', 'init_detect_date': datetime.datetime(2020, 3, 5, 0, 0), 'requires_shutdown': False, 'date_repaired': datetime.datetime(2020, 3, 5, 16, 0), 'repair_delay': 0, 'OGI_sp_covered': 1}, {'leak_ID': 'ABRAND01087_0000000004', 'facility_ID': 'ABRAND01087', 'equipment_group': 1, 'rate': 0.015179163483133045, 'lat': 51.04, 'lon': -111.52, 'status': 'repaired', 'days_active': 120, 'days_active_prog_start': 0, 'tagged': True, 'component': 'unknown', 'date_began': datetime.datetime(2019, 12, 23, 0, 0), 'date_tagged': datetime.datetime(2020, 4, 21, 0, 0), 'tagged_by_company': 'natural', 'tagged_by_crew': 1, 'init_detect_by': 'natural', 'init_detect_date': datetime.datetime(2020, 4, 21, 0, 0), 'requires_shutdown': False, 'date_repaired': datetime.datetime(2020, 4, 21, 16, 0), 'repair_delay': 0, 'OGI_sp_covered': 1}, {'leak_ID': 'ABRAND01087_0000000005', 'facility_ID': 'ABRAND01087', 'equipment_group': 2, 'rate': 0.00831787889677398, 'lat': 51.04, 'lon': -111.52, 'status': 'repaired', 'days_active': 120, 'days_active_prog_start': 0, 'tagged': True, 'component': 'unknown', 'date_began': datetime.datetime(2020, 2, 1, 0, 0), 'date_tagged': datetime.datetime(2020, 5, 31, 0, 0), 'tagged_by_company': 'natural', 'tagged_by_crew': 1, 'init_detect_by': 'natural', 'init_detect_date': datetime.datetime(2020, 5, 31, 0, 0), 'requires_shutdown': False, 'date_repaired': datetime.datetime(2020, 5, 31, 16, 0), 'repair_delay': 0, 'OGI_sp_covered': 1}]",[],0,False,,,,3,4,19,30,False,6,11,0,6,0.0,876.35236397007,0.8196392785571143,0.9632549253022341,0.48019307614798357
ABRAND00294,361,54.04,-117.24,4,6,2,2,2,120,1,30,20,120,1,lognorm,0.062287158377333125,[1.462],"['kilogram', 'hour']",<scipy.stats._distn_infrastructure.rv_frozen object at 0x000002073C01D1C8>,0,2,60,738.9757964320206,[],"[{'leak_ID': 'ABRAND00294_0000000000', 'facility_ID': 'ABRAND00294', 'equipment_group': 4, 'rate': 0.02373893070181082, 'lat': 54.04, 'lon': -117.24, 'status': 'repaired', 'days_active': 120, 'days_active_prog_start': 0, 'tagged': True, 'component': 'unknown', 'date_began': datetime.datetime(2017, 11, 14, 0, 0), 'date_tagged': datetime.datetime(2018, 3, 14, 0, 0), 'tagged_by_company': 'natural', 'tagged_by_crew': 1, 'init_detect_by': 'natural', 'init_detect_date': datetime.datetime(2018, 3, 14, 0, 0), 'requires_shutdown': False, 'date_repaired': datetime.datetime(2018, 3, 14, 16, 0), 'repair_delay': 0, 'OGI_sp_covered': 1}, {'leak_ID': 'ABRAND00294_0000000001', 'facility_ID': 'ABRAND00294', 'equipment_group': 1, 'rate': 0.1782590288323372, 'lat': 54.04, 'lon': -117.24, 'status': 'repaired', 'days_active': 32, 'days_active_prog_start': 0, 'tagged': True, 'component': 'unknown', 'date_began': datetime.datetime(2018, 11, 27, 0, 0), 'date_tagged': datetime.datetime(2018, 12, 12, 10, 30), 'tagged_by_company': 'OGI', 'tagged_by_crew': 3, 'init_detect_by': 'OGI', 'init_detect_date': datetime.datetime(2018, 12, 12, 10, 30), 'requires_shutdown': False, 'date_repaired': datetime.datetime(2018, 12, 29, 0, 0), 'repair_delay': 16, 'OGI_sp_covered': 1}]",[],0,False,,,,2,4,19,30,False,6,2,0,2,0.0,738.9757964320206,0.8216432865731463,0.9639237432872492,0.40491824462028525
ABRAND00657,361,52.87,-115.14,1,6,2,2,2,120,1,30,20,120,1,lognorm,0.062287158377333125,[1.462],"['kilogram', 'hour']",<scipy.stats._distn_infrastructure.rv_frozen object at 0x000002073C01D1C8>,1,5,60,1780.7823102313637,[],"[{'leak_ID': 'ABRAND00657_0000000001', 'facility_ID': 'ABRAND00657', 'equipment_group': 1, 'rate': 0.14653229581669175, 'lat': 52.87, 'lon': -115.14, 'status': 'repaired', 'days_active': 77, 'days_active_prog_start': 15, 'tagged': True, 'component': 'unknown', 'date_began': datetime.datetime(2016, 12, 17, 0, 0), 'date_tagged': datetime.datetime(2017, 2, 15, 13, 0), 'tagged_by_company': 'OGI', 'tagged_by_crew': 1, 'init_detect_by': 'OGI', 'init_detect_date': datetime.datetime(2017, 2, 15, 13, 0), 'requires_shutdown': False, 'date_repaired': datetime.datetime(2017, 3, 3, 16, 0), 'repair_delay': 16, 'OGI_sp_covered': 1}, {'leak_ID': 'ABRAND00657_0000000001', 'facility_ID': 'ABRAND00657', 'equipment_group': 1, 'rate': 0.08401804680120893, 'lat': 52.87, 'lon': -115.14, 'status': 'repaired', 'days_active': 59, 'days_active_prog_start': 0, 'tagged': True, 'component': 'unknown', 'date_began': datetime.datetime(2018, 5, 3, 0, 0), 'date_tagged': datetime.datetime(2018, 6, 15, 13, 0), 'tagged_by_company': 'OGI', 'tagged_by_crew': 1, 'init_detect_by': 'OGI', 'init_detect_date': datetime.datetime(2018, 6, 15, 13, 0), 'requires_shutdown': False, 'date_repaired': datetime.datetime(2018, 7, 1, 16, 0), 'repair_delay': 16, 'OGI_sp_covered': 1}, {'leak_ID': 'ABRAND00657_0000000002', 'facility_ID': 'ABRAND00657', 'equipment_group': 1, 'rate': 0.012099904520670316, 'lat': 52.87, 'lon': -115.14, 'status': 'repaired', 'days_active': 120, 'days_active_prog_start': 0, 'tagged': True, 'component': 'unknown', 'date_began': datetime.datetime(2018, 6, 1, 0, 0), 'date_tagged': datetime.datetime(2018, 9, 29, 0, 0), 'tagged_by_company': 'natural', 'tagged_by_crew': 1, 'init_detect_by': 'natural', 'init_detect_date': datetime.datetime(2018, 9, 29, 0, 0), 'requires_shutdown': False, 'date_repaired': datetime.datetime(2018, 9, 29, 16, 0), 'repair_delay': 0, 'OGI_sp_covered': 1}, {'leak_ID': 'ABRAND00657_0000000003', 'facility_ID': 'ABRAND00657', 'equipment_group': 1, 'rate': 0.010808069002208721, 'lat': 52.87, 'lon': -115.14, 'status': 'repaired', 'days_active': 120, 'days_active_prog_start': 0, 'tagged': True, 'component': 'unknown', 'date_began': datetime.datetime(2021, 2, 26, 0, 0), 'date_tagged': datetime.datetime(2021, 6, 26, 0, 0), 'tagged_by_company': 'natural', 'tagged_by_crew': 1, 'init_detect_by': 'natural', 'init_detect_date': datetime.datetime(2021, 6, 26, 0, 0), 'requires_shutdown': False, 'date_repaired': datetime.datetime(2021, 6, 26, 13, 30), 'repair_delay': 0, 'OGI_sp_covered': 1}, {'leak_ID': 'ABRAND00657_0000000004', 'facility_ID': 'ABRAND00657', 'equipment_group': 1, 'rate': 0.03183235369805714, 'lat': 52.87, 'lon': -115.14, 'status': 'repaired', 'days_active': 120, 'days_active_prog_start': 0, 'tagged': True, 'component': 'unknown', 'date_began': datetime.datetime(2021, 7, 30, 0, 0), 'date_tagged': datetime.datetime(2021, 11, 27, 0, 0), 'tagged_by_company': 'natural', 'tagged_by_crew': 1, 'init_detect_by': 'natural', 'init_detect_date': datetime.datetime(2021, 11, 27, 0, 0), 'requires_shutdown': False, 'date_repaired': datetime.datetime(2021, 11, 27, 16, 0), 'repair_delay': 0, 'OGI_sp_covered': 1}]",[],1,False,,,,2,4,19,30,False,6,3,0,5,0.0,1780.7823102313637,0.8236472945891784,0.9645774989430946,0.9757711288938979
ABRAND00890,351,52.57,-114.28,5,6,2,2,2,120,1,30,20,120,1,lognorm,0.062287158377333125,[1.462],"['kilogram', 'hour']",<scipy.stats._distn_infrastructure.rv_frozen object at 0x000002073C01D1C8>,1,4,60,1296.6378893546625,[],"[{'leak_ID': 'ABRAND00890_0000000001', 'facility_ID': 'ABRAND00890', 'equipment_group': 2, 'rate': 0.011848970695097846, 'lat': 52.57, 'lon': -114.28, 'status': 'repaired', 'days_active': 120, 'days_active_prog_start': 0, 'tagged': True, 'component': 'unknown', 'date_began': datetime.datetime(2017, 1, 1, 0, 0), 'date_tagged': datetime.datetime(2017, 4, 30, 0, 0), 'tagged_by_company': 'natural', 'tagged_by_crew': 1, 'init_detect_by': 'natural', 'init_detect_date': datetime.datetime(2017, 4, 30, 0, 0), 'requires_shutdown': False, 'date_repaired': datetime.datetime(2017, 4, 30, 0, 0), 'repair_delay': 0, 'OGI_sp_covered': 1}, {'leak_ID': 'ABRAND00890_0000000001', 'facility_ID': 'ABRAND00890', 'equipment_group': 2, 'rate': 0.08677534658265372, 'lat': 52.57, 'lon': -114.28, 'status': 'repaired', 'days_active': 120, 'days_active_prog_start': 0, 'tagged': True, 'component': 'unknown', 'date_began': datetime.datetime(2018, 8, 29, 0, 0), 'date_tagged': datetime.datetime(2018, 12, 27, 0, 0), 'tagged_by_company': 'natural', 'tagged_by_crew': 2, 'init_detect_by': 'OGI', 'init_detect_date': datetime.datetime(2018, 12, 12, 13, 0), 'requires_shutdown': False, 'date_repaired': datetime.datetime(2018, 12, 27, 0, 0), 'repair_delay': 0, 'OGI_sp_covered': 1}, {'leak_ID': 'ABRAND00890_0000000002', 'facility_ID': 'ABRAND00890', 'equipment_group': 2, 'rate': 0.02028971675766907, 'lat': 52.57, 'lon': -114.28, 'status': 'repaired', 'days_active': 120, 'days_active_prog_start': 0, 'tagged': True, 'component': 'unknown', 'date_began': datetime.datetime(2020, 6, 8, 0, 0), 'date_tagged': datetime.datetime(2020, 10, 6, 0, 0), 'tagged_by_company': 'natural', 'tagged_by_crew': 1, 'init_detect_by': 'natural', 'init_detect_date': datetime.datetime(2020, 10, 6, 0, 0), 'requires_shutdown': False, 'date_repaired': datetime.datetime(2020, 10, 6, 16, 0), 'repair_delay': 0, 'OGI_sp_covered': 1}, {'leak_ID': 'ABRAND00890_0000000003', 'facility_ID': 'ABRAND00890', 'equipment_group': 2, 'rate': 0.006147490786595429, 'lat': 52.57, 'lon': -114.28, 'status': 'repaired', 'days_active': 120, 'days_active_prog_start': 0, 'tagged': True, 'component': 'unknown', 'date_began': datetime.datetime(2021, 2, 18, 0, 0), 'date_tagged': datetime.datetime(2021, 6, 18, 0, 0), 'tagged_by_company': 'natural', 'tagged_by_crew': 1, 'init_detect_by': 'natural', 'init_detect_date': datetime.datetime(2021, 6, 18, 0, 0), 'requires_shutdown': False, 'date_repaired': datetime.datetime(2021, 6, 18, 16, 0), 'repair_delay': 0, 'OGI_sp_covered': 1}]",[],1,False,,,,3,4,19,30,False,6,6,0,4,0.0,1296.6378893546625,0.8256513026052105,0.9652311172630585,0.7104865147148836
ABRAND01019,601,50.42,-113.61,3,6,2,2,2,120,1,30,20,120,1,lognorm,0.062287158377333125,[1.462],"['kilogram', 'hour']",<scipy.stats._distn_infrastructure.rv_frozen object at 0x000002073C01D1C8>,0,2,60,255.44388911979942,[],"[{'leak_ID': 'ABRAND01019_0000000000', 'facility_ID': 'ABRAND01019', 'equipment_group': 1, 'rate': 0.023329025782519355, 'lat': 50.42, 'lon': -113.61, 'status': 'repaired', 'days_active': 120, 'days_active_prog_start': 0, 'tagged': True, 'component': 'unknown', 'date_began': datetime.datetime(2017, 8, 9, 0, 0), 'date_tagged': datetime.datetime(2017, 12, 7, 0, 0), 'tagged_by_company': 'natural', 'tagged_by_crew': 1, 'init_detect_by': 'natural', 'init_detect_date': datetime.datetime(2017, 12, 7, 0, 0), 'requires_shutdown': False, 'date_repaired': datetime.datetime(2017, 12, 7, 16, 0), 'repair_delay': 0, 'OGI_sp_covered': 1}, {'leak_ID': 'ABRAND01019_0000000001', 'facility_ID': 'ABRAND01019', 'equipment_group': 2, 'rate': 0.0013086950044983328, 'lat': 50.42, 'lon': -113.61, 'status': 'repaired', 'days_active': 120, 'days_active_prog_start': 0, 'tagged': True, 'component': 'unknown', 'date_began': datetime.datetime(2018, 11, 29, 0, 0), 'date_tagged': datetime.datetime(2019, 3, 29, 0, 0), 'tagged_by_company': 'natural', 'tagged_by_crew': 1, 'init_detect_by': 'natural', 'init_detect_date': datetime.datetime(2019, 3, 29, 0, 0), 'requires_shutdown': False, 'date_repaired': datetime.datetime(2019, 3, 29, 16, 0), 'repair_delay': 0, 'OGI_sp_covered': 1}]",[],0,False,,,,3,4,19,30,False,6,4,0,2,0.0,255.44388911979942,0.8276553106212425,0.9658830322313059,0.13996925431221885
ABRAND01070,601,54.43,-112.55,5,6,2,2,2,120,1,30,20,120,1,lognorm,0.062287158377333125,[1.462],"['kilogram', 'hour']",<scipy.stats._distn_infrastructure.rv_frozen object at 0x000002073C01D1C8>,0,5,60,209.082278970022,[],"[{'leak_ID': 'ABRAND01070_0000000000', 'facility_ID': 'ABRAND01070', 'equipment_group': 3, 'rate': 0.004518618691180429, 'lat': 54.43, 'lon': -112.55, 'status': 'repaired', 'days_active': 120, 'days_active_prog_start': 0, 'tagged': True, 'component': 'unknown', 'date_began': datetime.datetime(2017, 1, 20, 0, 0), 'date_tagged': datetime.datetime(2017, 5, 20, 0, 0), 'tagged_by_company': 'natural', 'tagged_by_crew': 1, 'init_detect_by': 'natural', 'init_detect_date': datetime.datetime(2017, 5, 20, 0, 0), 'requires_shutdown': False, 'date_repaired': datetime.datetime(2017, 5, 20, 16, 0), 'repair_delay': 0, 'OGI_sp_covered': 1}, {'leak_ID': 'ABRAND01070_0000000001', 'facility_ID': 'ABRAND01070', 'equipment_group': 3, 'rate': 0.0021588203520559114, 'lat': 54.43, 'lon': -112.55, 'status': 'repaired', 'days_active': 120, 'days_active_prog_start': 0, 'tagged': True, 'component': 'unknown', 'date_began': datetime.datetime(2019, 7, 25, 0, 0), 'date_tagged': datetime.datetime(2019, 11, 22, 0, 0), 'tagged_by_company': 'natural', 'tagged_by_crew': 1, 'init_detect_by': 'natural', 'init_detect_date': datetime.datetime(2019, 11, 22, 0, 0), 'requires_shutdown': False, 'date_repaired': datetime.datetime(2019, 11, 22, 16, 0), 'repair_delay': 0, 'OGI_sp_covered': 1}, {'leak_ID': 'ABRAND01070_0000000002', 'facility_ID': 'ABRAND01070', 'equipment_group': 2, 'rate': 0.0009290692957329244, 'lat': 54.43, 'lon': -112.55, 'status': 'repaired', 'days_active': 120, 'days_active_prog_start': 0, 'tagged': True, 'component': 'unknown', 'date_began': datetime.datetime(2019, 11, 4, 0, 0), 'date_tagged': datetime.datetime(2020, 3, 3, 0, 0), 'tagged_by_company': 'natural', 'tagged_by_crew': 1, 'init_detect_by': 'natural', 'init_detect_date': datetime.datetime(2020, 3, 3, 0, 0), 'requires_shutdown': False, 'date_repaired': datetime.datetime(2020, 3, 3, 16, 0), 'repair_delay': 0, 'OGI_sp_covered': 1}, {'leak_ID': 'ABRAND01070_0000000003', 'facility_ID': 'ABRAND01070', 'equipment_group': 2, 'rate': 0.009904225480579322, 'lat': 54.43, 'lon': -112.55, 'status': 'repaired', 'days_active': 120, 'days_active_prog_start': 0, 'tagged': True, 'component': 'unknown', 'date_began': datetime.datetime(2020, 11, 9, 0, 0), 'date_tagged': datetime.datetime(2021, 3, 9, 0, 0), 'tagged_by_company': 'natural', 'tagged_by_crew': 1, 'init_detect_by': 'natural', 'init_detect_date': datetime.datetime(2021, 3, 9, 0, 0), 'requires_shutdown': False, 'date_repaired': datetime.datetime(2021, 3, 9, 16, 0), 'repair_delay': 0, 'OGI_sp_covered': 1}, {'leak_ID': 'ABRAND01070_0000000004', 'facility_ID': 'ABRAND01070', 'equipment_group': 2, 'rate': 0.0026553810502452013, 'lat': 54.43, 'lon': -112.55, 'status': 'repaired', 'days_active': 120, 'days_active_prog_start': 0, 'tagged': True, 'component': 'unknown', 'date_began': datetime.datetime(2020, 12, 11, 0, 0), 'date_tagged': datetime.datetime(2021, 4, 10, 0, 0), 'tagged_by_company': 'natural', 'tagged_by_crew': 1, 'init_detect_by': 'natural', 'init_detect_date': datetime.datetime(2021, 4, 10, 0, 0), 'requires_shutdown': False, 'date_repaired': datetime.datetime(2021, 4, 10, 16, 0), 'repair_delay': 0, 'OGI_sp_covered': 1}]",[],0,False,,,,2,4,18,30,False,6,8,0,5,0.0,209.082278970022,0.8296593186372746,0.966530546114632,0.11456563231234082
ABRAND01015,342,55.51,-113.8,3,6,2,2,2,120,1,30,20,120,1,lognorm,0.062287158377333125,[1.462],"['kilogram', 'hour']",<scipy.stats._distn_infrastructure.rv_frozen object at 0x000002073C01D1C8>,0,3,60,467.1683846454649,[],"[{'leak_ID': 'ABRAND01015_0000000000', 'facility_ID': 'ABRAND01015', 'equipment_group': 3, 'rate': 0.017374415709269227, 'lat': 55.51, 'lon': -113.8, 'status': 'repaired', 'days_active': 120, 'days_active_prog_start': 0, 'tagged': True, 'component': 'unknown', 'date_began': datetime.datetime(2017, 6, 15, 0, 0), 'date_tagged': datetime.datetime(2017, 10, 13, 0, 0), 'tagged_by_company': 'natural', 'tagged_by_crew': 1, 'init_detect_by': 'natural', 'init_detect_date': datetime.datetime(2017, 10, 13, 0, 0), 'requires_shutdown': False, 'date_repaired': datetime.datetime(2017, 10, 13, 16, 0), 'repair_delay': 0, 'OGI_sp_covered': 1}, {'leak_ID': 'ABRAND01015_0000000001', 'facility_ID': 'ABRAND01015', 'equipment_group': 3, 'rate': 0.013206701583123115, 'lat': 55.51, 'lon': -113.8, 'status': 'repaired', 'days_active': 120, 'days_active_prog_start': 0, 'tagged': True, 'component': 'unknown', 'date_began': datetime.datetime(2018, 10, 5, 0, 0), 'date_tagged': datetime.datetime(2019, 2, 2, 0, 0), 'tagged_by_company': 'natural', 'tagged_by_crew': 1, 'init_detect_by': 'natural', 'init_detect_date': datetime.datetime(2019, 2, 2, 0, 0), 'requires_shutdown': False, 'date_repaired': datetime.datetime(2019, 2, 2, 16, 0), 'repair_delay': 0, 'OGI_sp_covered': 1}, {'leak_ID': 'ABRAND01015_0000000002', 'facility_ID': 'ABRAND01015', 'equipment_group': 2, 'rate': 0.01447756178220882, 'lat': 55.51, 'lon': -113.8, 'status': 'repaired', 'days_active': 120, 'days_active_prog_start': 0, 'tagged': True, 'component': 'unknown', 'date_began': datetime.datetime(2020, 12, 7, 0, 0), 'date_tagged': datetime.datetime(2021, 4, 6, 0, 0), 'tagged_by_company': 'natural', 'tagged_by_crew': 1, 'init_detect_by': 'natural', 'init_detect_date': datetime.datetime(2021, 4, 6, 0, 0), 'requires_shutdown': False, 'date_repaired': datetime.datetime(2021, 4, 6, 16, 0), 'repair_delay': 0, 'OGI_sp_covered': 1}]",[],0,False,,,,1,4,18,30,False,6,5,0,3,0.0,467.1683846454649,0.8316633266533067,0.9671708361934497,0.25598267651806295
ABRAND00719,621,52.52,-114.86,4,6,2,2,2,120,1,30,20,120,1,lognorm,0.062287158377333125,[1.462],"['kilogram', 'hour']",<scipy.stats._distn_infrastructure.rv_frozen object at 0x000002073C01D1C8>,1,4,60,998.5615197505543,[],"[{'leak_ID': 'ABRAND00719_0000000001', 'facility_ID': 'ABRAND00719', 'equipment_group': 2, 'rate': 0.3561321529281298, 'lat': 52.52, 'lon': -114.86, 'status': 'repaired', 'days_active': 120, 'days_active_prog_start': 93, 'tagged': True, 'component': 'unknown', 'date_began': datetime.datetime(2016, 9, 30, 0, 0), 'date_tagged': datetime.datetime(2017, 1, 27, 0, 0), 'tagged_by_company': 'natural', 'tagged_by_crew': 1, 'init_detect_by': 'natural', 'init_detect_date': datetime.datetime(2017, 1, 27, 0, 0), 'requires_shutdown': False, 'date_repaired': datetime.datetime(2017, 1, 27, 16, 0), 'repair_delay': 0}, {'leak_ID': 'ABRAND00719_0000000001', 'facility_ID': 'ABRAND00719', 'equipment_group': 2, 'rate': 0.0052169880205207245, 'lat': 52.52, 'lon': -114.86, 'status': 'repaired', 'days_active': 120, 'days_active_prog_start': 0, 'tagged': True, 'component': 'unknown', 'date_began': datetime.datetime(2017, 3, 16, 0, 0), 'date_tagged': datetime.datetime(2017, 7, 14, 0, 0), 'tagged_by_company': 'natural', 'tagged_by_crew': 1, 'init_detect_by': 'natural', 'init_detect_date': datetime.datetime(2017, 7, 14, 0, 0), 'requires_shutdown': False, 'date_repaired': datetime.datetime(2017, 7, 14, 16, 0), 'repair_delay': 0, 'OGI_sp_covered': 1}, {'leak_ID': 'ABRAND00719_0000000002', 'facility_ID': 'ABRAND00719', 'equipment_group': 3, 'rate': 0.007312255617742801, 'lat': 52.52, 'lon': -114.86, 'status': 'repaired', 'days_active': 120, 'days_active_prog_start': 0, 'tagged': True, 'component': 'unknown', 'date_began': datetime.datetime(2019, 11, 22, 0, 0), 'date_tagged': datetime.datetime(2020, 3, 21, 0, 0), 'tagged_by_company': 'natural', 'tagged_by_crew': 1, 'init_detect_by': 'natural', 'init_detect_date': datetime.datetime(2020, 3, 21, 0, 0), 'requires_shutdown': False, 'date_repaired': datetime.datetime(2020, 3, 21, 16, 0), 'repair_delay': 0, 'OGI_sp_covered': 1}, {'leak_ID': 'ABRAND00719_0000000003', 'facility_ID': 'ABRAND00719', 'equipment_group': 2, 'rate': 0.003652896928848085, 'lat': 52.52, 'lon': -114.86, 'status': 'repaired', 'days_active': 120, 'days_active_prog_start': 0, 'tagged': True, 'component': 'unknown', 'date_began': datetime.datetime(2020, 5, 2, 0, 0), 'date_tagged': datetime.datetime(2020, 8, 30, 0, 0), 'tagged_by_company': 'natural', 'tagged_by_crew': 1, 'init_detect_by': 'natural', 'init_detect_date': datetime.datetime(2020, 8, 30, 0, 0), 'requires_shutdown': False, 'date_repaired': datetime.datetime(2020, 8, 30, 16, 0), 'repair_delay': 0, 'OGI_sp_covered': 1}]",[],1,False,,,,3,4,18,30,False,6,3,0,4,0.0,998.5615197505543,0.8336673346693386,0.9678028413666432,0.5471569971235914
ABRAND00517,351,54.11,-115.64,1,6,2,2,2,120,1,30,20,120,1,lognorm,0.062287158377333125,[1.462],"['kilogram', 'hour']",<scipy.stats._distn_infrastructure.rv_frozen object at 0x000002073C01D1C8>,0,4,60,378.4804703845983,[],"[{'leak_ID': 'ABRAND00517_0000000000', 'facility_ID': 'ABRAND00517', 'equipment_group': 1, 'rate': 0.012314672018090663, 'lat': 54.11, 'lon': -115.64, 'status': 'repaired', 'days_active': 120, 'days_active_prog_start': 0, 'tagged': True, 'component': 'unknown', 'date_began': datetime.datetime(2018, 1, 3, 0, 0), 'date_tagged': datetime.datetime(2018, 5, 3, 0, 0), 'tagged_by_company': 'natural', 'tagged_by_crew': 1, 'init_detect_by': 'natural', 'init_detect_date': datetime.datetime(2018, 5, 3, 0, 0), 'requires_shutdown': False, 'date_repaired': datetime.datetime(2018, 5, 3, 16, 0), 'repair_delay': 0, 'OGI_sp_covered': 1}, {'leak_ID': 'ABRAND00517_0000000001', 'facility_ID': 'ABRAND00517', 'equipment_group': 1, 'rate': 0.018734897110684972, 'lat': 54.11, 'lon': -115.64, 'status': 'repaired', 'days_active': 120, 'days_active_prog_start': 0, 'tagged': True, 'component': 'unknown', 'date_began': datetime.datetime(2018, 11, 12, 0, 0), 'date_tagged': datetime.datetime(2019, 3, 12, 0, 0), 'tagged_by_company': 'natural', 'tagged_by_crew': 1, 'init_detect_by': 'natural', 'init_detect_date': datetime.datetime(2019, 3, 12, 0, 0), 'requires_shutdown': False, 'date_repaired': datetime.datetime(2019, 3, 12, 16, 0), 'repair_delay': 0, 'OGI_sp_covered': 1}, {'leak_ID': 'ABRAND00517_0000000002', 'facility_ID': 'ABRAND00517', 'equipment_group': 1, 'rate': 0.004461994458584431, 'lat': 54.11, 'lon': -115.64, 'status': 'repaired', 'days_active': 120, 'days_active_prog_start': 0, 'tagged': True, 'component': 'unknown', 'date_began': datetime.datetime(2019, 12, 22, 0, 0), 'date_tagged': datetime.datetime(2020, 4, 20, 0, 0), 'tagged_by_company': 'natural', 'tagged_by_crew': 1, 'init_detect_by': 'natural', 'init_detect_date': datetime.datetime(2020, 4, 20, 0, 0), 'requires_shutdown': False, 'date_repaired': datetime.datetime(2020, 4, 20, 16, 0), 'repair_delay': 0, 'OGI_sp_covered': 1}, {'leak_ID': 'ABRAND00517_0000000003', 'facility_ID': 'ABRAND00517', 'equipment_group': 1, 'rate': 0.0009931114111544263, 'lat': 54.11, 'lon': -115.64, 'status': 'repaired', 'days_active': 120, 'days_active_prog_start': 0, 'tagged': True, 'component': 'unknown', 'date_began': datetime.datetime(2020, 7, 26, 0, 0), 'date_tagged': datetime.datetime(2020, 11, 23, 0, 0), 'tagged_by_company': 'natural', 'tagged_by_crew': 1, 'init_detect_by': 'natural', 'init_detect_date': datetime.datetime(2020, 11, 23, 0, 0), 'requires_shutdown': False, 'date_repaired': datetime.datetime(2020, 11, 23, 16, 0), 'repair_delay': 0, 'OGI_sp_covered': 1}]",[],0,False,,,,2,4,18,30,False,6,7,0,4,0.0,378.4804703845983,0.8356713426853707,0.9684337294717706,0.20738655911484838
ABRAND00089,601,54.78,-119.52,3,6,2,2,2,120,1,30,20,120,1,lognorm,0.062287158377333125,[1.462],"['kilogram', 'hour']",<scipy.stats._distn_infrastructure.rv_frozen object at 0x000002073C01D1C8>,1,3,60,2361.0977004853457,[],"[{'leak_ID': 'ABRAND00089_0000000001', 'facility_ID': 'ABRAND00089', 'equipment_group': 1, 'rate': 0.008718222679272478, 'lat': 54.78, 'lon': -119.52, 'status': 'repaired', 'days_active': 120, 'days_active_prog_start': 56, 'tagged': True, 'component': 'unknown', 'date_began': datetime.datetime(2016, 11, 6, 0, 0), 'date_tagged': datetime.datetime(2017, 3, 5, 0, 0), 'tagged_by_company': 'natural', 'tagged_by_crew': 1, 'init_detect_by': 'natural', 'init_detect_date': datetime.datetime(2017, 3, 5, 0, 0), 'requires_shutdown': False, 'date_repaired': datetime.datetime(2017, 3, 5, 16, 0), 'repair_delay': 0, 'OGI_sp_covered': 1}, {'leak_ID': 'ABRAND00089_0000000001', 'facility_ID': 'ABRAND00089', 'equipment_group': 2, 'rate': 0.05655461691057922, 'lat': 54.78, 'lon': -119.52, 'status': 'repaired', 'days_active': 63, 'days_active_prog_start': 0, 'tagged': True, 'component': 'unknown', 'date_began': datetime.datetime(2017, 12, 31, 0, 0), 'date_tagged': datetime.datetime(2018, 2, 16, 10, 30), 'tagged_by_company': 'OGI', 'tagged_by_crew': 2, 'init_detect_by': 'OGI', 'init_detect_date': datetime.datetime(2018, 2, 16, 10, 30), 'requires_shutdown': False, 'date_repaired': datetime.datetime(2018, 3, 4, 16, 0), 'repair_delay': 16, 'OGI_sp_covered': 1}, {'leak_ID': 'ABRAND00089_0000000002', 'facility_ID': 'ABRAND00089', 'equipment_group': 2, 'rate': 0.5950413478129082, 'lat': 54.78, 'lon': -119.52, 'status': 'repaired', 'days_active': 39, 'days_active_prog_start': 0, 'tagged': True, 'component': 'unknown', 'date_began': datetime.datetime(2021, 5, 24, 0, 0), 'date_tagged': datetime.datetime(2021, 6, 16, 10, 30), 'tagged_by_company': 'OGI', 'tagged_by_crew': 2, 'init_detect_by': 'OGI', 'init_detect_date': datetime.datetime(2021, 6, 16, 10, 30), 'requires_shutdown': False, 'date_repaired': datetime.datetime(2021, 7, 2, 16, 0), 'repair_delay': 16, 'OGI_sp_covered': 1}]",[],1,False,,,,2,4,18,30,False,6,1,0,3,0.0,2361.0977004853457,0.8376753507014028,0.9690638041061594,1.2937521646495045
ABRAND01164,601,55.19,-110.43,4,6,2,2,2,120,1,30,20,120,1,lognorm,0.062287158377333125,[1.462],"['kilogram', 'hour']",<scipy.stats._distn_infrastructure.rv_frozen object at 0x000002073C01D1C8>,1,6,60,691.3628203979259,[],"[{'leak_ID': 'ABRAND01164_0000000001', 'facility_ID': 'ABRAND01164', 'equipment_group': 1, 'rate': 0.023228291940983355, 'lat': 55.19, 'lon': -110.43, 'status': 'repaired', 'days_active': 120, 'days_active_prog_start': 73, 'tagged': True, 'component': 'unknown', 'date_began': datetime.datetime(2016, 10, 20, 0, 0), 'date_tagged': datetime.datetime(2017, 2, 16, 0, 0), 'tagged_by_company': 'natural', 'tagged_by_crew': 1, 'init_detect_by': 'natural', 'init_detect_date': datetime.datetime(2017, 2, 16, 0, 0), 'requires_shutdown': False, 'date_repaired': datetime.datetime(2017, 2, 16, 16, 0), 'repair_delay': 0, 'OGI_sp_covered': 1}, {'leak_ID': 'ABRAND01164_0000000001', 'facility_ID': 'ABRAND01164', 'equipment_group': 1, 'rate': 0.0651828731099743, 'lat': 55.19, 'lon': -110.43, 'status': 'repaired', 'days_active': 37, 'days_active_prog_start': 0, 'tagged': True, 'component': 'unknown', 'date_began': datetime.datetime(2017, 5, 26, 0, 0), 'date_tagged': datetime.datetime(2017, 6, 16, 10, 30), 'tagged_by_company': 'OGI', 'tagged_by_crew': 3, 'init_detect_by': 'OGI', 'init_detect_date': datetime.datetime(2017, 6, 16, 10, 30), 'requires_shutdown': False, 'date_repaired': datetime.datetime(2017, 7, 2, 16, 0), 'repair_delay': 16, 'OGI_sp_covered': 1}, {'leak_ID': 'ABRAND01164_0000000002', 'facility_ID': 'ABRAND01164', 'equipment_group': 4, 'rate': 0.0012772151208956663, 'lat': 55.19, 'lon': -110.43, 'status': 'repaired', 'days_active': 120, 'days_active_prog_start': 0, 'tagged': True, 'component': 'unknown', 'date_began': datetime.datetime(2018, 11, 18, 0, 0), 'date_tagged': datetime.datetime(2019, 3, 18, 0, 0), 'tagged_by_company': 'natural', 'tagged_by_crew': 1, 'init_detect_by': 'natural', 'init_detect_date': datetime.datetime(2019, 3, 18, 0, 0), 'requires_shutdown': False, 'date_repaired': datetime.datetime(2019, 3, 18, 16, 0), 'repair_delay': 0, 'OGI_sp_covered': 1}, {'leak_ID': 'ABRAND01164_0000000003', 'facility_ID': 'ABRAND01164', 'equipment_group': 2, 'rate': 0.005671650841362071, 'lat': 55.19, 'lon': -110.43, 'status': 'repaired', 'days_active': 120, 'days_active_prog_start': 0, 'tagged': True, 'component': 'unknown', 'date_began': datetime.datetime(2019, 10, 12, 0, 0), 'date_tagged': datetime.datetime(2020, 2, 9, 0, 0), 'tagged_by_company': 'natural', 'tagged_by_crew': 1, 'init_detect_by': 'natural', 'init_detect_date': datetime.datetime(2020, 2, 9, 0, 0), 'requires_shutdown': False, 'date_repaired': datetime.datetime(2020, 2, 9, 16, 0), 'repair_delay': 0, 'OGI_sp_covered': 1}, {'leak_ID': 'ABRAND01164_0000000004', 'facility_ID': 'ABRAND01164', 'equipment_group': 1, 'rate': 0.010928541396002064, 'lat': 55.19, 'lon': -110.43, 'status': 'repaired', 'days_active': 120, 'days_active_prog_start': 0, 'tagged': True, 'component': 'unknown', 'date_began': datetime.datetime(2020, 9, 27, 0, 0), 'date_tagged': datetime.datetime(2021, 1, 25, 0, 0), 'tagged_by_company': 'natural', 'tagged_by_crew': 1, 'init_detect_by': 'natural', 'init_detect_date': datetime.datetime(2021, 1, 25, 0, 0), 'requires_shutdown': False, 'date_repaired': datetime.datetime(2021, 1, 25, 16, 0), 'repair_delay': 0, 'OGI_sp_covered': 1}, {'leak_ID': 'ABRAND01164_0000000005', 'facility_ID': 'ABRAND01164', 'equipment_group': 4, 'rate': 0.04201963546535575, 'lat': 55.19, 'lon': -110.43, 'status': 'repaired', 'days_active': 56, 'days_active_prog_start': 0, 'tagged': True, 'component': 'unknown', 'date_began': datetime.datetime(2021, 3, 8, 0, 0), 'date_tagged': datetime.datetime(2021, 4, 17, 10, 30), 'tagged_by_company': 'OGI', 'tagged_by_crew': 3, 'init_detect_by': 'OGI', 'init_detect_date': datetime.datetime(2021, 4, 17, 10, 30), 'requires_shutdown': False, 'date_repaired': datetime.datetime(2021, 5, 3, 16, 0), 'repair_delay': 16, 'OGI_sp_covered': 1}]",[],1,False,,,,2,4,18,30,False,6,7,0,6,0.0,691.3628203979259,0.8396793587174348,0.9696938322285484,0.378828942683795
ABRAND00016,601,57.3,-119.9,4,6,2,2,2,120,1,30,20,120,1,lognorm,0.062287158377333125,[1.462],"['kilogram', 'hour']",<scipy.stats._distn_infrastructure.rv_frozen object at 0x000002073C01D1C8>,1,9,60,1164.3245717765603,"[{'leak_ID': 'ABRAND00016_0000000008', 'facility_ID': 'ABRAND00016', 'equipment_group': 2, 'rate': 0.02059263873214083, 'lat': 57.3, 'lon': -119.9, 'status': 'active', 'days_active': 17, 'days_active_prog_start': 0, 'tagged': False, 'component': 'unknown', 'date_began': datetime.datetime(2021, 12, 13, 0, 0), 'date_tagged': None, 'tagged_by_company': None, 'tagged_by_crew': None, 'init_detect_by': None, 'init_detect_date': None, 'requires_shutdown': False, 'date_repaired': None, 'repair_delay': None, 'OGI_sp_covered': 1}]","[{'leak_ID': 'ABRAND00016_0000000001', 'facility_ID': 'ABRAND00016', 'equipment_group': 1, 'rate': 0.020419678205809314, 'lat': 57.3, 'lon': -119.9, 'status': 'repaired', 'days_active': 120, 'days_active_prog_start': 21, 'tagged': True, 'component': 'unknown', 'date_began': datetime.datetime(2016, 12, 11, 0, 0), 'date_tagged': datetime.datetime(2017, 4, 9, 0, 0), 'tagged_by_company': 'natural', 'tagged_by_crew': 1, 'init_detect_by': 'natural', 'init_detect_date': datetime.datetime(2017, 4, 9, 0, 0), 'requires_shutdown': False, 'date_repaired': datetime.datetime(2017, 4, 9, 16, 0), 'repair_delay': 0, 'OGI_sp_covered': 0}, {'leak_ID': 'ABRAND00016_0000000001', 'facility_ID': 'ABRAND00016', 'equipment_group': 1, 'rate': 0.008994127644156736, 'lat': 57.3, 'lon': -119.9, 'status': 'repaired', 'days_active': 120, 'days_active_prog_start': 0, 'tagged': True, 'component': 'unknown', 'date_began': datetime.datetime(2017, 4, 1, 0, 0), 'date_tagged': datetime.datetime(2017, 7, 30, 0, 0), 'tagged_by_company': 'natural', 'tagged_by_crew': 1, 'init_detect_by': 'natural', 'init_detect_date': datetime.datetime(2017, 7, 30, 0, 0), 'requires_shutdown': False, 'date_repaired': datetime.datetime(2017, 7, 30, 16, 0), 'repair_delay': 0, 'OGI_sp_covered': 1}, {'leak_ID': 'ABRAND00016_0000000002', 'facility_ID': 'ABRAND00016', 'equipment_group': 4, 'rate': 0.13467590590799744, 'lat': 57.3, 'lon': -119.9, 'status': 'repaired', 'days_active': 42, 'days_active_prog_start': 0, 'tagged': True, 'component': 'unknown', 'date_began': datetime.datetime(2017, 7, 20, 0, 0), 'date_tagged': datetime.datetime(2017, 8, 15, 13, 0), 'tagged_by_company': 'OGI', 'tagged_by_crew': 1, 'init_detect_by': 'OGI', 'init_detect_date': datetime.datetime(2017, 8, 15, 13, 0), 'requires_shutdown': False, 'date_repaired': datetime.datetime(2017, 8, 31, 16, 0), 'repair_delay': 16, 'OGI_sp_covered': 1}, {'leak_ID': 'ABRAND00016_0000000003', 'facility_ID': 'ABRAND00016', 'equipment_group': 2, 'rate': 0.002380005266738645, 'lat': 57.3, 'lon': -119.9, 'status': 'repaired', 'days_active': 120, 'days_active_prog_start': 0, 'tagged': True, 'component': 'unknown', 'date_began': datetime.datetime(2019, 3, 11, 0, 0), 'date_tagged': datetime.datetime(2019, 7, 9, 0, 0), 'tagged_by_company': 'natural', 'tagged_by_crew': 1, 'init_detect_by': 'natural', 'init_detect_date': datetime.datetime(2019, 7, 9, 0, 0), 'requires_shutdown': False, 'date_repaired': datetime.datetime(2019, 7, 9, 16, 0), 'repair_delay': 0, 'OGI_sp_covered': 0}, {'leak_ID': 'ABRAND00016_0000000004', 'facility_ID': 'ABRAND00016', 'equipment_group': 3, 'rate': 0.0058729611256628945, 'lat': 57.3, 'lon': -119.9, 'status': 'repaired', 'days_active': 120, 'days_active_prog_start': 0, 'tagged': True, 'component': 'unknown', 'date_began': datetime.datetime(2019, 6, 22, 0, 0), 'date_tagged': datetime.datetime(2019, 10, 20, 0, 0), 'tagged_by_company': 'natural', 'tagged_by_crew': 1, 'init_detect_by': 'natural', 'init_detect_date': datetime.datetime(2019, 10, 20, 0, 0), 'requires_shutdown': False, 'date_repaired': datetime.datetime(2019, 10, 20, 16, 0), 'repair_delay': 0, 'OGI_sp_covered': 1}, {'leak_ID': 'ABRAND00016_0000000005', 'facility_ID': 'ABRAND00016', 'equipment_group': 1, 'rate': 0.0028518942039212694, 'lat': 57.3, 'lon': -119.9, 'status': 'repaired', 'days_active': 120, 'days_active_prog_start': 0, 'tagged': True, 'component': 'unknown', 'date_began': datetime.datetime(2019, 10, 13, 0, 0), 'date_tagged': datetime.datetime(2020, 2, 10, 0, 0), 'tagged_by_company': 'natural', 'tagged_by_crew': 1, 'init_detect_by': 'natural', 'init_detect_date': datetime.datetime(2020, 2, 10, 0, 0), 'requires_shutdown': False, 'date_repaired': datetime.datetime(2020, 2, 10, 16, 0), 'repair_delay': 0, 'OGI_sp_covered': 1}, {'leak_ID': 'ABRAND00016_0000000006', 'facility_ID': 'ABRAND00016', 'equipment_group': 4, 'rate': 0.0007783159929248408, 'lat': 57.3, 'lon': -119.9, 'status': 'repaired', 'days_active': 120, 'days_active_prog_start': 0, 'tagged': True, 'component': 'unknown', 'date_began': datetime.datetime(2020, 2, 27, 0, 0), 'date_tagged': datetime.datetime(2020, 6, 26, 0, 0), 'tagged_by_company': 'natural', 'tagged_by_crew': 1, 'init_detect_by': 'natural', 'init_detect_date': datetime.datetime(2020, 6, 26, 0, 0), 'requires_shutdown': False, 'date_repaired': datetime.datetime(2020, 6, 26, 0, 0), 'repair_delay': 0, 'OGI_sp_covered': 1}, {'leak_ID': 'ABRAND00016_0000000007', 'facility_ID': 'ABRAND00016', 'equipment_group': 4, 'rate': 0.0735672820760137, 'lat': 57.3, 'lon': -119.9, 'status': 'repaired', 'days_active': 40, 'days_active_prog_start': 0, 'tagged': True, 'component': 'unknown', 'date_began': datetime.datetime(2021, 3, 24, 0, 0), 'date_tagged': datetime.datetime(2021, 4, 17, 13, 0), 'tagged_by_company': 'OGI', 'tagged_by_crew': 1, 'init_detect_by': 'OGI', 'init_detect_date': datetime.datetime(2021, 4, 17, 13, 0), 'requires_shutdown': False, 'date_repaired': datetime.datetime(2021, 5, 3, 16, 0), 'repair_delay': 16, 'OGI_sp_covered': 1}]",[],1,False,,,,1,4,18,30,False,6,7,1,8,30.246467769768454,1134.0781040067918,0.8416833667334669,0.9703167527816925,0.6379860667268824
ABRAND01156,601,55.05,-110.49,3,6,2,2,2,120,1,30,20,120,1,lognorm,0.062287158377333125,[1.462],"['kilogram', 'hour']",<scipy.stats._distn_infrastructure.rv_frozen object at 0x000002073C01D1C8>,0,5,60,1448.198966656842,[],"[{'leak_ID': 'ABRAND01156_0000000000', 'facility_ID': 'ABRAND01156', 'equipment_group': 2, 'rate': 0.08310647953128443, 'lat': 55.05, 'lon': -110.49, 'status': 'repaired', 'days_active': 91, 'days_active_prog_start': 0, 'tagged': True, 'component': 'unknown', 'date_began': datetime.datetime(2019, 9, 30, 0, 0), 'date_tagged': datetime.datetime(2019, 12, 13, 13, 0), 'tagged_by_company': 'OGI', 'tagged_by_crew': 2, 'init_detect_by': 'OGI', 'init_detect_date': datetime.datetime(2019, 12, 13, 13, 0), 'requires_shutdown': False, 'date_repaired': datetime.datetime(2019, 12, 30, 0, 0), 'repair_delay': 16, 'OGI_sp_covered': 1}, {'leak_ID': 'ABRAND01156_0000000001', 'facility_ID': 'ABRAND01156', 'equipment_group': 1, 'rate': 0.0011653740446390004, 'lat': 55.05, 'lon': -110.49, 'status': 'repaired', 'days_active': 120, 'days_active_prog_start': 0, 'tagged': True, 'component': 'unknown', 'date_began': datetime.datetime(2020, 5, 30, 0, 0), 'date_tagged': datetime.datetime(2020, 9, 27, 0, 0), 'tagged_by_company': 'natural', 'tagged_by_crew': 1, 'init_detect_by': 'natural', 'init_detect_date': datetime.datetime(2020, 9, 27, 0, 0), 'requires_shutdown': False, 'date_repaired': datetime.datetime(2020, 9, 27, 16, 0), 'repair_delay': 0, 'OGI_sp_covered': 1}, {'leak_ID': 'ABRAND01156_0000000002', 'facility_ID': 'ABRAND01156', 'equipment_group': 2, 'rate': 0.01633637462395777, 'lat': 55.05, 'lon': -110.49, 'status': 'repaired', 'days_active': 120, 'days_active_prog_start': 0, 'tagged': True, 'component': 'unknown', 'date_began': datetime.datetime(2020, 7, 5, 0, 0), 'date_tagged': datetime.datetime(2020, 11, 2, 0, 0), 'tagged_by_company': 'natural', 'tagged_by_crew': 1, 'init_detect_by': 'natural', 'init_detect_date': datetime.datetime(2020, 11, 2, 0, 0), 'requires_shutdown': False, 'date_repaired': datetime.datetime(2020, 11, 2, 16, 0), 'repair_delay': 0, 'OGI_sp_covered': 1}, {'leak_ID': 'ABRAND01156_0000000003', 'facility_ID': 'ABRAND01156', 'equipment_group': 2, 'rate': 0.034372958358774935, 'lat': 55.05, 'lon': -110.49, 'status': 'repaired', 'days_active': 120, 'days_active_prog_start': 0, 'tagged': True, 'component': 'unknown', 'date_began': datetime.datetime(2021, 4, 5, 0, 0), 'date_tagged': datetime.datetime(2021, 8, 3, 0, 0), 'tagged_by_company': 'natural', 'tagged_by_crew': 1, 'init_detect_by': 'natural', 'init_detect_date': datetime.datetime(2021, 8, 3, 0, 0), 'requires_shutdown': False, 'date_repaired': datetime.datetime(2021, 8, 3, 16, 0), 'repair_delay': 0, 'OGI_sp_covered': 1}, {'leak_ID': 'ABRAND01156_0000000004', 'facility_ID': 'ABRAND01156', 'equipment_group': 3, 'rate': 0.024782563612102758, 'lat': 55.05, 'lon': -110.49, 'status': 'repaired', 'days_active': 120, 'days_active_prog_start': 0, 'tagged': True, 'component': 'unknown', 'date_began': datetime.datetime(2021, 8, 23, 0, 0), 'date_tagged': datetime.datetime(2021, 12, 21, 0, 0), 'tagged_by_company': 'natural', 'tagged_by_crew': 1, 'init_detect_by': 'natural', 'init_detect_date': datetime.datetime(2021, 12, 21, 0, 0), 'requires_shutdown': False, 'date_repaired': datetime.datetime(2021, 12, 21, 16, 0), 'repair_delay': 0, 'OGI_sp_covered': 1}]",[],0,False,,,,2,4,18,30,False,6,7,0,5,0.0,1448.198966656842,0.843687374749499,0.9709370202499589,0.7935336803599135
ABRAND00769,351,52.53,-114.62,4,6,2,2,2,120,1,30,20,120,1,lognorm,0.062287158377333125,[1.462],"['kilogram', 'hour']",<scipy.stats._distn_infrastructure.rv_frozen object at 0x000002073C01D1C8>,3,8,60,3736.736357023087,[],"[{'leak_ID': 'ABRAND00769_0000000001', 'facility_ID': 'ABRAND00769', 'equipment_group': 4, 'rate': 0.38938459500736367, 'lat': 52.53, 'lon': -114.62, 'status': 'repaired', 'days_active': 117, 'days_active_prog_start': 54, 'tagged': True, 'component': 'unknown', 'date_began': datetime.datetime(2016, 11, 8, 0, 0), 'date_tagged': datetime.datetime(2017, 2, 16, 13, 0), 'tagged_by_company': 'OGI', 'tagged_by_crew': 3, 'init_detect_by': 'OGI', 'init_detect_date': datetime.datetime(2017, 2, 16, 13, 0), 'requires_shutdown': False, 'date_repaired': datetime.datetime(2017, 3, 4, 16, 0), 'repair_delay': 16, 'OGI_sp_covered': 1}, {'leak_ID': 'ABRAND00769_0000000003', 'facility_ID': 'ABRAND00769', 'equipment_group': 1, 'rate': 0.0011416364443845846, 'lat': 52.53, 'lon': -114.62, 'status': 'repaired', 'days_active': 120, 'days_active_prog_start': 39, 'tagged': True, 'component': 'unknown', 'date_began': datetime.datetime(2016, 11, 23, 0, 0), 'date_tagged': datetime.datetime(2017, 3, 22, 0, 0), 'tagged_by_company': 'natural', 'tagged_by_crew': 1, 'init_detect_by': 'natural', 'init_detect_date': datetime.datetime(2017, 3, 22, 0, 0), 'requires_shutdown': False, 'date_repaired': datetime.datetime(2017, 3, 22, 16, 0), 'repair_delay': 0, 'OGI_sp_covered': 1}, {'leak_ID': 'ABRAND00769_0000000002', 'facility_ID': 'ABRAND00769', 'equipment_group': 4, 'rate': 0.02581083410669207, 'lat': 52.53, 'lon': -114.62, 'status': 'repaired', 'days_active': 120, 'days_active_prog_start': 38, 'tagged': True, 'component': 'unknown', 'date_began': datetime.datetime(2016, 11, 24, 0, 0), 'date_tagged': datetime.datetime(2017, 3, 23, 0, 0), 'tagged_by_company': 'natural', 'tagged_by_crew': 1, 'init_detect_by': 'natural', 'init_detect_date': datetime.datetime(2017, 3, 23, 0, 0), 'requires_shutdown': False, 'date_repaired': datetime.datetime(2017, 3, 23, 16, 0), 'repair_delay': 0, 'OGI_sp_covered': 1}, {'leak_ID': 'ABRAND00769_0000000003', 'facility_ID': 'ABRAND00769', 'equipment_group': 3, 'rate': 0.07038557024952229, 'lat': 52.53, 'lon': -114.62, 'status': 'repaired', 'days_active': 120, 'days_active_prog_start': 0, 'tagged': True, 'component': 'unknown', 'date_began': datetime.datetime(2017, 2, 25, 0, 0), 'date_tagged': datetime.datetime(2017, 6, 25, 0, 0), 'tagged_by_company': 'natural', 'tagged_by_crew': 1, 'init_detect_by': 'natural', 'init_detect_date': datetime.datetime(2017, 6, 25, 0, 0), 'requires_shutdown': False, 'date_repaired': datetime.datetime(2017, 6, 25, 13, 30), 'repair_delay': 0, 'OGI_sp_covered': 1}, {'leak_ID': 'ABRAND00769_0000000004', 'facility_ID': 'ABRAND00769', 'equipment_group': 2, 'rate': 0.021842039542671526, 'lat': 52.53, 'lon': -114.62, 'status': 'repaired', 'days_active': 120, 'days_active_prog_start': 0, 'tagged': True, 'component': 'unknown', 'date_began': datetime.datetime(2018, 12, 25, 0, 0), 'date_tagged': datetime.datetime(2019, 4, 24, 0, 0), 'tagged_by_company': 'natural', 'tagged_by_crew': 1, 'init_detect_by': 'natural', 'init_detect_date': datetime.datetime(2019, 4, 24, 0, 0), 'requires_shutdown': False, 'date_repaired': datetime.datetime(2019, 4, 24, 16, 0), 'repair_delay': 0, 'OGI_sp_covered': 1}, {'leak_ID': 'ABRAND00769_0000000005', 'facility_ID': 'ABRAND00769', 'equipment_group': 4, 'rate': 0.008820892547396984, 'lat': 52.53, 'lon': -114.62, 'status': 'repaired', 'days_active': 120, 'days_active_prog_start': 0, 'tagged': True, 'component': 'unknown', 'date_began': datetime.datetime(2019, 2, 10, 0, 0), 'date_tagged': datetime.datetime(2019, 6, 10, 0, 0), 'tagged_by_company': 'natural', 'tagged_by_crew': 1, 'init_detect_by': 'natural', 'init_detect_date': datetime.datetime(2019, 6, 10, 0, 0), 'requires_shutdown': False, 'date_repaired': datetime.datetime(2019, 6, 10, 16, 0), 'repair_delay': 0, 'OGI_sp_covered': 1}, {'leak_ID': 'ABRAND00769_0000000006', 'facility_ID': 'ABRAND00769', 'equipment_group': 3, 'rate': 0.06228357950114465, 'lat': 52.53, 'lon': -114.62, 'status': 'repaired', 'days_active': 55, 'days_active_prog_start': 0, 'tagged': True, 'component': 'unknown', 'date_began': datetime.datetime(2021, 5, 8, 0, 0), 'date_tagged': datetime.datetime(2021, 6, 16, 13, 0), 'tagged_by_company': 'OGI', 'tagged_by_crew': 3, 'init_detect_by': 'OGI', 'init_detect_date': datetime.datetime(2021, 6, 16, 13, 0), 'requires_shutdown': False, 'date_repaired': datetime.datetime(2021, 7, 2, 16, 0), 'repair_delay': 16, 'OGI_sp_covered': 1}, {'leak_ID': 'ABRAND00769_0000000007', 'facility_ID': 'ABRAND00769', 'equipment_group': 1, 'rate': 0.007980465032910401, 'lat': 52.53, 'lon': -114.62, 'status': 'repaired', 'days_active': 120, 'days_active_prog_start': 0, 'tagged': True, 'component': 'unknown', 'date_began': datetime.datetime(2021, 5, 23, 0, 0), 'date_tagged': datetime.datetime(2021, 9, 20, 0, 0), 'tagged_by_company': 'natural', 'tagged_by_crew': 1, 'init_detect_by': 'natural', 'init_detect_date': datetime.datetime(2021, 9, 20, 0, 0), 'requires_shutdown': False, 'date_repaired': datetime.datetime(2021, 9, 20, 16, 0), 'repair_delay': 0, 'OGI_sp_covered': 1}]",[],3,False,,,,3,4,18,30,False,6,7,0,8,0.0,3736.736357023087,0.845691382765531,0.9715450317650182,2.0475267709715546
ABRAND00030,601,54.68,-119.85,5,6,2,2,2,120,1,30,20,120,1,lognorm,0.062287158377333125,[1.462],"['kilogram', 'hour']",<scipy.stats._distn_infrastructure.rv_frozen object at 0x000002073C01D1C8>,0,6,60,957.077621406334,[],"[{'leak_ID': 'ABRAND00030_0000000000', 'facility_ID': 'ABRAND00030', 'equipment_group': 2, 'rate': 0.05725015251278157, 'lat': 54.68, 'lon': -119.85, 'status': 'repaired', 'days_active': 24, 'days_active_prog_start': 0, 'tagged': True, 'component': 'unknown', 'date_began': datetime.datetime(2017, 6, 9, 0, 0), 'date_tagged': datetime.datetime(2017, 6, 17, 8, 0), 'tagged_by_company': 'OGI', 'tagged_by_crew': 1, 'init_detect_by': 'OGI', 'init_detect_date': datetime.datetime(2017, 6, 17, 8, 0), 'requires_shutdown': False, 'date_repaired': datetime.datetime(2017, 7, 3, 16, 0), 'repair_delay': 16, 'OGI_sp_covered': 1}, {'leak_ID': 'ABRAND00030_0000000001', 'facility_ID': 'ABRAND00030', 'equipment_group': 3, 'rate': 0.03221021500547153, 'lat': 54.68, 'lon': -119.85, 'status': 'repaired', 'days_active': 120, 'days_active_prog_start': 0, 'tagged': True, 'component': 'unknown', 'date_began': datetime.datetime(2018, 3, 29, 0, 0), 'date_tagged': datetime.datetime(2018, 7, 27, 0, 0), 'tagged_by_company': 'natural', 'tagged_by_crew': 1, 'init_detect_by': 'natural', 'init_detect_date': datetime.datetime(2018, 7, 27, 0, 0), 'requires_shutdown': False, 'date_repaired': datetime.datetime(2018, 7, 27, 16, 0), 'repair_delay': 0, 'OGI_sp_covered': 1}, {'leak_ID': 'ABRAND00030_0000000002', 'facility_ID': 'ABRAND00030', 'equipment_group': 3, 'rate': 0.001033230255639186, 'lat': 54.68, 'lon': -119.85, 'status': 'repaired', 'days_active': 120, 'days_active_prog_start': 0, 'tagged': True, 'component': 'unknown', 'date_began': datetime.datetime(2019, 1, 3, 0, 0), 'date_tagged': datetime.datetime(2019, 5, 3, 0, 0), 'tagged_by_company': 'natural', 'tagged_by_crew': 1, 'init_detect_by': 'natural', 'init_detect_date': datetime.datetime(2019, 5, 3, 0, 0), 'requires_shutdown': False, 'date_repaired': datetime.datetime(2019, 5, 3, 16, 0), 'repair_delay': 0, 'OGI_sp_covered': 1}, {'leak_ID': 'ABRAND00030_0000000003', 'facility_ID': 'ABRAND00030', 'equipment_group': 1, 'rate': 0.027613887237509387, 'lat': 54.68, 'lon': -119.85, 'status': 'repaired', 'days_active': 120, 'days_active_prog_start': 0, 'tagged': True, 'component': 'unknown', 'date_began': datetime.datetime(2019, 4, 25, 0, 0), 'date_tagged': datetime.datetime(2019, 8, 23, 0, 0), 'tagged_by_company': 'natural', 'tagged_by_crew': 1, 'init_detect_by': 'natural', 'init_detect_date': datetime.datetime(2019, 8, 23, 0, 0), 'requires_shutdown': False, 'date_repaired': datetime.datetime(2019, 8, 23, 16, 0), 'repair_delay': 0, 'OGI_sp_covered': 1}, {'leak_ID': 'ABRAND00030_0000000004', 'facility_ID': 'ABRAND00030', 'equipment_group': 1, 'rate': 0.019174849466931012, 'lat': 54.68, 'lon': -119.85, 'status': 'repaired', 'days_active': 120, 'days_active_prog_start': 0, 'tagged': True, 'component': 'unknown', 'date_began': datetime.datetime(2019, 4, 30, 0, 0), 'date_tagged': datetime.datetime(2019, 8, 28, 0, 0), 'tagged_by_company': 'natural', 'tagged_by_crew': 1, 'init_detect_by': 'natural', 'init_detect_date': datetime.datetime(2019, 8, 28, 0, 0), 'requires_shutdown': False, 'date_repaired': datetime.datetime(2019, 8, 28, 0, 0), 'repair_delay': 0, 'OGI_sp_covered': 1}, {'leak_ID': 'ABRAND00030_0000000005', 'facility_ID': 'ABRAND00030', 'equipment_group': 5, 'rate': 0.0008285149051886477, 'lat': 54.68, 'lon': -119.85, 'status': 'repaired', 'days_active': 120, 'days_active_prog_start': 0, 'tagged': True, 'component': 'unknown', 'date_began': datetime.datetime(2021, 1, 18, 0, 0), 'date_tagged': datetime.datetime(2021, 5, 18, 0, 0), 'tagged_by_company': 'natural', 'tagged_by_crew': 1, 'init_detect_by': 'natural', 'init_detect_date': datetime.datetime(2021, 5, 18, 0, 0), 'requires_shutdown': False, 'date_repaired': datetime.datetime(2021, 5, 18, 16, 0), 'repair_delay': 0, 'OGI_sp_covered': 1}]",[],0,False,,,,2,4,17,30,False,6,9,0,6,0.0,957.077621406334,0.8476953907815631,0.972145687552429,0.5244260939212789
ABRAND00364,351,53.14,-116.09,5,6,2,2,2,120,1,30,20,120,1,lognorm,0.062287158377333125,[1.462],"['kilogram', 'hour']",<scipy.stats._distn_infrastructure.rv_frozen object at 0x000002073C01D1C8>,0,8,60,1100.3421220732569,[],"[{'leak_ID': 'ABRAND00364_0000000000', 'facility_ID': 'ABRAND00364', 'equipment_group': 4, 'rate': 0.04434503704605295, 'lat': 53.14, 'lon': -116.09, 'status': 'repaired', 'days_active': 72, 'days_active_prog_start': 0, 'tagged': True, 'component': 'unknown', 'date_began': datetime.datetime(2017, 4, 22, 0, 0), 'date_tagged': datetime.datetime(2017, 6, 17, 8, 0), 'tagged_by_company': 'OGI', 'tagged_by_crew': 2, 'init_detect_by': 'OGI', 'init_detect_date': datetime.datetime(2017, 6, 17, 8, 0), 'requires_shutdown': False, 'date_repaired': datetime.datetime(2017, 7, 3, 16, 0), 'repair_delay': 16, 'OGI_sp_covered': 1}, {'leak_ID': 'ABRAND00364_0000000001', 'facility_ID': 'ABRAND00364', 'equipment_group': 5, 'rate': 0.0003050238683354254, 'lat': 53.14, 'lon': -116.09, 'status': 'repaired', 'days_active': 120, 'days_active_prog_start': 0, 'tagged': True, 'component': 'unknown', 'date_began': datetime.datetime(2018, 8, 11, 0, 0), 'date_tagged': datetime.datetime(2018, 12, 9, 0, 0), 'tagged_by_company': 'natural', 'tagged_by_crew': 1, 'init_detect_by': 'natural', 'init_detect_date': datetime.datetime(2018, 12, 9, 0, 0), 'requires_shutdown': False, 'date_repaired': datetime.datetime(2018, 12, 9, 16, 0), 'repair_delay': 0, 'OGI_sp_covered': 1}, {'leak_ID': 'ABRAND00364_0000000002', 'facility_ID': 'ABRAND00364', 'equipment_group': 4, 'rate': 0.0023983553818194736, 'lat': 53.14, 'lon': -116.09, 'status': 'repaired', 'days_active': 120, 'days_active_prog_start': 0, 'tagged': True, 'component': 'unknown', 'date_began': datetime.datetime(2020, 2, 17, 0, 0), 'date_tagged': datetime.datetime(2020, 6, 16, 0, 0), 'tagged_by_company': 'natural', 'tagged_by_crew': 1, 'init_detect_by': 'natural', 'init_detect_date': datetime.datetime(2020, 6, 16, 0, 0), 'requires_shutdown': False, 'date_repaired': datetime.datetime(2020, 6, 16, 16, 0), 'repair_delay': 0, 'OGI_sp_covered': 1}, {'leak_ID': 'ABRAND00364_0000000003', 'facility_ID': 'ABRAND00364', 'equipment_group': 3, 'rate': 0.016732040785704262, 'lat': 53.14, 'lon': -116.09, 'status': 'repaired', 'days_active': 120, 'days_active_prog_start': 0, 'tagged': True, 'component': 'unknown', 'date_began': datetime.datetime(2020, 4, 6, 0, 0), 'date_tagged': datetime.datetime(2020, 8, 4, 0, 0), 'tagged_by_company': 'natural', 'tagged_by_crew': 1, 'init_detect_by': 'natural', 'init_detect_date': datetime.datetime(2020, 8, 4, 0, 0), 'requires_shutdown': False, 'date_repaired': datetime.datetime(2020, 8, 4, 16, 0), 'repair_delay': 0, 'OGI_sp_covered': 1}, {'leak_ID': 'ABRAND00364_0000000005', 'facility_ID': 'ABRAND00364', 'equipment_group': 2, 'rate': 0.0368053095943747, 'lat': 53.14, 'lon': -116.09, 'status': 'repaired', 'days_active': 27, 'days_active_prog_start': 0, 'tagged': True, 'component': 'unknown', 'date_began': datetime.datetime(2020, 8, 4, 0, 0), 'date_tagged': datetime.datetime(2020, 8, 15, 8, 0), 'tagged_by_company': 'OGI', 'tagged_by_crew': 2, 'init_detect_by': 'OGI', 'init_detect_date': datetime.datetime(2020, 8, 15, 8, 0), 'requires_shutdown': False, 'date_repaired': datetime.datetime(2020, 8, 31, 16, 0), 'repair_delay': 16, 'OGI_sp_covered': 1}, {'leak_ID': 'ABRAND00364_0000000004', 'facility_ID': 'ABRAND00364', 'equipment_group': 5, 'rate': 0.029669775372561148, 'lat': 53.14, 'lon': -116.09, 'status': 'repaired', 'days_active': 120, 'days_active_prog_start': 0, 'tagged': True, 'component': 'unknown', 'date_began': datetime.datetime(2020, 7, 23, 0, 0), 'date_tagged': datetime.datetime(2020, 11, 20, 0, 0), 'tagged_by_company': 'natural', 'tagged_by_crew': 1, 'init_detect_by': 'natural', 'init_detect_date': datetime.datetime(2020, 11, 20, 0, 0), 'requires_shutdown': False, 'date_repaired': datetime.datetime(2020, 11, 20, 16, 0), 'repair_delay': 0, 'OGI_sp_covered': 0}, {'leak_ID': 'ABRAND00364_0000000006', 'facility_ID': 'ABRAND00364', 'equipment_group': 5, 'rate': 0.017647394625927536, 'lat': 53.14, 'lon': -116.09, 'status': 'repaired', 'days_active': 120, 'days_active_prog_start': 0, 'tagged': True, 'component': 'unknown', 'date_began': datetime.datetime(2020, 10, 10, 0, 0), 'date_tagged': datetime.datetime(2021, 2, 7, 0, 0), 'tagged_by_company': 'natural', 'tagged_by_crew': 1, 'init_detect_by': 'natural', 'init_detect_date': datetime.datetime(2021, 2, 7, 0, 0), 'requires_shutdown': False, 'date_repaired': datetime.datetime(2021, 2, 7, 16, 0), 'repair_delay': 0, 'OGI_sp_covered': 1}, {'leak_ID': 'ABRAND00364_0000000007', 'facility_ID': 'ABRAND00364', 'equipment_group': 3, 'rate': 0.004487869976783847, 'lat': 53.14, 'lon': -116.09, 'status': 'repaired', 'days_active': 120, 'days_active_prog_start': 0, 'tagged': True, 'component': 'unknown', 'date_began': datetime.datetime(2020, 11, 1, 0, 0), 'date_tagged': datetime.datetime(2021, 3, 1, 0, 0), 'tagged_by_company': 'natural', 'tagged_by_crew': 1, 'init_detect_by': 'natural', 'init_detect_date': datetime.datetime(2021, 3, 1, 0, 0), 'requires_shutdown': False, 'date_repaired': datetime.datetime(2021, 3, 1, 0, 0), 'repair_delay': 0, 'OGI_sp_covered': 1}]",[],0,False,,,,2,4,17,30,False,6,9,0,8,0.0,1100.3421220732569,0.8496993987975952,0.9727432260014861,0.602927190177127
ABRAND00915,351,52.64,-114.23,5,6,2,2,2,120,1,30,20,120,1,lognorm,0.062287158377333125,[1.462],"['kilogram', 'hour']",<scipy.stats._distn_infrastructure.rv_frozen object at 0x000002073C01D1C8>,0,4,60,647.5569527981286,[],"[{'leak_ID': 'ABRAND00915_0000000000', 'facility_ID': 'ABRAND00915', 'equipment_group': 2, 'rate': 0.014034968045623169, 'lat': 52.64, 'lon': -114.23, 'status': 'repaired', 'days_active': 120, 'days_active_prog_start': 0, 'tagged': True, 'component': 'unknown', 'date_began': datetime.datetime(2018, 7, 14, 0, 0), 'date_tagged': datetime.datetime(2018, 11, 11, 0, 0), 'tagged_by_company': 'natural', 'tagged_by_crew': 1, 'init_detect_by': 'natural', 'init_detect_date': datetime.datetime(2018, 11, 11, 0, 0), 'requires_shutdown': False, 'date_repaired': datetime.datetime(2018, 11, 11, 16, 0), 'repair_delay': 0, 'OGI_sp_covered': 1}, {'leak_ID': 'ABRAND00915_0000000001', 'facility_ID': 'ABRAND00915', 'equipment_group': 2, 'rate': 0.02338691103930915, 'lat': 52.64, 'lon': -114.23, 'status': 'repaired', 'days_active': 120, 'days_active_prog_start': 0, 'tagged': True, 'component': 'unknown', 'date_began': datetime.datetime(2018, 9, 11, 0, 0), 'date_tagged': datetime.datetime(2019, 1, 9, 0, 0), 'tagged_by_company': 'natural', 'tagged_by_crew': 1, 'init_detect_by': 'natural', 'init_detect_date': datetime.datetime(2019, 1, 9, 0, 0), 'requires_shutdown': False, 'date_repaired': datetime.datetime(2019, 1, 9, 16, 0), 'repair_delay': 0, 'OGI_sp_covered': 0}, {'leak_ID': 'ABRAND00915_0000000002', 'facility_ID': 'ABRAND00915', 'equipment_group': 1, 'rate': 0.008090549816573488, 'lat': 52.64, 'lon': -114.23, 'status': 'repaired', 'days_active': 120, 'days_active_prog_start': 0, 'tagged': True, 'component': 'unknown', 'date_began': datetime.datetime(2018, 11, 28, 0, 0), 'date_tagged': datetime.datetime(2019, 3, 28, 0, 0), 'tagged_by_company': 'natural', 'tagged_by_crew': 1, 'init_detect_by': 'natural', 'init_detect_date': datetime.datetime(2019, 3, 28, 0, 0), 'requires_shutdown': False, 'date_repaired': datetime.datetime(2019, 3, 28, 16, 0), 'repair_delay': 0, 'OGI_sp_covered': 1}, {'leak_ID': 'ABRAND00915_0000000003', 'facility_ID': 'ABRAND00915', 'equipment_group': 2, 'rate': 0.016944838922387757, 'lat': 52.64, 'lon': -114.23, 'status': 'repaired', 'days_active': 120, 'days_active_prog_start': 0, 'tagged': True, 'component': 'unknown', 'date_began': datetime.datetime(2019, 7, 15, 0, 0), 'date_tagged': datetime.datetime(2019, 11, 12, 0, 0), 'tagged_by_company': 'natural', 'tagged_by_crew': 1, 'init_detect_by': 'natural', 'init_detect_date': datetime.datetime(2019, 11, 12, 0, 0), 'requires_shutdown': False, 'date_repaired': datetime.datetime(2019, 11, 12, 16, 0), 'repair_delay': 0, 'OGI_sp_covered': 1}]",[],0,False,,,,3,4,17,30,False,6,4,0,4,0.0,647.5569527981286,0.8517034068136272,0.9733359528603059,0.3548257275606184
ABRAND00754,361,52.46,-114.66,2,6,2,2,2,120,1,30,20,120,1,lognorm,0.062287158377333125,[1.462],"['kilogram', 'hour']",<scipy.stats._distn_infrastructure.rv_frozen object at 0x000002073C01D1C8>,0,11,60,2925.722548468337,"[{'leak_ID': 'ABRAND00754_0000000009', 'facility_ID': 'ABRAND00754', 'equipment_group': 2, 'rate': 0.026432537323630982, 'lat': 52.46, 'lon': -114.66, 'status': 'active', 'days_active': 109, 'days_active_prog_start': 0, 'tagged': False, 'component': 'unknown', 'date_began': datetime.datetime(2021, 9, 12, 0, 0), 'date_tagged': None, 'tagged_by_company': None, 'tagged_by_crew': None, 'init_detect_by': None, 'init_detect_date': None, 'requires_shutdown': False, 'date_repaired': None, 'repair_delay': None, 'OGI_sp_covered': 1}, {'leak_ID': 'ABRAND00754_0000000010', 'facility_ID': 'ABRAND00754', 'equipment_group': 1, 'rate': 0.002639629382027197, 'lat': 52.46, 'lon': -114.66, 'status': 'active', 'days_active': 38, 'days_active_prog_start': 0, 'tagged': False, 'component': 'unknown', 'date_began': datetime.datetime(2021, 11, 22, 0, 0), 'date_tagged': None, 'tagged_by_company': None, 'tagged_by_crew': None, 'init_detect_by': None, 'init_detect_date': None, 'requires_shutdown': False, 'date_repaired': None, 'repair_delay': None, 'OGI_sp_covered': 1}]","[{'leak_ID': 'ABRAND00754_0000000000', 'facility_ID': 'ABRAND00754', 'equipment_group': 2, 'rate': 0.012844884560754352, 'lat': 52.46, 'lon': -114.66, 'status': 'repaired', 'days_active': 120, 'days_active_prog_start': 0, 'tagged': True, 'component': 'unknown', 'date_began': datetime.datetime(2017, 1, 5, 0, 0), 'date_tagged': datetime.datetime(2017, 5, 5, 0, 0), 'tagged_by_company': 'natural', 'tagged_by_crew': 1, 'init_detect_by': 'natural', 'init_detect_date': datetime.datetime(2017, 5, 5, 0, 0), 'requires_shutdown': False, 'date_repaired': datetime.datetime(2017, 5, 5, 16, 0), 'repair_delay': 0, 'OGI_sp_covered': 1}, {'leak_ID': 'ABRAND00754_0000000001', 'facility_ID': 'ABRAND00754', 'equipment_group': 1, 'rate': 0.09411972344484815, 'lat': 52.46, 'lon': -114.66, 'status': 'repaired', 'days_active': 120, 'days_active_prog_start': 0, 'tagged': True, 'component': 'unknown', 'date_began': datetime.datetime(2017, 12, 20, 0, 0), 'date_tagged': datetime.datetime(2018, 4, 19, 0, 0), 'tagged_by_company': 'natural', 'tagged_by_crew': 1, 'init_detect_by': 'OGI', 'init_detect_date': datetime.datetime(2018, 4, 18, 10, 30), 'requires_shutdown': False, 'date_repaired': datetime.datetime(2018, 4, 19, 16, 0), 'repair_delay': 0, 'OGI_sp_covered': 1}, {'leak_ID': 'ABRAND00754_0000000002', 'facility_ID': 'ABRAND00754', 'equipment_group': 2, 'rate': 0.032270434436034466, 'lat': 52.46, 'lon': -114.66, 'status': 'repaired', 'days_active': 120, 'days_active_prog_start': 0, 'tagged': True, 'component': 'unknown', 'date_began': datetime.datetime(2017, 12, 26, 0, 0), 'date_tagged': datetime.datetime(2018, 4, 25, 0, 0), 'tagged_by_company': 'natural', 'tagged_by_crew': 1, 'init_detect_by': 'natural', 'init_detect_date': datetime.datetime(2018, 4, 25, 0, 0), 'requires_shutdown': False, 'date_repaired': datetime.datetime(2018, 4, 25, 16, 0), 'repair_delay': 0, 'OGI_sp_covered': 1}, {'leak_ID': 'ABRAND00754_0000000003', 'facility_ID': 'ABRAND00754', 'equipment_group': 1, 'rate': 0.021693550447475302, 'lat': 52.46, 'lon': -114.66, 'status': 'repaired', 'days_active': 120, 'days_active_prog_start': 0, 'tagged': True, 'component': 'unknown', 'date_began': datetime.datetime(2018, 2, 6, 0, 0), 'date_tagged': datetime.datetime(2018, 6, 6, 0, 0), 'tagged_by_company': 'natural', 'tagged_by_crew': 1, 'init_detect_by': 'natural', 'init_detect_date': datetime.datetime(2018, 6, 6, 0, 0), 'requires_shutdown': False, 'date_repaired': datetime.datetime(2018, 6, 6, 16, 0), 'repair_delay': 0, 'OGI_sp_covered': 1}, {'leak_ID': 'ABRAND00754_0000000004', 'facility_ID': 'ABRAND00754', 'equipment_group': 1, 'rate': 0.2246456852892495, 'lat': 52.46, 'lon': -114.66, 'status': 'repaired', 'days_active': 30, 'days_active_prog_start': 0, 'tagged': True, 'component': 'unknown', 'date_began': datetime.datetime(2019, 2, 3, 0, 0), 'date_tagged': datetime.datetime(2019, 2, 17, 10, 30), 'tagged_by_company': 'OGI', 'tagged_by_crew': 1, 'init_detect_by': 'OGI', 'init_detect_date': datetime.datetime(2019, 2, 17, 10, 30), 'requires_shutdown': False, 'date_repaired': datetime.datetime(2019, 3, 5, 16, 0), 'repair_delay': 16, 'OGI_sp_covered': 1}, {'leak_ID': 'ABRAND00754_0000000005', 'facility_ID': 'ABRAND00754', 'equipment_group': 2, 'rate': 0.002329448271811266, 'lat': 52.46, 'lon': -114.66, 'status': 'repaired', 'days_active': 120, 'days_active_prog_start': 0, 'tagged': True, 'component': 'unknown', 'date_began': datetime.datetime(2019, 2, 11, 0, 0), 'date_tagged': datetime.datetime(2019, 6, 11, 0, 0), 'tagged_by_company': 'natural', 'tagged_by_crew': 1, 'init_detect_by': 'natural', 'init_detect_date': datetime.datetime(2019, 6, 11, 0, 0), 'requires_shutdown': False, 'date_repaired': datetime.datetime(2019, 6, 11, 16, 0), 'repair_delay': 0, 'OGI_sp_covered': 1}, {'leak_ID': 'ABRAND00754_0000000006', 'facility_ID': 'ABRAND00754', 'equipment_group': 1, 'rate': 0.007743714244740558, 'lat': 52.46, 'lon': -114.66, 'status': 'repaired', 'days_active': 120, 'days_active_prog_start': 0, 'tagged': True, 'component': 'unknown', 'date_began': datetime.datetime(2019, 11, 30, 0, 0), 'date_tagged': datetime.datetime(2020, 3, 29, 0, 0), 'tagged_by_company': 'natural', 'tagged_by_crew': 1, 'init_detect_by': 'natural', 'init_detect_date': datetime.datetime(2020, 3, 29, 0, 0), 'requires_shutdown': False, 'date_repaired': datetime.datetime(2020, 3, 29, 16, 0), 'repair_delay': 0, 'OGI_sp_covered': 1}, {'leak_ID': 'ABRAND00754_0000000007', 'facility_ID': 'ABRAND00754', 'equipment_group': 2, 'rate': 0.005968716192596906, 'lat': 52.46, 'lon': -114.66, 'status': 'repaired', 'days_active': 120, 'days_active_prog_start': 0, 'tagged': True, 'component': 'unknown', 'date_began': datetime.datetime(2020, 12, 21, 0, 0), 'date_tagged': datetime.datetime(2021, 4, 20, 0, 0), 'tagged_by_company': 'natural', 'tagged_by_crew': 1, 'init_detect_by': 'natural', 'init_detect_date': datetime.datetime(2021, 4, 20, 0, 0), 'requires_shutdown': False, 'date_repaired': datetime.datetime(2021, 4, 20, 16, 0), 'repair_delay': 0, 'OGI_sp_covered': 1}, {'leak_ID': 'ABRAND00754_0000000008', 'facility_ID': 'ABRAND00754', 'equipment_group': 1, 'rate': 0.02421041550749746, 'lat': 52.46, 'lon': -114.66, 'status': 'repaired', 'days_active': 120, 'days_active_prog_start': 0, 'tagged': True, 'component': 'unknown', 'date_began': datetime.datetime(2021, 8, 23, 0, 0), 'date_tagged': datetime.datetime(2021, 12, 21, 0, 0), 'tagged_by_company': 'natural', 'tagged_by_crew': 1, 'init_detect_by': 'natural', 'init_detect_date': datetime.datetime(2021, 12, 21, 0, 0), 'requires_shutdown': False, 'date_repaired': datetime.datetime(2021, 12, 21, 16, 0), 'repair_delay': 0, 'OGI_sp_covered': 1}]",[],0,False,,,,3,4,17,30,False,6,13,2,9,257.59749468609886,2668.1250537822384,0.8537074148296593,0.973927437103926,1.6031356429963493
ABRAND00627,311,52.75,-115.23,3,6,2,2,2,120,1,30,20,120,1,lognorm,0.062287158377333125,[1.462],"['kilogram', 'hour']",<scipy.stats._distn_infrastructure.rv_frozen object at 0x000002073C01D1C8>,0,4,60,997.322634599715,[],"[{'leak_ID': 'ABRAND00627_0000000000', 'facility_ID': 'ABRAND00627', 'equipment_group': 2, 'rate': 0.008881417170163677, 'lat': 52.75, 'lon': -115.23, 'status': 'repaired', 'days_active': 120, 'days_active_prog_start': 0, 'tagged': True, 'component': 'unknown', 'date_began': datetime.datetime(2017, 1, 12, 0, 0), 'date_tagged': datetime.datetime(2017, 5, 12, 0, 0), 'tagged_by_company': 'natural', 'tagged_by_crew': 1, 'init_detect_by': 'natural', 'init_detect_date': datetime.datetime(2017, 5, 12, 0, 0), 'requires_shutdown': False, 'date_repaired': datetime.datetime(2017, 5, 12, 16, 0), 'repair_delay': 0, 'OGI_sp_covered': 1}, {'leak_ID': 'ABRAND00627_0000000001', 'facility_ID': 'ABRAND00627', 'equipment_group': 1, 'rate': 0.012665199521242782, 'lat': 52.75, 'lon': -115.23, 'status': 'repaired', 'days_active': 120, 'days_active_prog_start': 0, 'tagged': True, 'component': 'unknown', 'date_began': datetime.datetime(2018, 7, 5, 0, 0), 'date_tagged': datetime.datetime(2018, 11, 2, 0, 0), 'tagged_by_company': 'natural', 'tagged_by_crew': 1, 'init_detect_by': 'natural', 'init_detect_date': datetime.datetime(2018, 11, 2, 0, 0), 'requires_shutdown': False, 'date_repaired': datetime.datetime(2018, 11, 2, 16, 0), 'repair_delay': 0, 'OGI_sp_covered': 1}, {'leak_ID': 'ABRAND00627_0000000002', 'facility_ID': 'ABRAND00627', 'equipment_group': 3, 'rate': 0.08915155253254849, 'lat': 52.75, 'lon': -115.23, 'status': 'repaired', 'days_active': 52, 'days_active_prog_start': 0, 'tagged': True, 'component': 'unknown', 'date_began': datetime.datetime(2018, 11, 9, 0, 0), 'date_tagged': datetime.datetime(2018, 12, 14, 10, 30), 'tagged_by_company': 'OGI', 'tagged_by_crew': 2, 'init_detect_by': 'OGI', 'init_detect_date': datetime.datetime(2018, 12, 14, 10, 30), 'requires_shutdown': False, 'date_repaired': datetime.datetime(2018, 12, 31, 0, 0), 'repair_delay': 16, 'OGI_sp_covered': 1}, {'leak_ID': 'ABRAND00627_0000000003', 'facility_ID': 'ABRAND00627', 'equipment_group': 3, 'rate': 0.03757922881692621, 'lat': 52.75, 'lon': -115.23, 'status': 'repaired', 'days_active': 115, 'days_active_prog_start': 0, 'tagged': True, 'component': 'unknown', 'date_began': datetime.datetime(2021, 5, 9, 0, 0), 'date_tagged': datetime.datetime(2021, 8, 16, 10, 30), 'tagged_by_company': 'OGI', 'tagged_by_crew': 2, 'init_detect_by': 'OGI', 'init_detect_date': datetime.datetime(2021, 8, 16, 10, 30), 'requires_shutdown': False, 'date_repaired': datetime.datetime(2021, 9, 1, 16, 0), 'repair_delay': 16, 'OGI_sp_covered': 1}]",[],0,False,,,,2,4,17,30,False,6,2,0,4,0.0,997.322634599715,0.8557114228456913,0.9745185953237208,0.5464781559450493
ABRAND00388,361,53.83,-116.01,2,6,2,2,2,120,1,30,20,120,1,lognorm,0.062287158377333125,[1.462],"['kilogram', 'hour']",<scipy.stats._distn_infrastructure.rv_frozen object at 0x000002073C01D1C8>,0,2,60,334.9249476881862,[],"[{'leak_ID': 'ABRAND00388_0000000000', 'facility_ID': 'ABRAND00388', 'equipment_group': 2, 'rate': 0.007288035359589382, 'lat': 53.83, 'lon': -116.01, 'status': 'repaired', 'days_active': 120, 'days_active_prog_start': 0, 'tagged': True, 'component': 'unknown', 'date_began': datetime.datetime(2018, 12, 26, 0, 0), 'date_tagged': datetime.datetime(2019, 4, 25, 0, 0), 'tagged_by_company': 'natural', 'tagged_by_crew': 1, 'init_detect_by': 'natural', 'init_detect_date': datetime.datetime(2019, 4, 25, 0, 0), 'requires_shutdown': False, 'date_repaired': datetime.datetime(2019, 4, 25, 16, 0), 'repair_delay': 0, 'OGI_sp_covered': 1}, {'leak_ID': 'ABRAND00388_0000000001', 'facility_ID': 'ABRAND00388', 'equipment_group': 1, 'rate': 0.02501568258873104, 'lat': 53.83, 'lon': -116.01, 'status': 'repaired', 'days_active': 120, 'days_active_prog_start': 0, 'tagged': True, 'component': 'unknown', 'date_began': datetime.datetime(2020, 1, 7, 0, 0), 'date_tagged': datetime.datetime(2020, 5, 6, 0, 0), 'tagged_by_company': 'natural', 'tagged_by_crew': 1, 'init_detect_by': 'natural', 'init_detect_date': datetime.datetime(2020, 5, 6, 0, 0), 'requires_shutdown': False, 'date_repaired': datetime.datetime(2020, 5, 6, 16, 0), 'repair_delay': 0, 'OGI_sp_covered': 1}]",[],0,False,,,,2,4,17,30,False,6,4,0,2,0.0,334.9249476881862,0.8577154308617234,0.9751084167817805,0.18352051928119792
ABRAND00545,362,52.72,-115.57,3,6,2,2,2,120,1,30,20,120,1,lognorm,0.062287158377333125,[1.462],"['kilogram', 'hour']",<scipy.stats._distn_infrastructure.rv_frozen object at 0x000002073C01D1C8>,0,4,60,978.6159472300835,"[{'leak_ID': 'ABRAND00545_0000000003', 'facility_ID': 'ABRAND00545', 'equipment_group': 1, 'rate': 0.053752373805657505, 'lat': 52.72, 'lon': -115.57, 'status': 'active', 'days_active': 62, 'days_active_prog_start': 0, 'tagged': True, 'component': 'unknown', 'date_began': datetime.datetime(2021, 10, 29, 0, 0), 'date_tagged': datetime.datetime(2021, 12, 14, 13, 0), 'tagged_by_company': 'OGI', 'tagged_by_crew': 1, 'init_detect_by': 'OGI', 'init_detect_date': datetime.datetime(2021, 12, 14, 13, 0), 'requires_shutdown': False, 'date_repaired': None, 'repair_delay': None, 'OGI_sp_covered': 1}]","[{'leak_ID': 'ABRAND00545_0000000000', 'facility_ID': 'ABRAND00545', 'equipment_group': 3, 'rate': 0.09570194093278873, 'lat': 52.72, 'lon': -115.57, 'status': 'repaired', 'days_active': 57, 'days_active_prog_start': 0, 'tagged': True, 'component': 'unknown', 'date_began': datetime.datetime(2017, 3, 8, 0, 0), 'date_tagged': datetime.datetime(2017, 4, 18, 13, 0), 'tagged_by_company': 'OGI', 'tagged_by_crew': 1, 'init_detect_by': 'OGI', 'init_detect_date': datetime.datetime(2017, 4, 18, 13, 0), 'requires_shutdown': False, 'date_repaired': datetime.datetime(2017, 5, 4, 16, 0), 'repair_delay': 16, 'OGI_sp_covered': 1}, {'leak_ID': 'ABRAND00545_0000000001', 'facility_ID': 'ABRAND00545', 'equipment_group': 3, 'rate': 0.003480398550389524, 'lat': 52.72, 'lon': -115.57, 'status': 'repaired', 'days_active': 120, 'days_active_prog_start': 0, 'tagged': True, 'component': 'unknown', 'date_began': datetime.datetime(2018, 2, 9, 0, 0), 'date_tagged': datetime.datetime(2018, 6, 9, 0, 0), 'tagged_by_company': 'natural', 'tagged_by_crew': 1, 'init_detect_by': 'natural', 'init_detect_date': datetime.datetime(2018, 6, 9, 0, 0), 'requires_shutdown': False, 'date_repaired': datetime.datetime(2018, 6, 9, 16, 0), 'repair_delay': 0, 'OGI_sp_covered': 1}, {'leak_ID': 'ABRAND00545_0000000002', 'facility_ID': 'ABRAND00545', 'equipment_group': 3, 'rate': 0.017677231901205705, 'lat': 52.72, 'lon': -115.57, 'status': 'repaired', 'days_active': 120, 'days_active_prog_start': 0, 'tagged': True, 'component': 'unknown', 'date_began': datetime.datetime(2020, 7, 22, 0, 0), 'date_tagged': datetime.datetime(2020, 11, 19, 0, 0), 'tagged_by_company': 'natural', 'tagged_by_crew': 1, 'init_detect_by': 'natural', 'init_detect_date': datetime.datetime(2020, 11, 19, 0, 0), 'requires_shutdown': False, 'date_repaired': datetime.datetime(2020, 11, 19, 16, 0), 'repair_delay': 0, 'OGI_sp_covered': 1}]",[],0,False,,,,3,4,17,30,False,6,2,1,3,287.94071600214613,690.6752312279374,0.8597194388777555,0.9756974958516351,0.5362279162904567
ABRAND00815,351,52.53,-114.46,5,6,2,2,2,120,1,30,20,120,1,lognorm,0.062287158377333125,[1.462],"['kilogram', 'hour']",<scipy.stats._distn_infrastructure.rv_frozen object at 0x000002073C01D1C8>,1,4,60,990.9688314755836,[],"[{'leak_ID': 'ABRAND00815_0000000001', 'facility_ID': 'ABRAND00815', 'equipment_group': 1, 'rate': 0.06103263472320175, 'lat': 52.53, 'lon': -114.46, 'status': 'repaired', 'days_active': 98, 'days_active_prog_start': 34, 'tagged': True, 'component': 'unknown', 'date_began': datetime.datetime(2016, 11, 28, 0, 0), 'date_tagged': datetime.datetime(2017, 2, 17, 13, 0), 'tagged_by_company': 'OGI', 'tagged_by_crew': 2, 'init_detect_by': 'OGI', 'init_detect_date': datetime.datetime(2017, 2, 17, 13, 0), 'requires_shutdown': False, 'date_repaired': datetime.datetime(2017, 3, 5, 16, 0), 'repair_delay': 16, 'OGI_sp_covered': 1}, {'leak_ID': 'ABRAND00815_0000000001', 'facility_ID': 'ABRAND00815', 'equipment_group': 5, 'rate': 0.05717233085053892, 'lat': 52.53, 'lon': -114.46, 'status': 'repaired', 'days_active': 47, 'days_active_prog_start': 0, 'tagged': True, 'component': 'unknown', 'date_began': datetime.datetime(2017, 9, 14, 0, 0), 'date_tagged': datetime.datetime(2017, 10, 15, 13, 0), 'tagged_by_company': 'OGI', 'tagged_by_crew': 2, 'init_detect_by': 'OGI', 'init_detect_date': datetime.datetime(2017, 10, 15, 13, 0), 'requires_shutdown': False, 'date_repaired': datetime.datetime(2017, 10, 31, 16, 0), 'repair_delay': 16, 'OGI_sp_covered': 1}, {'leak_ID': 'ABRAND00815_0000000002', 'facility_ID': 'ABRAND00815', 'equipment_group': 3, 'rate': 0.08060463190525727, 'lat': 52.53, 'lon': -114.46, 'status': 'repaired', 'days_active': 45, 'days_active_prog_start': 0, 'tagged': True, 'component': 'unknown', 'date_began': datetime.datetime(2020, 9, 15, 0, 0), 'date_tagged': datetime.datetime(2020, 10, 14, 13, 0), 'tagged_by_company': 'OGI', 'tagged_by_crew': 2, 'init_detect_by': 'OGI', 'init_detect_date': datetime.datetime(2020, 10, 14, 13, 0), 'requires_shutdown': False, 'date_repaired': datetime.datetime(2020, 10, 30, 16, 0), 'repair_delay': 16, 'OGI_sp_covered': 1}, {'leak_ID': 'ABRAND00815_0000000003', 'facility_ID': 'ABRAND00815', 'equipment_group': 2, 'rate': 0.010409583771668434, 'lat': 52.53, 'lon': -114.46, 'status': 'repaired', 'days_active': 120, 'days_active_prog_start': 0, 'tagged': True, 'component': 'unknown', 'date_began': datetime.datetime(2021, 6, 26, 0, 0), 'date_tagged': datetime.datetime(2021, 10, 24, 0, 0), 'tagged_by_company': 'natural', 'tagged_by_crew': 1, 'init_detect_by': 'natural', 'init_detect_date': datetime.datetime(2021, 10, 24, 0, 0), 'requires_shutdown': False, 'date_repaired': datetime.datetime(2021, 10, 24, 13, 30), 'repair_delay': 0, 'OGI_sp_covered': 1}]",[],1,False,,,,3,4,17,30,False,6,2,0,4,0.0,990.9688314755836,0.8617234468937875,0.9762825995708957,0.5429966199866211
ABRAND00863,601,52.55,-114.33,5,6,2,2,2,120,1,30,20,120,1,lognorm,0.062287158377333125,[1.462],"['kilogram', 'hour']",<scipy.stats._distn_infrastructure.rv_frozen object at 0x000002073C01D1C8>,0,6,60,4974.399525601061,[],"[{'leak_ID': 'ABRAND00863_0000000000', 'facility_ID': 'ABRAND00863', 'equipment_group': 1, 'rate': 0.012329831170817675, 'lat': 52.55, 'lon': -114.33, 'status': 'repaired', 'days_active': 120, 'days_active_prog_start': 0, 'tagged': True, 'component': 'unknown', 'date_began': datetime.datetime(2017, 10, 9, 0, 0), 'date_tagged': datetime.datetime(2018, 2, 6, 0, 0), 'tagged_by_company': 'natural', 'tagged_by_crew': 1, 'init_detect_by': 'natural', 'init_detect_date': datetime.datetime(2018, 2, 6, 0, 0), 'requires_shutdown': False, 'date_repaired': datetime.datetime(2018, 2, 6, 16, 0), 'repair_delay': 0, 'OGI_sp_covered': 1}, {'leak_ID': 'ABRAND00863_0000000001', 'facility_ID': 'ABRAND00863', 'equipment_group': 2, 'rate': 0.020668567702239835, 'lat': 52.55, 'lon': -114.33, 'status': 'repaired', 'days_active': 120, 'days_active_prog_start': 0, 'tagged': True, 'component': 'unknown', 'date_began': datetime.datetime(2017, 12, 3, 0, 0), 'date_tagged': datetime.datetime(2018, 4, 2, 0, 0), 'tagged_by_company': 'natural', 'tagged_by_crew': 1, 'init_detect_by': 'natural', 'init_detect_date': datetime.datetime(2018, 4, 2, 0, 0), 'requires_shutdown': False, 'date_repaired': datetime.datetime(2018, 4, 2, 16, 0), 'repair_delay': 0, 'OGI_sp_covered': 0}, {'leak_ID': 'ABRAND00863_0000000002', 'facility_ID': 'ABRAND00863', 'equipment_group': 2, 'rate': 0.17190973318260172, 'lat': 52.55, 'lon': -114.33, 'status': 'repaired', 'days_active': 45, 'days_active_prog_start': 0, 'tagged': True, 'component': 'unknown', 'date_began': datetime.datetime(2018, 9, 16, 0, 0), 'date_tagged': datetime.datetime(2018, 10, 15, 13, 0), 'tagged_by_company': 'OGI', 'tagged_by_crew': 3, 'init_detect_by': 'OGI', 'init_detect_date': datetime.datetime(2018, 10, 15, 13, 0), 'requires_shutdown': False, 'date_repaired': datetime.datetime(2018, 10, 31, 16, 0), 'repair_delay': 16, 'OGI_sp_covered': 1}, {'leak_ID': 'ABRAND00863_0000000003', 'facility_ID': 'ABRAND00863', 'equipment_group': 2, 'rate': 0.014722649443368041, 'lat': 52.55, 'lon': -114.33, 'status': 'repaired', 'days_active': 120, 'days_active_prog_start': 0, 'tagged': True, 'component': 'unknown', 'date_began': datetime.datetime(2019, 6, 21, 0, 0), 'date_tagged': datetime.datetime(2019, 10, 19, 0, 0), 'tagged_by_company': 'natural', 'tagged_by_crew': 1, 'init_detect_by': 'natural', 'init_detect_date': datetime.datetime(2019, 10, 19, 0, 0), 'requires_shutdown': False, 'date_repaired': datetime.datetime(2019, 10, 19, 16, 0), 'repair_delay': 0, 'OGI_sp_covered': 1}, {'leak_ID': 'ABRAND00863_0000000004', 'facility_ID': 'ABRAND00863', 'equipment_group': 3, 'rate': 1.088496380515051, 'lat': 52.55, 'lon': -114.33, 'status': 'repaired', 'days_active': 40, 'days_active_prog_start': 0, 'tagged': True, 'component': 'unknown', 'date_began': datetime.datetime(2020, 5, 23, 0, 0), 'date_tagged': datetime.datetime(2020, 6, 16, 13, 0), 'tagged_by_company': 'OGI', 'tagged_by_crew': 3, 'init_detect_by': 'OGI', 'init_detect_date': datetime.datetime(2020, 6, 16, 13, 0), 'requires_shutdown': False, 'date_repaired': datetime.datetime(2020, 7, 2, 16, 0), 'repair_delay': 16, 'OGI_sp_covered': 1}, {'leak_ID': 'ABRAND00863_0000000005', 'facility_ID': 'ABRAND00863', 'equipment_group': 1, 'rate': 0.004764579762961916, 'lat': 52.55, 'lon': -114.33, 'status': 'repaired', 'days_active': 120, 'days_active_prog_start': 0, 'tagged': True, 'component': 'unknown', 'date_began': datetime.datetime(2020, 12, 7, 0, 0), 'date_tagged': datetime.datetime(2021, 4, 6, 0, 0), 'tagged_by_company': 'natural', 'tagged_by_crew': 1, 'init_detect_by': 'natural', 'init_detect_date': datetime.datetime(2021, 4, 6, 0, 0), 'requires_shutdown': False, 'date_repaired': datetime.datetime(2021, 4, 6, 16, 0), 'repair_delay': 0, 'OGI_sp_covered': 1}]",[],0,False,,,,3,4,17,30,False,6,7,0,6,0.0,4974.399525601061,0.8637274549098196,0.9768637442172844,2.7256983701923625
ABRAND01049,601,51.41,-112.94,5,6,2,2,2,120,1,30,20,120,1,lognorm,0.062287158377333125,[1.462],"['kilogram', 'hour']",<scipy.stats._distn_infrastructure.rv_frozen object at 0x000002073C01D1C8>,0,2,60,362.70451813080996,[],"[{'leak_ID': 'ABRAND01049_0000000000', 'facility_ID': 'ABRAND01049', 'equipment_group': 1, 'rate': 0.0072793081295411365, 'lat': 51.41, 'lon': -112.94, 'status': 'repaired', 'days_active': 120, 'days_active_prog_start': 0, 'tagged': True, 'component': 'unknown', 'date_began': datetime.datetime(2019, 6, 20, 0, 0), 'date_tagged': datetime.datetime(2019, 10, 18, 0, 0), 'tagged_by_company': 'natural', 'tagged_by_crew': 1, 'init_detect_by': 'natural', 'init_detect_date': datetime.datetime(2019, 10, 18, 0, 0), 'requires_shutdown': False, 'date_repaired': datetime.datetime(2019, 10, 18, 16, 0), 'repair_delay': 0, 'OGI_sp_covered': 1}, {'leak_ID': 'ABRAND01049_0000000001', 'facility_ID': 'ABRAND01049', 'equipment_group': 3, 'rate': 0.02770376653585334, 'lat': 51.41, 'lon': -112.94, 'status': 'repaired', 'days_active': 120, 'days_active_prog_start': 0, 'tagged': True, 'component': 'unknown', 'date_began': datetime.datetime(2020, 9, 9, 0, 0), 'date_tagged': datetime.datetime(2021, 1, 7, 0, 0), 'tagged_by_company': 'natural', 'tagged_by_crew': 1, 'init_detect_by': 'natural', 'init_detect_date': datetime.datetime(2021, 1, 7, 0, 0), 'requires_shutdown': False, 'date_repaired': datetime.datetime(2021, 1, 7, 16, 0), 'repair_delay': 0, 'OGI_sp_covered': 1}]",[],0,False,,,,3,4,16,30,False,6,3,0,2,0.0,362.70451813080996,0.8657314629258517,0.9774446958479178,0.1987422017155123
ABRAND00870,361,52.34,-114.32,2,6,2,2,2,120,1,30,20,120,1,lognorm,0.062287158377333125,[1.462],"['kilogram', 'hour']",<scipy.stats._distn_infrastructure.rv_frozen object at 0x000002073C01D1C8>,0,4,60,438.6682118335616,"[{'leak_ID': 'ABRAND00870_0000000003', 'facility_ID': 'ABRAND00870', 'equipment_group': 1, 'rate': 0.03565180345248974, 'lat': 52.34, 'lon': -114.32, 'status': 'active', 'days_active': 50, 'days_active_prog_start': 0, 'tagged': False, 'component': 'unknown', 'date_began': datetime.datetime(2021, 11, 10, 0, 0), 'date_tagged': None, 'tagged_by_company': None, 'tagged_by_crew': None, 'init_detect_by': None, 'init_detect_date': None, 'requires_shutdown': False, 'date_repaired': None, 'repair_delay': None, 'OGI_sp_covered': 1}]","[{'leak_ID': 'ABRAND00870_0000000000', 'facility_ID': 'ABRAND00870', 'equipment_group': 1, 'rate': 0.03952365275491879, 'lat': 52.34, 'lon': -114.32, 'status': 'repaired', 'days_active': 20, 'days_active_prog_start': 0, 'tagged': True, 'component': 'unknown', 'date_began': datetime.datetime(2017, 2, 14, 0, 0), 'date_tagged': datetime.datetime(2017, 2, 18, 8, 0), 'tagged_by_company': 'OGI', 'tagged_by_crew': 2, 'init_detect_by': 'OGI', 'init_detect_date': datetime.datetime(2017, 2, 18, 8, 0), 'requires_shutdown': False, 'date_repaired': datetime.datetime(2017, 3, 6, 16, 0), 'repair_delay': 16, 'OGI_sp_covered': 1}, {'leak_ID': 'ABRAND00870_0000000001', 'facility_ID': 'ABRAND00870', 'equipment_group': 1, 'rate': 0.0023745081915744043, 'lat': 52.34, 'lon': -114.32, 'status': 'repaired', 'days_active': 120, 'days_active_prog_start': 0, 'tagged': True, 'component': 'unknown', 'date_began': datetime.datetime(2018, 8, 20, 0, 0), 'date_tagged': datetime.datetime(2018, 12, 18, 0, 0), 'tagged_by_company': 'natural', 'tagged_by_crew': 1, 'init_detect_by': 'natural', 'init_detect_date': datetime.datetime(2018, 12, 18, 0, 0), 'requires_shutdown': False, 'date_repaired': datetime.datetime(2018, 12, 18, 16, 0), 'repair_delay': 0, 'OGI_sp_covered': 1}, {'leak_ID': 'ABRAND00870_0000000002', 'facility_ID': 'ABRAND00870', 'equipment_group': 2, 'rate': 0.10567496033292703, 'lat': 52.34, 'lon': -114.32, 'status': 'repaired', 'days_active': 21, 'days_active_prog_start': 0, 'tagged': True, 'component': 'unknown', 'date_began': datetime.datetime(2019, 12, 11, 0, 0), 'date_tagged': datetime.datetime(2019, 12, 15, 8, 0), 'tagged_by_company': 'OGI', 'tagged_by_crew': 2, 'init_detect_by': 'OGI', 'init_detect_date': datetime.datetime(2019, 12, 15, 8, 0), 'requires_shutdown': False, 'date_repaired': datetime.datetime(2020, 1, 1, 0, 0), 'repair_delay': 16, 'OGI_sp_covered': 1}]",[],0,False,,,,3,4,16,30,False,6,2,1,3,154.01579091475568,284.6524209188059,0.8677354709418837,0.9780103091001446,0.24036614347044472
ABRAND00755,621,52.0,-114.66,3,6,2,2,2,120,1,30,20,120,1,lognorm,0.062287158377333125,[1.462],"['kilogram', 'hour']",<scipy.stats._distn_infrastructure.rv_frozen object at 0x000002073C01D1C8>,1,5,60,1303.5332332148612,[],"[{'leak_ID': 'ABRAND00755_0000000001', 'facility_ID': 'ABRAND00755', 'equipment_group': 1, 'rate': 0.009629871686561906, 'lat': 52.0, 'lon': -114.66, 'status': 'repaired', 'days_active': 120, 'days_active_prog_start': 61, 'tagged': True, 'component': 'unknown', 'date_began': datetime.datetime(2016, 11, 1, 0, 0), 'date_tagged': datetime.datetime(2017, 2, 28, 0, 0), 'tagged_by_company': 'natural', 'tagged_by_crew': 1, 'init_detect_by': 'natural', 'init_detect_date': datetime.datetime(2017, 2, 28, 0, 0), 'requires_shutdown': False, 'date_repaired': datetime.datetime(2017, 2, 28, 0, 0), 'repair_delay': 0, 'OGI_sp_covered': 1}, {'leak_ID': 'ABRAND00755_0000000001', 'facility_ID': 'ABRAND00755', 'equipment_group': 2, 'rate': 0.020802546061759884, 'lat': 52.0, 'lon': -114.66, 'status': 'repaired', 'days_active': 120, 'days_active_prog_start': 0, 'tagged': True, 'component': 'unknown', 'date_began': datetime.datetime(2019, 4, 10, 0, 0), 'date_tagged': datetime.datetime(2019, 8, 8, 0, 0), 'tagged_by_company': 'natural', 'tagged_by_crew': 1, 'init_detect_by': 'natural', 'init_detect_date': datetime.datetime(2019, 8, 8, 0, 0), 'requires_shutdown': False, 'date_repaired': datetime.datetime(2019, 8, 8, 16, 0), 'repair_delay': 0, 'OGI_sp_covered': 1}, {'leak_ID': 'ABRAND00755_0000000002', 'facility_ID': 'ABRAND00755', 'equipment_group': 3, 'rate': 0.010614953970748481, 'lat': 52.0, 'lon': -114.66, 'status': 'repaired', 'days_active': 120, 'days_active_prog_start': 0, 'tagged': True, 'component': 'unknown', 'date_began': datetime.datetime(2019, 6, 7, 0, 0), 'date_tagged': datetime.datetime(2019, 10, 5, 0, 0), 'tagged_by_company': 'natural', 'tagged_by_crew': 1, 'init_detect_by': 'natural', 'init_detect_date': datetime.datetime(2019, 10, 5, 0, 0), 'requires_shutdown': False, 'date_repaired': datetime.datetime(2019, 10, 5, 16, 0), 'repair_delay': 0, 'OGI_sp_covered': 0}, {'leak_ID': 'ABRAND00755_0000000003', 'facility_ID': 'ABRAND00755', 'equipment_group': 1, 'rate': 0.07754280650731818, 'lat': 52.0, 'lon': -114.66, 'status': 'repaired', 'days_active': 120, 'days_active_prog_start': 0, 'tagged': True, 'component': 'unknown', 'date_began': datetime.datetime(2020, 7, 3, 0, 0), 'date_tagged': datetime.datetime(2020, 10, 31, 0, 0), 'tagged_by_company': 'natural', 'tagged_by_crew': 3, 'init_detect_by': 'OGI', 'init_detect_date': datetime.datetime(2020, 10, 15, 8, 0), 'requires_shutdown': False, 'date_repaired': datetime.datetime(2020, 10, 31, 16, 0), 'repair_delay': 0, 'OGI_sp_covered': 1}, {'leak_ID': 'ABRAND00755_0000000004', 'facility_ID': 'ABRAND00755', 'equipment_group': 2, 'rate': 0.012031591541331162, 'lat': 52.0, 'lon': -114.66, 'status': 'repaired', 'days_active': 120, 'days_active_prog_start': 0, 'tagged': True, 'component': 'unknown', 'date_began': datetime.datetime(2020, 12, 31, 0, 0), 'date_tagged': datetime.datetime(2021, 4, 30, 0, 0), 'tagged_by_company': 'natural', 'tagged_by_crew': 1, 'init_detect_by': 'natural', 'init_detect_date': datetime.datetime(2021, 4, 30, 0, 0), 'requires_shutdown': False, 'date_repaired': datetime.datetime(2021, 4, 30, 0, 0), 'repair_delay': 0, 'OGI_sp_covered': 1}]",[],1,False,,,,3,4,16,30,False,6,6,0,5,0.0,1303.5332332148612,0.8697394789579158,0.9785650206535299,0.7142647853232116
ABRAND00519,361,52.59,-115.64,4,6,2,2,2,120,1,30,20,120,1,lognorm,0.062287158377333125,[1.462],"['kilogram', 'hour']",<scipy.stats._distn_infrastructure.rv_frozen object at 0x000002073C01D1C8>,0,5,60,1281.9059551459463,[],"[{'leak_ID': 'ABRAND00519_0000000000', 'facility_ID': 'ABRAND00519', 'equipment_group': 1, 'rate': 0.006026617208461754, 'lat': 52.59, 'lon': -115.64, 'status': 'repaired', 'days_active': 120, 'days_active_prog_start': 0, 'tagged': True, 'component': 'unknown', 'date_began': datetime.datetime(2017, 3, 24, 0, 0), 'date_tagged': datetime.datetime(2017, 7, 22, 0, 0), 'tagged_by_company': 'natural', 'tagged_by_crew': 1, 'init_detect_by': 'natural', 'init_detect_date': datetime.datetime(2017, 7, 22, 0, 0), 'requires_shutdown': False, 'date_repaired': datetime.datetime(2017, 7, 22, 16, 0), 'repair_delay': 0, 'OGI_sp_covered': 1}, {'leak_ID': 'ABRAND00519_0000000001', 'facility_ID': 'ABRAND00519', 'equipment_group': 1, 'rate': 0.062388700947640104, 'lat': 52.59, 'lon': -115.64, 'status': 'repaired', 'days_active': 63, 'days_active_prog_start': 0, 'tagged': True, 'component': 'unknown', 'date_began': datetime.datetime(2019, 7, 1, 0, 0), 'date_tagged': datetime.datetime(2019, 8, 17, 10, 30), 'tagged_by_company': 'OGI', 'tagged_by_crew': 1, 'init_detect_by': 'OGI', 'init_detect_date': datetime.datetime(2019, 8, 17, 10, 30), 'requires_shutdown': False, 'date_repaired': datetime.datetime(2019, 9, 2, 16, 0), 'repair_delay': 16, 'OGI_sp_covered': 1}, {'leak_ID': 'ABRAND00519_0000000002', 'facility_ID': 'ABRAND00519', 'equipment_group': 3, 'rate': 0.012574188708333019, 'lat': 52.59, 'lon': -115.64, 'status': 'repaired', 'days_active': 120, 'days_active_prog_start': 0, 'tagged': True, 'component': 'unknown', 'date_began': datetime.datetime(2019, 8, 17, 0, 0), 'date_tagged': datetime.datetime(2019, 12, 15, 0, 0), 'tagged_by_company': 'natural', 'tagged_by_crew': 1, 'init_detect_by': 'natural', 'init_detect_date': datetime.datetime(2019, 12, 15, 0, 0), 'requires_shutdown': False, 'date_repaired': datetime.datetime(2019, 12, 15, 16, 0), 'repair_delay': 0, 'OGI_sp_covered': 1}, {'leak_ID': 'ABRAND00519_0000000003', 'facility_ID': 'ABRAND00519', 'equipment_group': 2, 'rate': 0.1386152114475439, 'lat': 52.59, 'lon': -115.64, 'status': 'repaired', 'days_active': 40, 'days_active_prog_start': 0, 'tagged': True, 'component': 'unknown', 'date_began': datetime.datetime(2019, 11, 22, 0, 0), 'date_tagged': datetime.datetime(2019, 12, 15, 10, 30), 'tagged_by_company': 'OGI', 'tagged_by_crew': 1, 'init_detect_by': 'OGI', 'init_detect_date': datetime.datetime(2019, 12, 15, 10, 30), 'requires_shutdown': False, 'date_repaired': datetime.datetime(2020, 1, 1, 0, 0), 'repair_delay': 16, 'OGI_sp_covered': 1}, {'leak_ID': 'ABRAND00519_0000000004', 'facility_ID': 'ABRAND00519', 'equipment_group': 4, 'rate': 0.040645209782303966, 'lat': 52.59, 'lon': -115.64, 'status': 'repaired', 'days_active': 77, 'days_active_prog_start': 0, 'tagged': True, 'component': 'unknown', 'date_began': datetime.datetime(2020, 4, 17, 0, 0), 'date_tagged': datetime.datetime(2020, 6, 17, 10, 30), 'tagged_by_company': 'OGI', 'tagged_by_crew': 1, 'init_detect_by': 'OGI', 'init_detect_date': datetime.datetime(2020, 6, 17, 10, 30), 'requires_shutdown': False, 'date_repaired': datetime.datetime(2020, 7, 3, 16, 0), 'repair_delay': 16, 'OGI_sp_covered': 1}]",[],0,False,,,,3,4,16,30,False,6,5,0,5,0.0,1281.9059551459463,0.8717434869739479,0.9791146997823632,0.7024142219977788
ABRAND00741,351,52.13,-114.74,5,6,2,2,2,120,1,30,20,120,1,lognorm,0.062287158377333125,[1.462],"['kilogram', 'hour']",<scipy.stats._distn_infrastructure.rv_frozen object at 0x000002073C01D1C8>,0,4,60,1404.7049360251908,[],"[{'leak_ID': 'ABRAND00741_0000000000', 'facility_ID': 'ABRAND00741', 'equipment_group': 2, 'rate': 0.17423869673251038, 'lat': 52.13, 'lon': -114.74, 'status': 'repaired', 'days_active': 76, 'days_active_prog_start': 0, 'tagged': True, 'component': 'unknown', 'date_began': datetime.datetime(2018, 12, 20, 0, 0), 'date_tagged': datetime.datetime(2019, 2, 18, 10, 30), 'tagged_by_company': 'OGI', 'tagged_by_crew': 2, 'init_detect_by': 'OGI', 'init_detect_date': datetime.datetime(2019, 2, 18, 10, 30), 'requires_shutdown': False, 'date_repaired': datetime.datetime(2019, 3, 6, 16, 0), 'repair_delay': 16, 'OGI_sp_covered': 1}, {'leak_ID': 'ABRAND00741_0000000001', 'facility_ID': 'ABRAND00741', 'equipment_group': 4, 'rate': 0.0148125326678139, 'lat': 52.13, 'lon': -114.74, 'status': 'repaired', 'days_active': 120, 'days_active_prog_start': 0, 'tagged': True, 'component': 'unknown', 'date_began': datetime.datetime(2020, 4, 16, 0, 0), 'date_tagged': datetime.datetime(2020, 8, 14, 0, 0), 'tagged_by_company': 'natural', 'tagged_by_crew': 1, 'init_detect_by': 'natural', 'init_detect_date': datetime.datetime(2020, 8, 14, 0, 0), 'requires_shutdown': False, 'date_repaired': datetime.datetime(2020, 8, 14, 16, 0), 'repair_delay': 0, 'OGI_sp_covered': 1}, {'leak_ID': 'ABRAND00741_0000000002', 'facility_ID': 'ABRAND00741', 'equipment_group': 4, 'rate': 0.004425976643433833, 'lat': 52.13, 'lon': -114.74, 'status': 'repaired', 'days_active': 120, 'days_active_prog_start': 0, 'tagged': True, 'component': 'unknown', 'date_began': datetime.datetime(2020, 4, 29, 0, 0), 'date_tagged': datetime.datetime(2020, 8, 27, 0, 0), 'tagged_by_company': 'natural', 'tagged_by_crew': 1, 'init_detect_by': 'natural', 'init_detect_date': datetime.datetime(2020, 8, 27, 0, 0), 'requires_shutdown': False, 'date_repaired': datetime.datetime(2020, 8, 27, 0, 0), 'repair_delay': 0, 'OGI_sp_covered': 1}, {'leak_ID': 'ABRAND00741_0000000003', 'facility_ID': 'ABRAND00741', 'equipment_group': 5, 'rate': 0.03929982848625127, 'lat': 52.13, 'lon': -114.74, 'status': 'repaired', 'days_active': 18, 'days_active_prog_start': 0, 'tagged': True, 'component': 'unknown', 'date_began': datetime.datetime(2021, 10, 14, 0, 0), 'date_tagged': datetime.datetime(2021, 10, 16, 10, 30), 'tagged_by_company': 'OGI', 'tagged_by_crew': 2, 'init_detect_by': 'OGI', 'init_detect_date': datetime.datetime(2021, 10, 16, 10, 30), 'requires_shutdown': False, 'date_repaired': datetime.datetime(2021, 11, 1, 16, 0), 'repair_delay': 16, 'OGI_sp_covered': 1}]",[],0,False,,,,3,4,16,30,False,6,3,0,4,0.0,1404.7049360251908,0.87374749498998,0.97966307117741,0.7697013348083237
ABRAND00236,351,54.39,-118.53,5,6,2,2,2,120,1,30,20,120,1,lognorm,0.062287158377333125,[1.462],"['kilogram', 'hour']",<scipy.stats._distn_infrastructure.rv_frozen object at 0x000002073C01D1C8>,0,7,60,846.6581222429331,"[{'leak_ID': 'ABRAND00236_0000000006', 'facility_ID': 'ABRAND00236', 'equipment_group': 2, 'rate': 0.03412563382914279, 'lat': 54.39, 'lon': -118.53, 'status': 'active', 'days_active': 71, 'days_active_prog_start': 0, 'tagged': False, 'component': 'unknown', 'date_began': datetime.datetime(2021, 10, 20, 0, 0), 'date_tagged': None, 'tagged_by_company': None, 'tagged_by_crew': None, 'init_detect_by': None, 'init_detect_date': None, 'requires_shutdown': False, 'date_repaired': None, 'repair_delay': None, 'OGI_sp_covered': 1}]","[{'leak_ID': 'ABRAND00236_0000000000', 'facility_ID': 'ABRAND00236', 'equipment_group': 2, 'rate': 0.0007203299555134165, 'lat': 54.39, 'lon': -118.53, 'status': 'repaired', 'days_active': 120, 'days_active_prog_start': 0, 'tagged': True, 'component': 'unknown', 'date_began': datetime.datetime(2017, 3, 8, 0, 0), 'date_tagged': datetime.datetime(2017, 7, 6, 0, 0), 'tagged_by_company': 'natural', 'tagged_by_crew': 1, 'init_detect_by': 'natural', 'init_detect_date': datetime.datetime(2017, 7, 6, 0, 0), 'requires_shutdown': False, 'date_repaired': datetime.datetime(2017, 7, 6, 16, 0), 'repair_delay': 0, 'OGI_sp_covered': 1}, {'leak_ID': 'ABRAND00236_0000000001', 'facility_ID': 'ABRAND00236', 'equipment_group': 1, 'rate': 0.01388899426091517, 'lat': 54.39, 'lon': -118.53, 'status': 'repaired', 'days_active': 120, 'days_active_prog_start': 0, 'tagged': True, 'component': 'unknown', 'date_began': datetime.datetime(2017, 11, 18, 0, 0), 'date_tagged': datetime.datetime(2018, 3, 18, 0, 0), 'tagged_by_company': 'natural', 'tagged_by_crew': 1, 'init_detect_by': 'natural', 'init_detect_date': datetime.datetime(2018, 3, 18, 0, 0), 'requires_shutdown': False, 'date_repaired': datetime.datetime(2018, 3, 18, 16, 0), 'repair_delay': 0, 'OGI_sp_covered': 1}, {'leak_ID': 'ABRAND00236_0000000002', 'facility_ID': 'ABRAND00236', 'equipment_group': 1, 'rate': 0.0010872086397874453, 'lat': 54.39, 'lon': -118.53, 'status': 'repaired', 'days_active': 120, 'days_active_prog_start': 0, 'tagged': True, 'component': 'unknown', 'date_began': datetime.datetime(2018, 10, 30, 0, 0), 'date_tagged': datetime.datetime(2019, 2, 27, 0, 0), 'tagged_by_company': 'natural', 'tagged_by_crew': 1, 'init_detect_by': 'natural', 'init_detect_date': datetime.datetime(2019, 2, 27, 0, 0), 'requires_shutdown': False, 'date_repaired': datetime.datetime(2019, 2, 27, 0, 0), 'repair_delay': 0, 'OGI_sp_covered': 1}, {'leak_ID': 'ABRAND00236_0000000003', 'facility_ID': 'ABRAND00236', 'equipment_group': 1, 'rate': 0.0009539119213504651, 'lat': 54.39, 'lon': -118.53, 'status': 'repaired', 'days_active': 120, 'days_active_prog_start': 0, 'tagged': True, 'component': 'unknown', 'date_began': datetime.datetime(2019, 2, 6, 0, 0), 'date_tagged': datetime.datetime(2019, 6, 6, 0, 0), 'tagged_by_company': 'natural', 'tagged_by_crew': 1, 'init_detect_by': 'natural', 'init_detect_date': datetime.datetime(2019, 6, 6, 0, 0), 'requires_shutdown': False, 'date_repaired': datetime.datetime(2019, 6, 6, 16, 0), 'repair_delay': 0, 'OGI_sp_covered': 1}, {'leak_ID': 'ABRAND00236_0000000004', 'facility_ID': 'ABRAND00236', 'equipment_group': 5, 'rate': 0.040846489404513575, 'lat': 54.39, 'lon': -118.53, 'status': 'repaired', 'days_active': 49, 'days_active_prog_start': 0, 'tagged': True, 'component': 'unknown', 'date_began': datetime.datetime(2020, 3, 16, 0, 0), 'date_tagged': datetime.datetime(2020, 4, 18, 10, 30), 'tagged_by_company': 'OGI', 'tagged_by_crew': 3, 'init_detect_by': 'OGI', 'init_detect_date': datetime.datetime(2020, 4, 18, 10, 30), 'requires_shutdown': False, 'date_repaired': datetime.datetime(2020, 5, 4, 16, 0), 'repair_delay': 16, 'OGI_sp_covered': 1}, {'leak_ID': 'ABRAND00236_0000000005', 'facility_ID': 'ABRAND00236', 'equipment_group': 3, 'rate': 0.02814027055214904, 'lat': 54.39, 'lon': -118.53, 'status': 'repaired', 'days_active': 120, 'days_active_prog_start': 0, 'tagged': True, 'component': 'unknown', 'date_began': datetime.datetime(2020, 7, 20, 0, 0), 'date_tagged': datetime.datetime(2020, 11, 17, 0, 0), 'tagged_by_company': 'natural', 'tagged_by_crew': 1, 'init_detect_by': 'natural', 'init_detect_date': datetime.datetime(2020, 11, 17, 0, 0), 'requires_shutdown': False, 'date_repaired': datetime.datetime(2020, 11, 17, 16, 0), 'repair_delay': 0, 'OGI_sp_covered': 1}]",[],0,False,,,,2,4,16,30,False,6,11,1,6,209.34028816149356,637.3178340814395,0.875751503006012,0.9801984667590223,0.46392225876325105
ABRAND00283,361,54.11,-117.41,4,6,2,2,2,120,1,30,20,120,1,lognorm,0.062287158377333125,[1.462],"['kilogram', 'hour']",<scipy.stats._distn_infrastructure.rv_frozen object at 0x000002073C01D1C8>,1,4,60,1397.6465532147126,[],"[{'leak_ID': 'ABRAND00283_0000000001', 'facility_ID': 'ABRAND00283', 'equipment_group': 1, 'rate': 0.005431067016951027, 'lat': 54.11, 'lon': -117.41, 'status': 'repaired', 'days_active': 120, 'days_active_prog_start': 37, 'tagged': True, 'component': 'unknown', 'date_began': datetime.datetime(2016, 11, 25, 0, 0), 'date_tagged': datetime.datetime(2017, 3, 24, 0, 0), 'tagged_by_company': 'natural', 'tagged_by_crew': 1, 'init_detect_by': 'natural', 'init_detect_date': datetime.datetime(2017, 3, 24, 0, 0), 'requires_shutdown': False, 'date_repaired': datetime.datetime(2017, 3, 24, 16, 0), 'repair_delay': 0, 'OGI_sp_covered': 1}, {'leak_ID': 'ABRAND00283_0000000001', 'facility_ID': 'ABRAND00283', 'equipment_group': 4, 'rate': 0.038285526752855896, 'lat': 54.11, 'lon': -117.41, 'status': 'repaired', 'days_active': 105, 'days_active_prog_start': 0, 'tagged': True, 'component': 'unknown', 'date_began': datetime.datetime(2017, 7, 19, 0, 0), 'date_tagged': datetime.datetime(2017, 10, 16, 13, 0), 'tagged_by_company': 'OGI', 'tagged_by_crew': 1, 'init_detect_by': 'OGI', 'init_detect_date': datetime.datetime(2017, 10, 16, 13, 0), 'requires_shutdown': False, 'date_repaired': datetime.datetime(2017, 11, 1, 16, 0), 'repair_delay': 16, 'OGI_sp_covered': 1}, {'leak_ID': 'ABRAND00283_0000000002', 'facility_ID': 'ABRAND00283', 'equipment_group': 2, 'rate': 0.15799806446717965, 'lat': 54.11, 'lon': -117.41, 'status': 'repaired', 'days_active': 24, 'days_active_prog_start': 0, 'tagged': True, 'component': 'unknown', 'date_began': datetime.datetime(2018, 10, 8, 0, 0), 'date_tagged': datetime.datetime(2018, 10, 16, 13, 0), 'tagged_by_company': 'OGI', 'tagged_by_crew': 1, 'init_detect_by': 'OGI', 'init_detect_date': datetime.datetime(2018, 10, 16, 13, 0), 'requires_shutdown': False, 'date_repaired': datetime.datetime(2018, 11, 1, 16, 0), 'repair_delay': 16, 'OGI_sp_covered': 1}, {'leak_ID': 'ABRAND00283_0000000003', 'facility_ID': 'ABRAND00283', 'equipment_group': 1, 'rate': 0.06594793598010233, 'lat': 54.11, 'lon': -117.41, 'status': 'repaired', 'days_active': 120, 'days_active_prog_start': 0, 'tagged': True, 'component': 'unknown', 'date_began': datetime.datetime(2019, 12, 16, 0, 0), 'date_tagged': datetime.datetime(2020, 4, 14, 0, 0), 'tagged_by_company': 'natural', 'tagged_by_crew': 1, 'init_detect_by': 'natural', 'init_detect_date': datetime.datetime(2020, 4, 14, 0, 0), 'requires_shutdown': False, 'date_repaired': datetime.datetime(2020, 4, 14, 16, 0), 'repair_delay': 0, 'OGI_sp_covered': 0}]",[],1,False,,,,2,4,16,30,False,6,1,0,4,0.0,1397.6465532147126,0.8777555110220441,0.9807290584920809,0.7658337277888836
ABRAND00549,311,53.34,-115.54,5,6,2,2,2,120,1,30,20,120,1,lognorm,0.062287158377333125,[1.462],"['kilogram', 'hour']",<scipy.stats._distn_infrastructure.rv_frozen object at 0x000002073C01D1C8>,1,6,60,796.1864004674391,[],"[{'leak_ID': 'ABRAND00549_0000000001', 'facility_ID': 'ABRAND00549', 'equipment_group': 4, 'rate': 0.015580809090964225, 'lat': 53.34, 'lon': -115.54, 'status': 'repaired', 'days_active': 120, 'days_active_prog_start': 4, 'tagged': True, 'component': 'unknown', 'date_began': datetime.datetime(2016, 12, 28, 0, 0), 'date_tagged': datetime.datetime(2017, 4, 26, 0, 0), 'tagged_by_company': 'natural', 'tagged_by_crew': 1, 'init_detect_by': 'natural', 'init_detect_date': datetime.datetime(2017, 4, 26, 0, 0), 'requires_shutdown': False, 'date_repaired': datetime.datetime(2017, 4, 26, 13, 30), 'repair_delay': 0, 'OGI_sp_covered': 1}, {'leak_ID': 'ABRAND00549_0000000001', 'facility_ID': 'ABRAND00549', 'equipment_group': 5, 'rate': 0.0039615973184570314, 'lat': 53.34, 'lon': -115.54, 'status': 'repaired', 'days_active': 120, 'days_active_prog_start': 0, 'tagged': True, 'component': 'unknown', 'date_began': datetime.datetime(2017, 8, 1, 0, 0), 'date_tagged': datetime.datetime(2017, 11, 29, 0, 0), 'tagged_by_company': 'natural', 'tagged_by_crew': 1, 'init_detect_by': 'natural', 'init_detect_date': datetime.datetime(2017, 11, 29, 0, 0), 'requires_shutdown': False, 'date_repaired': datetime.datetime(2017, 11, 29, 16, 0), 'repair_delay': 0, 'OGI_sp_covered': 1}, {'leak_ID': 'ABRAND00549_0000000002', 'facility_ID': 'ABRAND00549', 'equipment_group': 3, 'rate': 0.02062568273987698, 'lat': 53.34, 'lon': -115.54, 'status': 'repaired', 'days_active': 120, 'days_active_prog_start': 0, 'tagged': True, 'component': 'unknown', 'date_began': datetime.datetime(2018, 12, 11, 0, 0), 'date_tagged': datetime.datetime(2019, 4, 10, 0, 0), 'tagged_by_company': 'natural', 'tagged_by_crew': 1, 'init_detect_by': 'natural', 'init_detect_date': datetime.datetime(2019, 4, 10, 0, 0), 'requires_shutdown': False, 'date_repaired': datetime.datetime(2019, 4, 10, 16, 0), 'repair_delay': 0, 'OGI_sp_covered': 1}, {'leak_ID': 'ABRAND00549_0000000003', 'facility_ID': 'ABRAND00549', 'equipment_group': 3, 'rate': 0.08567938031437393, 'lat': 53.34, 'lon': -115.54, 'status': 'repaired', 'days_active': 47, 'days_active_prog_start': 0, 'tagged': True, 'component': 'unknown', 'date_began': datetime.datetime(2021, 3, 19, 0, 0), 'date_tagged': datetime.datetime(2021, 4, 19, 13, 0), 'tagged_by_company': 'OGI', 'tagged_by_crew': 2, 'init_detect_by': 'OGI', 'init_detect_date': datetime.datetime(2021, 4, 19, 13, 0), 'requires_shutdown': False, 'date_repaired': datetime.datetime(2021, 5, 5, 16, 0), 'repair_delay': 16, 'OGI_sp_covered': 1}, {'leak_ID': 'ABRAND00549_0000000004', 'facility_ID': 'ABRAND00549', 'equipment_group': 2, 'rate': 0.0023110284329899626, 'lat': 53.34, 'lon': -115.54, 'status': 'repaired', 'days_active': 120, 'days_active_prog_start': 0, 'tagged': True, 'component': 'unknown', 'date_began': datetime.datetime(2021, 6, 2, 0, 0), 'date_tagged': datetime.datetime(2021, 9, 30, 0, 0), 'tagged_by_company': 'natural', 'tagged_by_crew': 1, 'init_detect_by': 'natural', 'init_detect_date': datetime.datetime(2021, 9, 30, 0, 0), 'requires_shutdown': False, 'date_repaired': datetime.datetime(2021, 9, 30, 16, 0), 'repair_delay': 0, 'OGI_sp_covered': 1}, {'leak_ID': 'ABRAND00549_0000000005', 'facility_ID': 'ABRAND00549', 'equipment_group': 2, 'rate': 0.0012751552291186932, 'lat': 53.34, 'lon': -115.54, 'status': 'repaired', 'days_active': 120, 'days_active_prog_start': 0, 'tagged': True, 'component': 'unknown', 'date_began': datetime.datetime(2021, 7, 5, 0, 0), 'date_tagged': datetime.datetime(2021, 11, 2, 0, 0), 'tagged_by_company': 'natural', 'tagged_by_crew': 1, 'init_detect_by': 'natural', 'init_detect_date': datetime.datetime(2021, 11, 2, 0, 0), 'requires_shutdown': False, 'date_repaired': datetime.datetime(2021, 11, 2, 16, 0), 'repair_delay': 0, 'OGI_sp_covered': 1}]",[],1,False,,,,2,4,16,30,False,6,9,0,6,0.0,796.1864004674391,0.8797595190380761,0.9812586043892869,0.4362665208040762
ABRAND00968,611,52.99,-114.09,5,6,2,2,2,120,1,30,20,120,1,lognorm,0.062287158377333125,[1.462],"['kilogram', 'hour']",<scipy.stats._distn_infrastructure.rv_frozen object at 0x000002073C01D1C8>,0,3,60,801.0391160880716,[],"[{'leak_ID': 'ABRAND00968_0000000000', 'facility_ID': 'ABRAND00968', 'equipment_group': 5, 'rate': 0.006249909338712735, 'lat': 52.99, 'lon': -114.09, 'status': 'repaired', 'days_active': 120, 'days_active_prog_start': 0, 'tagged': True, 'component': 'unknown', 'date_began': datetime.datetime(2017, 4, 5, 0, 0), 'date_tagged': datetime.datetime(2017, 8, 3, 0, 0), 'tagged_by_company': 'natural', 'tagged_by_crew': 1, 'init_detect_by': 'natural', 'init_detect_date': datetime.datetime(2017, 8, 3, 0, 0), 'requires_shutdown': False, 'date_repaired': datetime.datetime(2017, 8, 3, 16, 0), 'repair_delay': 0, 'OGI_sp_covered': 1}, {'leak_ID': 'ABRAND00968_0000000001', 'facility_ID': 'ABRAND00968', 'equipment_group': 5, 'rate': 0.09869558763524273, 'lat': 52.99, 'lon': -114.09, 'status': 'repaired', 'days_active': 59, 'days_active_prog_start': 0, 'tagged': True, 'component': 'unknown', 'date_began': datetime.datetime(2020, 5, 5, 0, 0), 'date_tagged': datetime.datetime(2020, 6, 17, 13, 0), 'tagged_by_company': 'OGI', 'tagged_by_crew': 3, 'init_detect_by': 'OGI', 'init_detect_date': datetime.datetime(2020, 6, 17, 13, 0), 'requires_shutdown': False, 'date_repaired': datetime.datetime(2020, 7, 3, 16, 0), 'repair_delay': 16, 'OGI_sp_covered': 1}, {'leak_ID': 'ABRAND00968_0000000002', 'facility_ID': 'ABRAND00968', 'equipment_group': 1, 'rate': 0.022485477289244268, 'lat': 52.99, 'lon': -114.09, 'status': 'repaired', 'days_active': 120, 'days_active_prog_start': 0, 'tagged': True, 'component': 'unknown', 'date_began': datetime.datetime(2020, 12, 20, 0, 0), 'date_tagged': datetime.datetime(2021, 4, 19, 0, 0), 'tagged_by_company': 'natural', 'tagged_by_crew': 1, 'init_detect_by': 'natural', 'init_detect_date': datetime.datetime(2021, 4, 19, 0, 0), 'requires_shutdown': False, 'date_repaired': datetime.datetime(2021, 4, 19, 16, 0), 'repair_delay': 0, 'OGI_sp_covered': 1}]",[],0,False,,,,2,4,16,30,False,6,4,0,3,0.0,801.0391160880716,0.8817635270541082,0.9817864592490008,0.4389255430619571
ABRAND01069,601,50.42,-112.61,2,6,2,2,2,120,1,30,20,120,1,lognorm,0.062287158377333125,[1.462],"['kilogram', 'hour']",<scipy.stats._distn_infrastructure.rv_frozen object at 0x000002073C01D1C8>,0,4,60,1479.0824331415065,[],"[{'leak_ID': 'ABRAND01069_0000000000', 'facility_ID': 'ABRAND01069', 'equipment_group': 1, 'rate': 0.12265631952975851, 'lat': 50.42, 'lon': -112.61, 'status': 'repaired', 'days_active': 69, 'days_active_prog_start': 0, 'tagged': True, 'component': 'unknown', 'date_began': datetime.datetime(2018, 12, 28, 0, 0), 'date_tagged': datetime.datetime(2019, 2, 19, 8, 0), 'tagged_by_company': 'OGI', 'tagged_by_crew': 1, 'init_detect_by': 'OGI', 'init_detect_date': datetime.datetime(2019, 2, 19, 8, 0), 'requires_shutdown': False, 'date_repaired': datetime.datetime(2019, 3, 7, 16, 0), 'repair_delay': 16, 'OGI_sp_covered': 1}, {'leak_ID': 'ABRAND01069_0000000001', 'facility_ID': 'ABRAND01069', 'equipment_group': 1, 'rate': 0.02909099411080208, 'lat': 50.42, 'lon': -112.61, 'status': 'repaired', 'days_active': 120, 'days_active_prog_start': 0, 'tagged': True, 'component': 'unknown', 'date_began': datetime.datetime(2019, 5, 27, 0, 0), 'date_tagged': datetime.datetime(2019, 9, 24, 0, 0), 'tagged_by_company': 'natural', 'tagged_by_crew': 1, 'init_detect_by': 'natural', 'init_detect_date': datetime.datetime(2019, 9, 24, 0, 0), 'requires_shutdown': False, 'date_repaired': datetime.datetime(2019, 9, 24, 16, 0), 'repair_delay': 0, 'OGI_sp_covered': 1}, {'leak_ID': 'ABRAND01069_0000000002', 'facility_ID': 'ABRAND01069', 'equipment_group': 1, 'rate': 0.08006762532699095, 'lat': 50.42, 'lon': -112.61, 'status': 'repaired', 'days_active': 28, 'days_active_prog_start': 0, 'tagged': True, 'component': 'unknown', 'date_began': datetime.datetime(2020, 6, 6, 0, 0), 'date_tagged': datetime.datetime(2020, 6, 18, 8, 0), 'tagged_by_company': 'OGI', 'tagged_by_crew': 1, 'init_detect_by': 'OGI', 'init_detect_date': datetime.datetime(2020, 6, 18, 8, 0), 'requires_shutdown': False, 'date_repaired': datetime.datetime(2020, 7, 4, 16, 0), 'repair_delay': 16, 'OGI_sp_covered': 1}, {'leak_ID': 'ABRAND01069_0000000003', 'facility_ID': 'ABRAND01069', 'equipment_group': 2, 'rate': 0.024357589940301492, 'lat': 50.42, 'lon': -112.61, 'status': 'repaired', 'days_active': 120, 'days_active_prog_start': 0, 'tagged': True, 'component': 'unknown', 'date_began': datetime.datetime(2020, 7, 9, 0, 0), 'date_tagged': datetime.datetime(2020, 11, 6, 0, 0), 'tagged_by_company': 'natural', 'tagged_by_crew': 1, 'init_detect_by': 'natural', 'init_detect_date': datetime.datetime(2020, 11, 6, 0, 0), 'requires_shutdown': False, 'date_repaired': datetime.datetime(2020, 11, 6, 16, 0), 'repair_delay': 0, 'OGI_sp_covered': 1}]",[],0,False,,,,3,4,15,30,False,6,2,0,4,0.0,1479.0824331415065,0.8837675350701403,0.9823110481706757,0.8104561277487707
ABRAND00379,361,54.04,-116.04,1,6,2,2,2,120,1,30,20,120,1,lognorm,0.062287158377333125,[1.462],"['kilogram', 'hour']",<scipy.stats._distn_infrastructure.rv_frozen object at 0x000002073C01D1C8>,1,4,60,518.2183761278159,[],"[{'leak_ID': 'ABRAND00379_0000000001', 'facility_ID': 'ABRAND00379', 'equipment_group': 1, 'rate': 0.0007521384090776527, 'lat': 54.04, 'lon': -116.04, 'status': 'repaired', 'days_active': 120, 'days_active_prog_start': 114, 'tagged': True, 'component': 'unknown', 'date_began': datetime.datetime(2016, 9, 9, 0, 0), 'date_tagged': datetime.datetime(2017, 1, 6, 0, 0), 'tagged_by_company': 'natural', 'tagged_by_crew': 1, 'init_detect_by': 'natural', 'init_detect_date': datetime.datetime(2017, 1, 6, 0, 0), 'requires_shutdown': False, 'date_repaired': datetime.datetime(2017, 1, 6, 16, 0), 'repair_delay': 0}, {'leak_ID': 'ABRAND00379_0000000001', 'facility_ID': 'ABRAND00379', 'equipment_group': 1, 'rate': 0.007560539997044177, 'lat': 54.04, 'lon': -116.04, 'status': 'repaired', 'days_active': 120, 'days_active_prog_start': 0, 'tagged': True, 'component': 'unknown', 'date_began': datetime.datetime(2019, 6, 30, 0, 0), 'date_tagged': datetime.datetime(2019, 10, 28, 0, 0), 'tagged_by_company': 'natural', 'tagged_by_crew': 1, 'init_detect_by': 'natural', 'init_detect_date': datetime.datetime(2019, 10, 28, 0, 0), 'requires_shutdown': False, 'date_repaired': datetime.datetime(2019, 10, 28, 0, 0), 'repair_delay': 0, 'OGI_sp_covered': 1}, {'leak_ID': 'ABRAND00379_0000000002', 'facility_ID': 'ABRAND00379', 'equipment_group': 1, 'rate': 0.07303316442425747, 'lat': 54.04, 'lon': -116.04, 'status': 'repaired', 'days_active': 37, 'days_active_prog_start': 0, 'tagged': True, 'component': 'unknown', 'date_began': datetime.datetime(2020, 1, 29, 0, 0), 'date_tagged': datetime.datetime(2020, 2, 19, 8, 0), 'tagged_by_company': 'OGI', 'tagged_by_crew': 2, 'init_detect_by': 'OGI', 'init_detect_date': datetime.datetime(2020, 2, 19, 8, 0), 'requires_shutdown': False, 'date_repaired': datetime.datetime(2020, 3, 6, 16, 0), 'repair_delay': 16, 'OGI_sp_covered': 1}, {'leak_ID': 'ABRAND00379_0000000003', 'facility_ID': 'ABRAND00379', 'equipment_group': 1, 'rate': 0.01986577631710356, 'lat': 54.04, 'lon': -116.04, 'status': 'repaired', 'days_active': 120, 'days_active_prog_start': 0, 'tagged': True, 'component': 'unknown', 'date_began': datetime.datetime(2021, 1, 6, 0, 0), 'date_tagged': datetime.datetime(2021, 5, 6, 0, 0), 'tagged_by_company': 'natural', 'tagged_by_crew': 1, 'init_detect_by': 'natural', 'init_detect_date': datetime.datetime(2021, 5, 6, 0, 0), 'requires_shutdown': False, 'date_repaired': datetime.datetime(2021, 5, 6, 16, 0), 'repair_delay': 0, 'OGI_sp_covered': 1}]",[],1,False,,,,2,4,15,30,False,6,4,0,4,0.0,518.2183761278159,0.8857715430861723,0.9828312255877764,0.28395527459058406
ABRAND00433,361,53.68,-115.9,1,6,2,2,2,120,1,30,20,120,1,lognorm,0.062287158377333125,[1.462],"['kilogram', 'hour']",<scipy.stats._distn_infrastructure.rv_frozen object at 0x000002073C01D1C8>,0,2,60,251.58844857294886,[],"[{'leak_ID': 'ABRAND00433_0000000000', 'facility_ID': 'ABRAND00433', 'equipment_group': 1, 'rate': 0.003852992763261814, 'lat': 53.68, 'lon': -115.9, 'status': 'repaired', 'days_active': 120, 'days_active_prog_start': 0, 'tagged': True, 'component': 'unknown', 'date_began': datetime.datetime(2017, 9, 12, 0, 0), 'date_tagged': datetime.datetime(2018, 1, 10, 0, 0), 'tagged_by_company': 'natural', 'tagged_by_crew': 1, 'init_detect_by': 'natural', 'init_detect_date': datetime.datetime(2018, 1, 10, 0, 0), 'requires_shutdown': False, 'date_repaired': datetime.datetime(2018, 1, 10, 16, 0), 'repair_delay': 0, 'OGI_sp_covered': 0}, {'leak_ID': 'ABRAND00433_0000000001', 'facility_ID': 'ABRAND00433', 'equipment_group': 1, 'rate': 0.020412868403110566, 'lat': 53.68, 'lon': -115.9, 'status': 'repaired', 'days_active': 120, 'days_active_prog_start': 0, 'tagged': True, 'component': 'unknown', 'date_began': datetime.datetime(2018, 12, 20, 0, 0), 'date_tagged': datetime.datetime(2019, 4, 19, 0, 0), 'tagged_by_company': 'natural', 'tagged_by_crew': 1, 'init_detect_by': 'natural', 'init_detect_date': datetime.datetime(2019, 4, 19, 0, 0), 'requires_shutdown': False, 'date_repaired': datetime.datetime(2019, 4, 19, 16, 0), 'repair_delay': 0, 'OGI_sp_covered': 1}]",[],0,False,,,,2,4,15,30,False,6,2,0,2,0.0,251.58844857294886,0.8877755511022044,0.9833501131881516,0.137856684149561
ABRAND01147,503,54.93,-110.57,5,6,2,2,2,120,1,30,20,120,1,lognorm,0.062287158377333125,[1.462],"['kilogram', 'hour']",<scipy.stats._distn_infrastructure.rv_frozen object at 0x000002073C01D1C8>,0,5,60,1060.9524115425893,"[{'leak_ID': 'ABRAND01147_0000000004', 'facility_ID': 'ABRAND01147', 'equipment_group': 1, 'rate': 0.027599279358856078, 'lat': 54.93, 'lon': -110.57, 'status': 'active', 'days_active': 54, 'days_active_prog_start': 0, 'tagged': False, 'component': 'unknown', 'date_began': datetime.datetime(2021, 11, 6, 0, 0), 'date_tagged': None, 'tagged_by_company': None, 'tagged_by_crew': None, 'init_detect_by': None, 'init_detect_date': None, 'requires_shutdown': False, 'date_repaired': None, 'repair_delay': None, 'OGI_sp_covered': 1}]","[{'leak_ID': 'ABRAND01147_0000000000', 'facility_ID': 'ABRAND01147', 'equipment_group': 4, 'rate': 0.0066121595404366644, 'lat': 54.93, 'lon': -110.57, 'status': 'repaired', 'days_active': 120, 'days_active_prog_start': 0, 'tagged': True, 'component': 'unknown', 'date_began': datetime.datetime(2019, 2, 8, 0, 0), 'date_tagged': datetime.datetime(2019, 6, 8, 0, 0), 'tagged_by_company': 'natural', 'tagged_by_crew': 1, 'init_detect_by': 'natural', 'init_detect_date': datetime.datetime(2019, 6, 8, 0, 0), 'requires_shutdown': False, 'date_repaired': datetime.datetime(2019, 6, 8, 16, 0), 'repair_delay': 0, 'OGI_sp_covered': 1}, {'leak_ID': 'ABRAND01147_0000000001', 'facility_ID': 'ABRAND01147', 'equipment_group': 3, 'rate': 0.06767089216818073, 'lat': 54.93, 'lon': -110.57, 'status': 'repaired', 'days_active': 77, 'days_active_prog_start': 0, 'tagged': True, 'component': 'unknown', 'date_began': datetime.datetime(2019, 12, 20, 0, 0), 'date_tagged': datetime.datetime(2020, 2, 19, 10, 30), 'tagged_by_company': 'OGI', 'tagged_by_crew': 1, 'init_detect_by': 'OGI', 'init_detect_date': datetime.datetime(2020, 2, 19, 10, 30), 'requires_shutdown': False, 'date_repaired': datetime.datetime(2020, 3, 6, 16, 0), 'repair_delay': 16, 'OGI_sp_covered': 1}, {'leak_ID': 'ABRAND01147_0000000002', 'facility_ID': 'ABRAND01147', 'equipment_group': 5, 'rate': 0.010360997461845841, 'lat': 54.93, 'lon': -110.57, 'status': 'repaired', 'days_active': 120, 'days_active_prog_start': 0, 'tagged': True, 'component': 'unknown', 'date_began': datetime.datetime(2020, 6, 4, 0, 0), 'date_tagged': datetime.datetime(2020, 10, 2, 0, 0), 'tagged_by_company': 'natural', 'tagged_by_crew': 1, 'init_detect_by': 'natural', 'init_detect_date': datetime.datetime(2020, 10, 2, 0, 0), 'requires_shutdown': False, 'date_repaired': datetime.datetime(2020, 10, 2, 16, 0), 'repair_delay': 0, 'OGI_sp_covered': 1}, {'leak_ID': 'ABRAND01147_0000000003', 'facility_ID': 'ABRAND01147', 'equipment_group': 1, 'rate': 0.029514526480495015, 'lat': 54.93, 'lon': -110.57, 'status': 'repaired', 'days_active': 120, 'days_active_prog_start': 0, 'tagged': True, 'component': 'unknown', 'date_began': datetime.datetime(2020, 12, 13, 0, 0), 'date_tagged': datetime.datetime(2021, 4, 12, 0, 0), 'tagged_by_company': 'natural', 'tagged_by_crew': 1, 'init_detect_by': 'natural', 'init_detect_date': datetime.datetime(2021, 4, 12, 0, 0), 'requires_shutdown': False, 'date_repaired': datetime.datetime(2021, 4, 12, 16, 0), 'repair_delay': 0, 'OGI_sp_covered': 1}]",[],0,False,,,,2,4,15,30,False,6,7,1,4,128.76719777667893,932.1852137659102,0.8897795591182365,0.9838599968732217,0.5813437871466243
ABRAND00252,601,53.78,-117.83,3,6,2,2,2,120,1,30,20,120,1,lognorm,0.062287158377333125,[1.462],"['kilogram', 'hour']",<scipy.stats._distn_infrastructure.rv_frozen object at 0x000002073C01D1C8>,1,4,60,634.3550509519687,[],"[{'leak_ID': 'ABRAND00252_0000000001', 'facility_ID': 'ABRAND00252', 'equipment_group': 3, 'rate': 0.020359296394323472, 'lat': 53.78, 'lon': -117.83, 'status': 'repaired', 'days_active': 120, 'days_active_prog_start': 44, 'tagged': True, 'component': 'unknown', 'date_began': datetime.datetime(2016, 11, 18, 0, 0), 'date_tagged': datetime.datetime(2017, 3, 17, 0, 0), 'tagged_by_company': 'natural', 'tagged_by_crew': 1, 'init_detect_by': 'natural', 'init_detect_date': datetime.datetime(2017, 3, 17, 0, 0), 'requires_shutdown': False, 'date_repaired': datetime.datetime(2017, 3, 17, 16, 0), 'repair_delay': 0, 'OGI_sp_covered': 1}, {'leak_ID': 'ABRAND00252_0000000001', 'facility_ID': 'ABRAND00252', 'equipment_group': 1, 'rate': 0.01740316168205507, 'lat': 53.78, 'lon': -117.83, 'status': 'repaired', 'days_active': 120, 'days_active_prog_start': 0, 'tagged': True, 'component': 'unknown', 'date_began': datetime.datetime(2017, 9, 7, 0, 0), 'date_tagged': datetime.datetime(2018, 1, 5, 0, 0), 'tagged_by_company': 'natural', 'tagged_by_crew': 1, 'init_detect_by': 'natural', 'init_detect_date': datetime.datetime(2018, 1, 5, 0, 0), 'requires_shutdown': False, 'date_repaired': datetime.datetime(2018, 1, 5, 16, 0), 'repair_delay': 0, 'OGI_sp_covered': 0}, {'leak_ID': 'ABRAND00252_0000000002', 'facility_ID': 'ABRAND00252', 'equipment_group': 3, 'rate': 0.014525866013640696, 'lat': 53.78, 'lon': -117.83, 'status': 'repaired', 'days_active': 120, 'days_active_prog_start': 0, 'tagged': True, 'component': 'unknown', 'date_began': datetime.datetime(2020, 2, 20, 0, 0), 'date_tagged': datetime.datetime(2020, 6, 19, 0, 0), 'tagged_by_company': 'natural', 'tagged_by_crew': 1, 'init_detect_by': 'natural', 'init_detect_date': datetime.datetime(2020, 6, 19, 0, 0), 'requires_shutdown': False, 'date_repaired': datetime.datetime(2020, 6, 19, 16, 0), 'repair_delay': 0, 'OGI_sp_covered': 1}, {'leak_ID': 'ABRAND00252_0000000003', 'facility_ID': 'ABRAND00252', 'equipment_group': 1, 'rate': 0.016360687496075357, 'lat': 53.78, 'lon': -117.83, 'status': 'repaired', 'days_active': 120, 'days_active_prog_start': 0, 'tagged': True, 'component': 'unknown', 'date_began': datetime.datetime(2020, 8, 14, 0, 0), 'date_tagged': datetime.datetime(2020, 12, 12, 0, 0), 'tagged_by_company': 'natural', 'tagged_by_crew': 1, 'init_detect_by': 'natural', 'init_detect_date': datetime.datetime(2020, 12, 12, 0, 0), 'requires_shutdown': False, 'date_repaired': datetime.datetime(2020, 12, 12, 16, 0), 'repair_delay': 0, 'OGI_sp_covered': 1}]",[],1,False,,,,2,4,15,30,False,6,6,0,4,0.0,634.3550509519687,0.8917835671342685,0.9843628744659938,0.34759180874080475
ABRAND00466,601,52.72,-115.82,5,6,2,2,2,120,1,30,20,120,1,lognorm,0.062287158377333125,[1.462],"['kilogram', 'hour']",<scipy.stats._distn_infrastructure.rv_frozen object at 0x000002073C01D1C8>,1,4,60,847.7909520751167,[],"[{'leak_ID': 'ABRAND00466_0000000001', 'facility_ID': 'ABRAND00466', 'equipment_group': 2, 'rate': 0.07611590824961238, 'lat': 52.72, 'lon': -115.82, 'status': 'repaired', 'days_active': 120, 'days_active_prog_start': 75, 'tagged': True, 'component': 'unknown', 'date_began': datetime.datetime(2016, 10, 18, 0, 0), 'date_tagged': datetime.datetime(2017, 2, 14, 0, 0), 'tagged_by_company': 'natural', 'tagged_by_crew': 1, 'init_detect_by': 'natural', 'init_detect_date': datetime.datetime(2017, 2, 14, 0, 0), 'requires_shutdown': False, 'date_repaired': datetime.datetime(2017, 2, 14, 16, 0), 'repair_delay': 0}, {'leak_ID': 'ABRAND00466_0000000001', 'facility_ID': 'ABRAND00466', 'equipment_group': 2, 'rate': 0.015272182361370195, 'lat': 52.72, 'lon': -115.82, 'status': 'repaired', 'days_active': 120, 'days_active_prog_start': 0, 'tagged': True, 'component': 'unknown', 'date_began': datetime.datetime(2018, 2, 11, 0, 0), 'date_tagged': datetime.datetime(2018, 6, 11, 0, 0), 'tagged_by_company': 'natural', 'tagged_by_crew': 1, 'init_detect_by': 'natural', 'init_detect_date': datetime.datetime(2018, 6, 11, 0, 0), 'requires_shutdown': False, 'date_repaired': datetime.datetime(2018, 6, 11, 16, 0), 'repair_delay': 0, 'OGI_sp_covered': 1}, {'leak_ID': 'ABRAND00466_0000000002', 'facility_ID': 'ABRAND00466', 'equipment_group': 1, 'rate': 0.028161451979407004, 'lat': 52.72, 'lon': -115.82, 'status': 'repaired', 'days_active': 120, 'days_active_prog_start': 0, 'tagged': True, 'component': 'unknown', 'date_began': datetime.datetime(2018, 11, 10, 0, 0), 'date_tagged': datetime.datetime(2019, 3, 10, 0, 0), 'tagged_by_company': 'natural', 'tagged_by_crew': 1, 'init_detect_by': 'natural', 'init_detect_date': datetime.datetime(2019, 3, 10, 0, 0), 'requires_shutdown': False, 'date_repaired': datetime.datetime(2019, 3, 10, 16, 0), 'repair_delay': 0, 'OGI_sp_covered': 1}, {'leak_ID': 'ABRAND00466_0000000003', 'facility_ID': 'ABRAND00466', 'equipment_group': 5, 'rate': 0.009792860721011352, 'lat': 52.72, 'lon': -115.82, 'status': 'repaired', 'days_active': 120, 'days_active_prog_start': 0, 'tagged': True, 'component': 'unknown', 'date_began': datetime.datetime(2020, 1, 1, 0, 0), 'date_tagged': datetime.datetime(2020, 4, 30, 0, 0), 'tagged_by_company': 'natural', 'tagged_by_crew': 1, 'init_detect_by': 'natural', 'init_detect_date': datetime.datetime(2020, 4, 30, 0, 0), 'requires_shutdown': False, 'date_repaired': datetime.datetime(2020, 4, 30, 0, 0), 'repair_delay': 0, 'OGI_sp_covered': 1}]",[],1,False,,,,3,4,15,30,False,6,5,0,4,0.0,847.7909520751167,0.8937875751503006,0.9848655972930384,0.4645429874384201
ABRAND00368,311,52.98,-116.08,3,6,2,2,2,120,1,30,20,120,1,lognorm,0.062287158377333125,[1.462],"['kilogram', 'hour']",<scipy.stats._distn_infrastructure.rv_frozen object at 0x000002073C01D1C8>,1,10,60,1944.456368161928,"[{'leak_ID': 'ABRAND00368_0000000008', 'facility_ID': 'ABRAND00368', 'equipment_group': 3, 'rate': 0.05609233800788457, 'lat': 52.98, 'lon': -116.08, 'status': 'active', 'days_active': 61, 'days_active_prog_start': 0, 'tagged': True, 'component': 'unknown', 'date_began': datetime.datetime(2021, 10, 30, 0, 0), 'date_tagged': datetime.datetime(2021, 12, 16, 13, 0), 'tagged_by_company': 'OGI', 'tagged_by_crew': 1, 'init_detect_by': 'OGI', 'init_detect_date': datetime.datetime(2021, 12, 16, 13, 0), 'requires_shutdown': False, 'date_repaired': None, 'repair_delay': None, 'OGI_sp_covered': 1}, {'leak_ID': 'ABRAND00368_0000000009', 'facility_ID': 'ABRAND00368', 'equipment_group': 3, 'rate': 0.04131511207812333, 'lat': 52.98, 'lon': -116.08, 'status': 'active', 'days_active': 42, 'days_active_prog_start': 0, 'tagged': True, 'component': 'unknown', 'date_began': datetime.datetime(2021, 11, 18, 0, 0), 'date_tagged': datetime.datetime(2021, 12, 16, 13, 0), 'tagged_by_company': 'OGI', 'tagged_by_crew': 1, 'init_detect_by': 'OGI', 'init_detect_date': datetime.datetime(2021, 12, 16, 13, 0), 'requires_shutdown': False, 'date_repaired': None, 'repair_delay': None, 'OGI_sp_covered': 1}]","[{'leak_ID': 'ABRAND00368_0000000001', 'facility_ID': 'ABRAND00368', 'equipment_group': 3, 'rate': 0.012175594859857083, 'lat': 52.98, 'lon': -116.08, 'status': 'repaired', 'days_active': 120, 'days_active_prog_start': 63, 'tagged': True, 'component': 'unknown', 'date_began': datetime.datetime(2016, 10, 30, 0, 0), 'date_tagged': datetime.datetime(2017, 2, 26, 0, 0), 'tagged_by_company': 'natural', 'tagged_by_crew': 1, 'init_detect_by': 'natural', 'init_detect_date': datetime.datetime(2017, 2, 26, 0, 0), 'requires_shutdown': False, 'date_repaired': datetime.datetime(2017, 2, 26, 0, 0), 'repair_delay': 0, 'OGI_sp_covered': 1}, {'leak_ID': 'ABRAND00368_0000000001', 'facility_ID': 'ABRAND00368', 'equipment_group': 2, 'rate': 0.0112410385390979, 'lat': 52.98, 'lon': -116.08, 'status': 'repaired', 'days_active': 120, 'days_active_prog_start': 0, 'tagged': True, 'component': 'unknown', 'date_began': datetime.datetime(2017, 1, 23, 0, 0), 'date_tagged': datetime.datetime(2017, 5, 23, 0, 0), 'tagged_by_company': 'natural', 'tagged_by_crew': 1, 'init_detect_by': 'natural', 'init_detect_date': datetime.datetime(2017, 5, 23, 0, 0), 'requires_shutdown': False, 'date_repaired': datetime.datetime(2017, 5, 23, 16, 0), 'repair_delay': 0, 'OGI_sp_covered': 1}, {'leak_ID': 'ABRAND00368_0000000002', 'facility_ID': 'ABRAND00368', 'equipment_group': 2, 'rate': 0.005433438566615665, 'lat': 52.98, 'lon': -116.08, 'status': 'repaired', 'days_active': 120, 'days_active_prog_start': 0, 'tagged': True, 'component': 'unknown', 'date_began': datetime.datetime(2017, 9, 11, 0, 0), 'date_tagged': datetime.datetime(2018, 1, 9, 0, 0), 'tagged_by_company': 'natural', 'tagged_by_crew': 1, 'init_detect_by': 'natural', 'init_detect_date': datetime.datetime(2018, 1, 9, 0, 0), 'requires_shutdown': False, 'date_repaired': datetime.datetime(2018, 1, 9, 16, 0), 'repair_delay': 0, 'OGI_sp_covered': 1}, {'leak_ID': 'ABRAND00368_0000000003', 'facility_ID': 'ABRAND00368', 'equipment_group': 2, 'rate': 0.002664370300461913, 'lat': 52.98, 'lon': -116.08, 'status': 'repaired', 'days_active': 120, 'days_active_prog_start': 0, 'tagged': True, 'component': 'unknown', 'date_began': datetime.datetime(2018, 7, 2, 0, 0), 'date_tagged': datetime.datetime(2018, 10, 30, 0, 0), 'tagged_by_company': 'natural', 'tagged_by_crew': 1, 'init_detect_by': 'natural', 'init_detect_date': datetime.datetime(2018, 10, 30, 0, 0), 'requires_shutdown': False, 'date_repaired': datetime.datetime(2018, 10, 30, 16, 0), 'repair_delay': 0, 'OGI_sp_covered': 1}, {'leak_ID': 'ABRAND00368_0000000004', 'facility_ID': 'ABRAND00368', 'equipment_group': 2, 'rate': 0.005623408168698963, 'lat': 52.98, 'lon': -116.08, 'status': 'repaired', 'days_active': 120, 'days_active_prog_start': 0, 'tagged': True, 'component': 'unknown', 'date_began': datetime.datetime(2018, 8, 21, 0, 0), 'date_tagged': datetime.datetime(2018, 12, 19, 0, 0), 'tagged_by_company': 'natural', 'tagged_by_crew': 1, 'init_detect_by': 'natural', 'init_detect_date': datetime.datetime(2018, 12, 19, 0, 0), 'requires_shutdown': False, 'date_repaired': datetime.datetime(2018, 12, 19, 16, 0), 'repair_delay': 0, 'OGI_sp_covered': 1}, {'leak_ID': 'ABRAND00368_0000000005', 'facility_ID': 'ABRAND00368', 'equipment_group': 2, 'rate': 0.15515674134499083, 'lat': 52.98, 'lon': -116.08, 'status': 'repaired', 'days_active': 63, 'days_active_prog_start': 0, 'tagged': True, 'component': 'unknown', 'date_began': datetime.datetime(2019, 1, 3, 0, 0), 'date_tagged': datetime.datetime(2019, 2, 19, 13, 0), 'tagged_by_company': 'OGI', 'tagged_by_crew': 1, 'init_detect_by': 'OGI', 'init_detect_date': datetime.datetime(2019, 2, 19, 13, 0), 'requires_shutdown': False, 'date_repaired': datetime.datetime(2019, 3, 7, 16, 0), 'repair_delay': 16, 'OGI_sp_covered': 1}, {'leak_ID': 'ABRAND00368_0000000006', 'facility_ID': 'ABRAND00368', 'equipment_group': 2, 'rate': 0.008813840941449588, 'lat': 52.98, 'lon': -116.08, 'status': 'repaired', 'days_active': 120, 'days_active_prog_start': 0, 'tagged': True, 'component': 'unknown', 'date_began': datetime.datetime(2019, 3, 25, 0, 0), 'date_tagged': datetime.datetime(2019, 7, 23, 0, 0), 'tagged_by_company': 'natural', 'tagged_by_crew': 1, 'init_detect_by': 'natural', 'init_detect_date': datetime.datetime(2019, 7, 23, 0, 0), 'requires_shutdown': False, 'date_repaired': datetime.datetime(2019, 7, 23, 16, 0), 'repair_delay': 0, 'OGI_sp_covered': 0}, {'leak_ID': 'ABRAND00368_0000000007', 'facility_ID': 'ABRAND00368', 'equipment_group': 3, 'rate': 0.023553329328699194, 'lat': 52.98, 'lon': -116.08, 'status': 'repaired', 'days_active': 120, 'days_active_prog_start': 0, 'tagged': True, 'component': 'unknown', 'date_began': datetime.datetime(2020, 6, 6, 0, 0), 'date_tagged': datetime.datetime(2020, 10, 4, 0, 0), 'tagged_by_company': 'natural', 'tagged_by_crew': 1, 'init_detect_by': 'natural', 'init_detect_date': datetime.datetime(2020, 10, 4, 0, 0), 'requires_shutdown': False, 'date_repaired': datetime.datetime(2020, 10, 4, 16, 0), 'repair_delay': 0, 'OGI_sp_covered': 1}]",[],1,False,,,,2,4,15,30,False,6,11,2,8,445.55333694584886,1498.9030312160792,0.8957915831663327,0.9853665235241078,1.0654555441983167
ABRAND00049,621,54.88,-119.71,3,6,2,2,2,120,1,30,20,120,1,lognorm,0.062287158377333125,[1.462],"['kilogram', 'hour']",<scipy.stats._distn_infrastructure.rv_frozen object at 0x000002073C01D1C8>,0,5,60,1246.9935207459032,[],"[{'leak_ID': 'ABRAND00049_0000000000', 'facility_ID': 'ABRAND00049', 'equipment_group': 3, 'rate': 0.22185608824002992, 'lat': 54.88, 'lon': -119.71, 'status': 'repaired', 'days_active': 31, 'days_active_prog_start': 0, 'tagged': True, 'component': 'unknown', 'date_began': datetime.datetime(2017, 4, 5, 0, 0), 'date_tagged': datetime.datetime(2017, 4, 20, 13, 0), 'tagged_by_company': 'OGI', 'tagged_by_crew': 2, 'init_detect_by': 'OGI', 'init_detect_date': datetime.datetime(2017, 4, 20, 13, 0), 'requires_shutdown': False, 'date_repaired': datetime.datetime(2017, 5, 6, 16, 0), 'repair_delay': 16, 'OGI_sp_covered': 1}, {'leak_ID': 'ABRAND00049_0000000001', 'facility_ID': 'ABRAND00049', 'equipment_group': 3, 'rate': 0.026489487265210835, 'lat': 54.88, 'lon': -119.71, 'status': 'repaired', 'days_active': 120, 'days_active_prog_start': 0, 'tagged': True, 'component': 'unknown', 'date_began': datetime.datetime(2019, 2, 25, 0, 0), 'date_tagged': datetime.datetime(2019, 6, 25, 0, 0), 'tagged_by_company': 'natural', 'tagged_by_crew': 1, 'init_detect_by': 'natural', 'init_detect_date': datetime.datetime(2019, 6, 25, 0, 0), 'requires_shutdown': False, 'date_repaired': datetime.datetime(2019, 6, 25, 16, 0), 'repair_delay': 0, 'OGI_sp_covered': 0}, {'leak_ID': 'ABRAND00049_0000000002', 'facility_ID': 'ABRAND00049', 'equipment_group': 3, 'rate': 0.0059439604450201465, 'lat': 54.88, 'lon': -119.71, 'status': 'repaired', 'days_active': 120, 'days_active_prog_start': 0, 'tagged': True, 'component': 'unknown', 'date_began': datetime.datetime(2019, 4, 19, 0, 0), 'date_tagged': datetime.datetime(2019, 8, 17, 0, 0), 'tagged_by_company': 'natural', 'tagged_by_crew': 1, 'init_detect_by': 'natural', 'init_detect_date': datetime.datetime(2019, 8, 17, 0, 0), 'requires_shutdown': False, 'date_repaired': datetime.datetime(2019, 8, 17, 16, 0), 'repair_delay': 0, 'OGI_sp_covered': 1}, {'leak_ID': 'ABRAND00049_0000000003', 'facility_ID': 'ABRAND00049', 'equipment_group': 3, 'rate': 0.019953767078037147, 'lat': 54.88, 'lon': -119.71, 'status': 'repaired', 'days_active': 120, 'days_active_prog_start': 0, 'tagged': True, 'component': 'unknown', 'date_began': datetime.datetime(2019, 5, 28, 0, 0), 'date_tagged': datetime.datetime(2019, 9, 25, 0, 0), 'tagged_by_company': 'natural', 'tagged_by_crew': 1, 'init_detect_by': 'natural', 'init_detect_date': datetime.datetime(2019, 9, 25, 0, 0), 'requires_shutdown': False, 'date_repaired': datetime.datetime(2019, 9, 25, 16, 0), 'repair_delay': 0, 'OGI_sp_covered': 1}, {'leak_ID': 'ABRAND00049_0000000004', 'facility_ID': 'ABRAND00049', 'equipment_group': 2, 'rate': 0.010573257241420072, 'lat': 54.88, 'lon': -119.71, 'status': 'repaired', 'days_active': 120, 'days_active_prog_start': 0, 'tagged': True, 'component': 'unknown', 'date_began': datetime.datetime(2021, 4, 28, 0, 0), 'date_tagged': datetime.datetime(2021, 8, 26, 0, 0), 'tagged_by_company': 'natural', 'tagged_by_crew': 1, 'init_detect_by': 'natural', 'init_detect_date': datetime.datetime(2021, 8, 26, 0, 0), 'requires_shutdown': False, 'date_repaired': datetime.datetime(2021, 8, 26, 0, 0), 'repair_delay': 0, 'OGI_sp_covered': 1}]",[],0,False,,,,2,4,15,30,False,6,7,0,5,0.0,1246.9935207459032,0.8977955911823647,0.9858575522594598,0.6832841209566592
ABRAND00332,601,53.12,-116.24,3,6,2,2,2,120,1,30,20,120,1,lognorm,0.062287158377333125,[1.462],"['kilogram', 'hour']",<scipy.stats._distn_infrastructure.rv_frozen object at 0x000002073C01D1C8>,1,11,60,1877.8694733884565,[],"[{'leak_ID': 'ABRAND00332_0000000001', 'facility_ID': 'ABRAND00332', 'equipment_group': 3, 'rate': 0.007669771776638329, 'lat': 53.12, 'lon': -116.24, 'status': 'repaired', 'days_active': 120, 'days_active_prog_start': 33, 'tagged': True, 'component': 'unknown', 'date_began': datetime.datetime(2016, 11, 29, 0, 0), 'date_tagged': datetime.datetime(2017, 3, 28, 0, 0), 'tagged_by_company': 'natural', 'tagged_by_crew': 1, 'init_detect_by': 'natural', 'init_detect_date': datetime.datetime(2017, 3, 28, 0, 0), 'requires_shutdown': False, 'date_repaired': datetime.datetime(2017, 3, 28, 16, 0), 'repair_delay': 0, 'OGI_sp_covered': 1}, {'leak_ID': 'ABRAND00332_0000000001', 'facility_ID': 'ABRAND00332', 'equipment_group': 1, 'rate': 0.02737371496689982, 'lat': 53.12, 'lon': -116.24, 'status': 'repaired', 'days_active': 120, 'days_active_prog_start': 0, 'tagged': True, 'component': 'unknown', 'date_began': datetime.datetime(2017, 3, 16, 0, 0), 'date_tagged': datetime.datetime(2017, 7, 14, 0, 0), 'tagged_by_company': 'natural', 'tagged_by_crew': 1, 'init_detect_by': 'natural', 'init_detect_date': datetime.datetime(2017, 7, 14, 0, 0), 'requires_shutdown': False, 'date_repaired': datetime.datetime(2017, 7, 14, 16, 0), 'repair_delay': 0, 'OGI_sp_covered': 1}, {'leak_ID': 'ABRAND00332_0000000002', 'facility_ID': 'ABRAND00332', 'equipment_group': 2, 'rate': 0.000994488602766144, 'lat': 53.12, 'lon': -116.24, 'status': 'repaired', 'days_active': 120, 'days_active_prog_start': 0, 'tagged': True, 'component': 'unknown', 'date_began': datetime.datetime(2017, 4, 27, 0, 0), 'date_tagged': datetime.datetime(2017, 8, 25, 0, 0), 'tagged_by_company': 'natural', 'tagged_by_crew': 1, 'init_detect_by': 'natural', 'init_detect_date': datetime.datetime(2017, 8, 25, 0, 0), 'requires_shutdown': False, 'date_repaired': datetime.datetime(2017, 8, 25, 0, 0), 'repair_delay': 0, 'OGI_sp_covered': 1}, {'leak_ID': 'ABRAND00332_0000000003', 'facility_ID': 'ABRAND00332', 'equipment_group': 2, 'rate': 0.010278559920225151, 'lat': 53.12, 'lon': -116.24, 'status': 'repaired', 'days_active': 120, 'days_active_prog_start': 0, 'tagged': True, 'component': 'unknown', 'date_began': datetime.datetime(2017, 10, 22, 0, 0), 'date_tagged': datetime.datetime(2018, 2, 19, 0, 0), 'tagged_by_company': 'natural', 'tagged_by_crew': 1, 'init_detect_by': 'natural', 'init_detect_date': datetime.datetime(2018, 2, 19, 0, 0), 'requires_shutdown': False, 'date_repaired': datetime.datetime(2018, 2, 19, 16, 0), 'repair_delay': 0, 'OGI_sp_covered': 1}, {'leak_ID': 'ABRAND00332_0000000004', 'facility_ID': 'ABRAND00332', 'equipment_group': 3, 'rate': 0.007328777117194226, 'lat': 53.12, 'lon': -116.24, 'status': 'repaired', 'days_active': 120, 'days_active_prog_start': 0, 'tagged': True, 'component': 'unknown', 'date_began': datetime.datetime(2018, 2, 20, 0, 0), 'date_tagged': datetime.datetime(2018, 6, 20, 0, 0), 'tagged_by_company': 'natural', 'tagged_by_crew': 1, 'init_detect_by': 'natural', 'init_detect_date': datetime.datetime(2018, 6, 20, 0, 0), 'requires_shutdown': False, 'date_repaired': datetime.datetime(2018, 6, 20, 16, 0), 'repair_delay': 0, 'OGI_sp_covered': 1}, {'leak_ID': 'ABRAND00332_0000000005', 'facility_ID': 'ABRAND00332', 'equipment_group': 1, 'rate': 0.05116786191818129, 'lat': 53.12, 'lon': -116.24, 'status': 'repaired', 'days_active': 31, 'days_active_prog_start': 0, 'tagged': True, 'component': 'unknown', 'date_began': datetime.datetime(2018, 6, 4, 0, 0), 'date_tagged': datetime.datetime(2018, 6, 19, 13, 0), 'tagged_by_company': 'OGI', 'tagged_by_crew': 3, 'init_detect_by': 'OGI', 'init_detect_date': datetime.datetime(2018, 6, 19, 13, 0), 'requires_shutdown': False, 'date_repaired': datetime.datetime(2018, 7, 5, 16, 0), 'repair_delay': 16, 'OGI_sp_covered': 1}, {'leak_ID': 'ABRAND00332_0000000006', 'facility_ID': 'ABRAND00332', 'equipment_group': 2, 'rate': 0.034832963826552786, 'lat': 53.12, 'lon': -116.24, 'status': 'repaired', 'days_active': 120, 'days_active_prog_start': 0, 'tagged': True, 'component': 'unknown', 'date_began': datetime.datetime(2018, 9, 17, 0, 0), 'date_tagged': datetime.datetime(2019, 1, 15, 0, 0), 'tagged_by_company': 'natural', 'tagged_by_crew': 1, 'init_detect_by': 'natural', 'init_detect_date': datetime.datetime(2019, 1, 15, 0, 0), 'requires_shutdown': False, 'date_repaired': datetime.datetime(2019, 1, 15, 16, 0), 'repair_delay': 0, 'OGI_sp_covered': 1}, {'leak_ID': 'ABRAND00332_0000000007', 'facility_ID': 'ABRAND00332', 'equipment_group': 3, 'rate': 0.031099207820896934, 'lat': 53.12, 'lon': -116.24, 'status': 'repaired', 'days_active': 120, 'days_active_prog_start': 0, 'tagged': True, 'component': 'unknown', 'date_began': datetime.datetime(2019, 2, 23, 0, 0), 'date_tagged': datetime.datetime(2019, 6, 23, 0, 0), 'tagged_by_company': 'natural', 'tagged_by_crew': 1, 'init_detect_by': 'natural', 'init_detect_date': datetime.datetime(2019, 6, 23, 0, 0), 'requires_shutdown': False, 'date_repaired': datetime.datetime(2019, 6, 23, 16, 0), 'repair_delay': 0, 'OGI_sp_covered': 1}, {'leak_ID': 'ABRAND00332_0000000008', 'facility_ID': 'ABRAND00332', 'equipment_group': 2, 'rate': 0.005678176299719477, 'lat': 53.12, 'lon': -116.24, 'status': 'repaired', 'days_active': 120, 'days_active_prog_start': 0, 'tagged': True, 'component': 'unknown', 'date_began': datetime.datetime(2019, 3, 17, 0, 0), 'date_tagged': datetime.datetime(2019, 7, 15, 0, 0), 'tagged_by_company': 'natural', 'tagged_by_crew': 1, 'init_detect_by': 'natural', 'init_detect_date': datetime.datetime(2019, 7, 15, 0, 0), 'requires_shutdown': False, 'date_repaired': datetime.datetime(2019, 7, 15, 16, 0), 'repair_delay': 0, 'OGI_sp_covered': 1}, {'leak_ID': 'ABRAND00332_0000000009', 'facility_ID': 'ABRAND00332', 'equipment_group': 2, 'rate': 0.013848331562626463, 'lat': 53.12, 'lon': -116.24, 'status': 'repaired', 'days_active': 120, 'days_active_prog_start': 0, 'tagged': True, 'component': 'unknown', 'date_began': datetime.datetime(2020, 2, 20, 0, 0), 'date_tagged': datetime.datetime(2020, 6, 19, 0, 0), 'tagged_by_company': 'natural', 'tagged_by_crew': 1, 'init_detect_by': 'natural', 'init_detect_date': datetime.datetime(2020, 6, 19, 0, 0), 'requires_shutdown': False, 'date_repaired': datetime.datetime(2020, 6, 19, 16, 0), 'repair_delay': 0, 'OGI_sp_covered': 1}, {'leak_ID': 'ABRAND00332_0000000010', 'facility_ID': 'ABRAND00332', 'equipment_group': 3, 'rate': 0.0618170018063932, 'lat': 53.12, 'lon': -116.24, 'status': 'repaired', 'days_active': 60, 'days_active_prog_start': 0, 'tagged': True, 'component': 'unknown', 'date_began': datetime.datetime(2021, 1, 6, 0, 0), 'date_tagged': datetime.datetime(2021, 2, 19, 13, 0), 'tagged_by_company': 'OGI', 'tagged_by_crew': 3, 'init_detect_by': 'OGI', 'init_detect_date': datetime.datetime(2021, 2, 19, 13, 0), 'requires_shutdown': False, 'date_repaired': datetime.datetime(2021, 3, 7, 16, 0), 'repair_delay': 16, 'OGI_sp_covered': 1}]",[],1,False,,,,2,4,15,30,False,6,16,0,11,0.0,1877.8694733884565,0.8997995991983968,0.9863360708695765,1.0289695744594283
ABRAND00816,402,52.36,-114.45,2,6,2,2,2,120,1,30,20,120,1,lognorm,0.062287158377333125,[1.462],"['kilogram', 'hour']",<scipy.stats._distn_infrastructure.rv_frozen object at 0x000002073C01D1C8>,0,3,60,1236.8895285463425,[],"[{'leak_ID': 'ABRAND00816_0000000000', 'facility_ID': 'ABRAND00816', 'equipment_group': 1, 'rate': 0.023604942141106245, 'lat': 52.36, 'lon': -114.45, 'status': 'repaired', 'days_active': 120, 'days_active_prog_start': 0, 'tagged': True, 'component': 'unknown', 'date_began': datetime.datetime(2017, 11, 26, 0, 0), 'date_tagged': datetime.datetime(2018, 3, 26, 0, 0), 'tagged_by_company': 'natural', 'tagged_by_crew': 1, 'init_detect_by': 'natural', 'init_detect_date': datetime.datetime(2018, 3, 26, 0, 0), 'requires_shutdown': False, 'date_repaired': datetime.datetime(2018, 3, 26, 16, 0), 'repair_delay': 0, 'OGI_sp_covered': 1}, {'leak_ID': 'ABRAND00816_0000000001', 'facility_ID': 'ABRAND00816', 'equipment_group': 1, 'rate': 0.17213717461144803, 'lat': 52.36, 'lon': -114.45, 'status': 'repaired', 'days_active': 62, 'days_active_prog_start': 0, 'tagged': True, 'component': 'unknown', 'date_began': datetime.datetime(2019, 5, 5, 0, 0), 'date_tagged': datetime.datetime(2019, 6, 20, 8, 0), 'tagged_by_company': 'OGI', 'tagged_by_crew': 1, 'init_detect_by': 'OGI', 'init_detect_date': datetime.datetime(2019, 6, 20, 8, 0), 'requires_shutdown': False, 'date_repaired': datetime.datetime(2019, 7, 6, 16, 0), 'repair_delay': 16, 'OGI_sp_covered': 1}, {'leak_ID': 'ABRAND00816_0000000002', 'facility_ID': 'ABRAND00816', 'equipment_group': 1, 'rate': 0.006756276183328311, 'lat': 52.36, 'lon': -114.45, 'status': 'repaired', 'days_active': 120, 'days_active_prog_start': 0, 'tagged': True, 'component': 'unknown', 'date_began': datetime.datetime(2021, 5, 17, 0, 0), 'date_tagged': datetime.datetime(2021, 9, 14, 0, 0), 'tagged_by_company': 'natural', 'tagged_by_crew': 1, 'init_detect_by': 'natural', 'init_detect_date': datetime.datetime(2021, 9, 14, 0, 0), 'requires_shutdown': False, 'date_repaired': datetime.datetime(2021, 9, 14, 16, 0), 'repair_delay': 0, 'OGI_sp_covered': 0}]",[],0,False,,,,3,4,14,30,False,6,2,0,3,0.0,1236.8895285463425,0.9018036072144289,0.9868083158395573,0.6777476868747082
ABRAND00192,322,54.49,-118.81,1,6,2,2,2,120,1,30,20,120,1,lognorm,0.062287158377333125,[1.462],"['kilogram', 'hour']",<scipy.stats._distn_infrastructure.rv_frozen object at 0x000002073C01D1C8>,0,4,60,1025.0036497154738,[],"[{'leak_ID': 'ABRAND00192_0000000000', 'facility_ID': 'ABRAND00192', 'equipment_group': 1, 'rate': 0.05002675527011929, 'lat': 54.49, 'lon': -118.81, 'status': 'repaired', 'days_active': 19, 'days_active_prog_start': 0, 'tagged': True, 'component': 'unknown', 'date_began': datetime.datetime(2021, 2, 17, 0, 0), 'date_tagged': datetime.datetime(2021, 2, 20, 8, 0), 'tagged_by_company': 'OGI', 'tagged_by_crew': 2, 'init_detect_by': 'OGI', 'init_detect_date': datetime.datetime(2021, 2, 20, 8, 0), 'requires_shutdown': False, 'date_repaired': datetime.datetime(2021, 3, 8, 16, 0), 'repair_delay': 16, 'OGI_sp_covered': 1}, {'leak_ID': 'ABRAND00192_0000000001', 'facility_ID': 'ABRAND00192', 'equipment_group': 1, 'rate': 0.04600632902176034, 'lat': 54.49, 'lon': -118.81, 'status': 'repaired', 'days_active': 66, 'days_active_prog_start': 0, 'tagged': True, 'component': 'unknown', 'date_began': datetime.datetime(2021, 3, 2, 0, 0), 'date_tagged': datetime.datetime(2021, 4, 21, 8, 0), 'tagged_by_company': 'OGI', 'tagged_by_crew': 2, 'init_detect_by': 'OGI', 'init_detect_date': datetime.datetime(2021, 4, 21, 8, 0), 'requires_shutdown': False, 'date_repaired': datetime.datetime(2021, 5, 7, 16, 0), 'repair_delay': 16, 'OGI_sp_covered': 1}, {'leak_ID': 'ABRAND00192_0000000002', 'facility_ID': 'ABRAND00192', 'equipment_group': 1, 'rate': 0.11728256113852997, 'lat': 54.49, 'lon': -118.81, 'status': 'repaired', 'days_active': 64, 'days_active_prog_start': 0, 'tagged': True, 'component': 'unknown', 'date_began': datetime.datetime(2021, 3, 4, 0, 0), 'date_tagged': datetime.datetime(2021, 4, 21, 8, 0), 'tagged_by_company': 'OGI', 'tagged_by_crew': 2, 'init_detect_by': 'OGI', 'init_detect_date': datetime.datetime(2021, 4, 21, 8, 0), 'requires_shutdown': False, 'date_repaired': datetime.datetime(2021, 5, 7, 16, 0), 'repair_delay': 16, 'OGI_sp_covered': 1}, {'leak_ID': 'ABRAND00192_0000000003', 'facility_ID': 'ABRAND00192', 'equipment_group': 1, 'rate': 0.0030871515797400283, 'lat': 54.49, 'lon': -118.81, 'status': 'repaired', 'days_active': 120, 'days_active_prog_start': 0, 'tagged': True, 'component': 'unknown', 'date_began': datetime.datetime(2021, 5, 5, 0, 0), 'date_tagged': datetime.datetime(2021, 9, 2, 0, 0), 'tagged_by_company': 'natural', 'tagged_by_crew': 1, 'init_detect_by': 'natural', 'init_detect_date': datetime.datetime(2021, 9, 2, 0, 0), 'requires_shutdown': False, 'date_repaired': datetime.datetime(2021, 9, 2, 16, 0), 'repair_delay': 0, 'OGI_sp_covered': 1}]",[],0,False,,,,2,4,14,30,False,6,2,0,4,0.0,1025.0036497154738,0.9038076152304609,0.9872796296724388,0.5616458354605336
ABRAND00928,351,52.72,-114.19,2,6,2,2,2,120,1,30,20,120,1,lognorm,0.062287158377333125,[1.462],"['kilogram', 'hour']",<scipy.stats._distn_infrastructure.rv_frozen object at 0x000002073C01D1C8>,0,0,60,0.0,[],[],[],0,False,,,,3,4,14,30,False,6,0,0,0,0.0,0.0,0.905811623246493,0.9877438489146397,0.0
ABRAND00244,361,54.12,-118.13,3,6,2,2,2,120,1,30,20,120,1,lognorm,0.062287158377333125,[1.462],"['kilogram', 'hour']",<scipy.stats._distn_infrastructure.rv_frozen object at 0x000002073C01D1C8>,2,7,60,907.0512977057799,"[{'leak_ID': 'ABRAND00244_0000000006', 'facility_ID': 'ABRAND00244', 'equipment_group': 1, 'rate': 0.06105428447975932, 'lat': 54.12, 'lon': -118.13, 'status': 'active', 'days_active': 46, 'days_active_prog_start': 0, 'tagged': True, 'component': 'unknown', 'date_began': datetime.datetime(2021, 11, 14, 0, 0), 'date_tagged': datetime.datetime(2021, 12, 17, 10, 30), 'tagged_by_company': 'OGI', 'tagged_by_crew': 1, 'init_detect_by': 'OGI', 'init_detect_date': datetime.datetime(2021, 12, 17, 10, 30), 'requires_shutdown': False, 'date_repaired': None, 'repair_delay': None, 'OGI_sp_covered': 1}]","[{'leak_ID': 'ABRAND00244_0000000002', 'facility_ID': 'ABRAND00244', 'equipment_group': 3, 'rate': 0.0039036405328817057, 'lat': 54.12, 'lon': -118.13, 'status': 'repaired', 'days_active': 120, 'days_active_prog_start': 73, 'tagged': True, 'component': 'unknown', 'date_began': datetime.datetime(2016, 10, 20, 0, 0), 'date_tagged': datetime.datetime(2017, 2, 16, 0, 0), 'tagged_by_company': 'natural', 'tagged_by_crew': 1, 'init_detect_by': 'natural', 'init_detect_date': datetime.datetime(2017, 2, 16, 0, 0), 'requires_shutdown': False, 'date_repaired': datetime.datetime(2017, 2, 16, 16, 0), 'repair_delay': 0}, {'leak_ID': 'ABRAND00244_0000000001', 'facility_ID': 'ABRAND00244', 'equipment_group': 3, 'rate': 0.003159629529290171, 'lat': 54.12, 'lon': -118.13, 'status': 'repaired', 'days_active': 120, 'days_active_prog_start': 48, 'tagged': True, 'component': 'unknown', 'date_began': datetime.datetime(2016, 11, 14, 0, 0), 'date_tagged': datetime.datetime(2017, 3, 13, 0, 0), 'tagged_by_company': 'natural', 'tagged_by_crew': 1, 'init_detect_by': 'natural', 'init_detect_date': datetime.datetime(2017, 3, 13, 0, 0), 'requires_shutdown': False, 'date_repaired': datetime.datetime(2017, 3, 13, 16, 0), 'repair_delay': 0, 'OGI_sp_covered': 1}, {'leak_ID': 'ABRAND00244_0000000002', 'facility_ID': 'ABRAND00244', 'equipment_group': 2, 'rate': 0.03927141794445248, 'lat': 54.12, 'lon': -118.13, 'status': 'repaired', 'days_active': 25, 'days_active_prog_start': 0, 'tagged': True, 'component': 'unknown', 'date_began': datetime.datetime(2018, 6, 11, 0, 0), 'date_tagged': datetime.datetime(2018, 6, 20, 10, 30), 'tagged_by_company': 'OGI', 'tagged_by_crew': 1, 'init_detect_by': 'OGI', 'init_detect_date': datetime.datetime(2018, 6, 20, 10, 30), 'requires_shutdown': False, 'date_repaired': datetime.datetime(2018, 7, 6, 16, 0), 'repair_delay': 16, 'OGI_sp_covered': 1}, {'leak_ID': 'ABRAND00244_0000000003', 'facility_ID': 'ABRAND00244', 'equipment_group': 3, 'rate': 0.08261702179882496, 'lat': 54.12, 'lon': -118.13, 'status': 'repaired', 'days_active': 42, 'days_active_prog_start': 0, 'tagged': True, 'component': 'unknown', 'date_began': datetime.datetime(2019, 7, 24, 0, 0), 'date_tagged': datetime.datetime(2019, 8, 19, 10, 30), 'tagged_by_company': 'OGI', 'tagged_by_crew': 1, 'init_detect_by': 'OGI', 'init_detect_date': datetime.datetime(2019, 8, 19, 10, 30), 'requires_shutdown': False, 'date_repaired': datetime.datetime(2019, 9, 4, 16, 0), 'repair_delay': 16, 'OGI_sp_covered': 1}, {'leak_ID': 'ABRAND00244_0000000004', 'facility_ID': 'ABRAND00244', 'equipment_group': 1, 'rate': 0.01596481346028531, 'lat': 54.12, 'lon': -118.13, 'status': 'repaired', 'days_active': 120, 'days_active_prog_start': 0, 'tagged': True, 'component': 'unknown', 'date_began': datetime.datetime(2020, 1, 13, 0, 0), 'date_tagged': datetime.datetime(2020, 5, 12, 0, 0), 'tagged_by_company': 'natural', 'tagged_by_crew': 1, 'init_detect_by': 'natural', 'init_detect_date': datetime.datetime(2020, 5, 12, 0, 0), 'requires_shutdown': False, 'date_repaired': datetime.datetime(2020, 5, 12, 16, 0), 'repair_delay': 0, 'OGI_sp_covered': 1}, {'leak_ID': 'ABRAND00244_0000000005', 'facility_ID': 'ABRAND00244', 'equipment_group': 2, 'rate': 0.007594495100102107, 'lat': 54.12, 'lon': -118.13, 'status': 'repaired', 'days_active': 120, 'days_active_prog_start': 0, 'tagged': True, 'component': 'unknown', 'date_began': datetime.datetime(2021, 3, 22, 0, 0), 'date_tagged': datetime.datetime(2021, 7, 20, 0, 0), 'tagged_by_company': 'natural', 'tagged_by_crew': 1, 'init_detect_by': 'natural', 'init_detect_date': datetime.datetime(2021, 7, 20, 0, 0), 'requires_shutdown': False, 'date_repaired': datetime.datetime(2021, 7, 20, 16, 0), 'repair_delay': 0, 'OGI_sp_covered': 1}]",[],2,False,,,,2,4,14,30,False,6,4,1,6,242.65414823635547,664.3971494694244,0.9078156312625251,0.9881983160985347,0.4970144097017972
ABRAND00040,601,55.03,-119.79,5,6,2,2,2,120,1,30,20,120,1,lognorm,0.062287158377333125,[1.462],"['kilogram', 'hour']",<scipy.stats._distn_infrastructure.rv_frozen object at 0x000002073C01D1C8>,1,6,60,2208.54915670387,[],"[{'leak_ID': 'ABRAND00040_0000000001', 'facility_ID': 'ABRAND00040', 'equipment_group': 4, 'rate': 0.003190575495999365, 'lat': 55.03, 'lon': -119.79, 'status': 'repaired', 'days_active': 120, 'days_active_prog_start': 53, 'tagged': True, 'component': 'unknown', 'date_began': datetime.datetime(2016, 11, 9, 0, 0), 'date_tagged': datetime.datetime(2017, 3, 8, 0, 0), 'tagged_by_company': 'natural', 'tagged_by_crew': 1, 'init_detect_by': 'natural', 'init_detect_date': datetime.datetime(2017, 3, 8, 0, 0), 'requires_shutdown': False, 'date_repaired': datetime.datetime(2017, 3, 8, 16, 0), 'repair_delay': 0, 'OGI_sp_covered': 0}, {'leak_ID': 'ABRAND00040_0000000001', 'facility_ID': 'ABRAND00040', 'equipment_group': 5, 'rate': 0.018484850000905658, 'lat': 55.03, 'lon': -119.79, 'status': 'repaired', 'days_active': 120, 'days_active_prog_start': 0, 'tagged': True, 'component': 'unknown', 'date_began': datetime.datetime(2017, 2, 25, 0, 0), 'date_tagged': datetime.datetime(2017, 6, 25, 0, 0), 'tagged_by_company': 'natural', 'tagged_by_crew': 1, 'init_detect_by': 'natural', 'init_detect_date': datetime.datetime(2017, 6, 25, 0, 0), 'requires_shutdown': False, 'date_repaired': datetime.datetime(2017, 6, 25, 13, 30), 'repair_delay': 0, 'OGI_sp_covered': 1}, {'leak_ID': 'ABRAND00040_0000000002', 'facility_ID': 'ABRAND00040', 'equipment_group': 2, 'rate': 0.10432675268770722, 'lat': 55.03, 'lon': -119.79, 'status': 'repaired', 'days_active': 48, 'days_active_prog_start': 0, 'tagged': True, 'component': 'unknown', 'date_began': datetime.datetime(2018, 3, 20, 0, 0), 'date_tagged': datetime.datetime(2018, 4, 21, 10, 30), 'tagged_by_company': 'OGI', 'tagged_by_crew': 2, 'init_detect_by': 'OGI', 'init_detect_date': datetime.datetime(2018, 4, 21, 10, 30), 'requires_shutdown': False, 'date_repaired': datetime.datetime(2018, 5, 7, 16, 0), 'repair_delay': 16, 'OGI_sp_covered': 1}, {'leak_ID': 'ABRAND00040_0000000003', 'facility_ID': 'ABRAND00040', 'equipment_group': 3, 'rate': 0.06583718648917004, 'lat': 55.03, 'lon': -119.79, 'status': 'repaired', 'days_active': 54, 'days_active_prog_start': 0, 'tagged': True, 'component': 'unknown', 'date_began': datetime.datetime(2018, 9, 10, 0, 0), 'date_tagged': datetime.datetime(2018, 10, 18, 10, 30), 'tagged_by_company': 'OGI', 'tagged_by_crew': 2, 'init_detect_by': 'OGI', 'init_detect_date': datetime.datetime(2018, 10, 18, 10, 30), 'requires_shutdown': False, 'date_repaired': datetime.datetime(2018, 11, 3, 16, 0), 'repair_delay': 16, 'OGI_sp_covered': 1}, {'leak_ID': 'ABRAND00040_0000000004', 'facility_ID': 'ABRAND00040', 'equipment_group': 5, 'rate': 0.01767055130902891, 'lat': 55.03, 'lon': -119.79, 'status': 'repaired', 'days_active': 120, 'days_active_prog_start': 0, 'tagged': True, 'component': 'unknown', 'date_began': datetime.datetime(2020, 6, 24, 0, 0), 'date_tagged': datetime.datetime(2020, 10, 22, 0, 0), 'tagged_by_company': 'natural', 'tagged_by_crew': 1, 'init_detect_by': 'natural', 'init_detect_date': datetime.datetime(2020, 10, 22, 0, 0), 'requires_shutdown': False, 'date_repaired': datetime.datetime(2020, 10, 22, 16, 0), 'repair_delay': 0, 'OGI_sp_covered': 1}, {'leak_ID': 'ABRAND00040_0000000005', 'facility_ID': 'ABRAND00040', 'equipment_group': 1, 'rate': 0.19756512096944734, 'lat': 55.03, 'lon': -119.79, 'status': 'repaired', 'days_active': 63, 'days_active_prog_start': 0, 'tagged': True, 'component': 'unknown', 'date_began': datetime.datetime(2021, 5, 4, 0, 0), 'date_tagged': datetime.datetime(2021, 6, 20, 10, 30), 'tagged_by_company': 'OGI', 'tagged_by_crew': 2, 'init_detect_by': 'OGI', 'init_detect_date': datetime.datetime(2021, 6, 20, 10, 30), 'requires_shutdown': False, 'date_repaired': datetime.datetime(2021, 7, 6, 16, 0), 'repair_delay': 16, 'OGI_sp_covered': 1}]",[],1,False,,,,2,4,14,30,False,6,3,0,6,0.0,2208.54915670387,0.9098196392785571,0.9886518413494291,1.2101639214815725
ABRAND00011,601,57.57,-119.91,5,6,2,2,2,120,1,30,20,120,1,lognorm,0.062287158377333125,[1.462],"['kilogram', 'hour']",<scipy.stats._distn_infrastructure.rv_frozen object at 0x000002073C01D1C8>,0,8,60,914.0053688525052,"[{'leak_ID': 'ABRAND00011_0000000007', 'facility_ID': 'ABRAND00011', 'equipment_group': 3, 'rate': 0.00459909302971179, 'lat': 57.57, 'lon': -119.91, 'status': 'active', 'days_active': 104, 'days_active_prog_start': 0, 'tagged': False, 'component': 'unknown', 'date_began': datetime.datetime(2021, 9, 17, 0, 0), 'date_tagged': None, 'tagged_by_company': None, 'tagged_by_crew': None, 'init_detect_by': None, 'init_detect_date': None, 'requires_shutdown': False, 'date_repaired': None, 'repair_delay': None, 'OGI_sp_covered': 0}]","[{'leak_ID': 'ABRAND00011_0000000000', 'facility_ID': 'ABRAND00011', 'equipment_group': 1, 'rate': 0.001735858680126154, 'lat': 57.57, 'lon': -119.91, 'status': 'repaired', 'days_active': 120, 'days_active_prog_start': 0, 'tagged': True, 'component': 'unknown', 'date_began': datetime.datetime(2017, 1, 30, 0, 0), 'date_tagged': datetime.datetime(2017, 5, 30, 0, 0), 'tagged_by_company': 'natural', 'tagged_by_crew': 1, 'init_detect_by': 'natural', 'init_detect_date': datetime.datetime(2017, 5, 30, 0, 0), 'requires_shutdown': False, 'date_repaired': datetime.datetime(2017, 5, 30, 16, 0), 'repair_delay': 0, 'OGI_sp_covered': 1}, {'leak_ID': 'ABRAND00011_0000000001', 'facility_ID': 'ABRAND00011', 'equipment_group': 4, 'rate': 0.04673673121912428, 'lat': 57.57, 'lon': -119.91, 'status': 'repaired', 'days_active': 108, 'days_active_prog_start': 0, 'tagged': True, 'component': 'unknown', 'date_began': datetime.datetime(2017, 5, 19, 0, 0), 'date_tagged': datetime.datetime(2017, 8, 19, 10, 30), 'tagged_by_company': 'OGI', 'tagged_by_crew': 3, 'init_detect_by': 'OGI', 'init_detect_date': datetime.datetime(2017, 8, 19, 10, 30), 'requires_shutdown': False, 'date_repaired': datetime.datetime(2017, 9, 4, 16, 0), 'repair_delay': 16, 'OGI_sp_covered': 1}, {'leak_ID': 'ABRAND00011_0000000002', 'facility_ID': 'ABRAND00011', 'equipment_group': 1, 'rate': 0.00926713403996083, 'lat': 57.57, 'lon': -119.91, 'status': 'repaired', 'days_active': 120, 'days_active_prog_start': 0, 'tagged': True, 'component': 'unknown', 'date_began': datetime.datetime(2017, 8, 7, 0, 0), 'date_tagged': datetime.datetime(2017, 12, 5, 0, 0), 'tagged_by_company': 'natural', 'tagged_by_crew': 1, 'init_detect_by': 'natural', 'init_detect_date': datetime.datetime(2017, 12, 5, 0, 0), 'requires_shutdown': False, 'date_repaired': datetime.datetime(2017, 12, 5, 16, 0), 'repair_delay': 0, 'OGI_sp_covered': 1}, {'leak_ID': 'ABRAND00011_0000000003', 'facility_ID': 'ABRAND00011', 'equipment_group': 2, 'rate': 0.014438016919450996, 'lat': 57.57, 'lon': -119.91, 'status': 'repaired', 'days_active': 120, 'days_active_prog_start': 0, 'tagged': True, 'component': 'unknown', 'date_began': datetime.datetime(2018, 3, 24, 0, 0), 'date_tagged': datetime.datetime(2018, 7, 22, 0, 0), 'tagged_by_company': 'natural', 'tagged_by_crew': 1, 'init_detect_by': 'natural', 'init_detect_date': datetime.datetime(2018, 7, 22, 0, 0), 'requires_shutdown': False, 'date_repaired': datetime.datetime(2018, 7, 22, 16, 0), 'repair_delay': 0, 'OGI_sp_covered': 1}, {'leak_ID': 'ABRAND00011_0000000004', 'facility_ID': 'ABRAND00011', 'equipment_group': 3, 'rate': 0.009156580020506932, 'lat': 57.57, 'lon': -119.91, 'status': 'repaired', 'days_active': 120, 'days_active_prog_start': 0, 'tagged': True, 'component': 'unknown', 'date_began': datetime.datetime(2018, 4, 7, 0, 0), 'date_tagged': datetime.datetime(2018, 8, 5, 0, 0), 'tagged_by_company': 'natural', 'tagged_by_crew': 1, 'init_detect_by': 'natural', 'init_detect_date': datetime.datetime(2018, 8, 5, 0, 0), 'requires_shutdown': False, 'date_repaired': datetime.datetime(2018, 8, 5, 16, 0), 'repair_delay': 0, 'OGI_sp_covered': 1}, {'leak_ID': 'ABRAND00011_0000000005', 'facility_ID': 'ABRAND00011', 'equipment_group': 5, 'rate': 0.006964223094803222, 'lat': 57.57, 'lon': -119.91, 'status': 'repaired', 'days_active': 120, 'days_active_prog_start': 0, 'tagged': True, 'component': 'unknown', 'date_began': datetime.datetime(2020, 12, 21, 0, 0), 'date_tagged': datetime.datetime(2021, 4, 20, 0, 0), 'tagged_by_company': 'natural', 'tagged_by_crew': 1, 'init_detect_by': 'natural', 'init_detect_date': datetime.datetime(2021, 4, 20, 0, 0), 'requires_shutdown': False, 'date_repaired': datetime.datetime(2021, 4, 20, 16, 0), 'repair_delay': 0, 'OGI_sp_covered': 1}, {'leak_ID': 'ABRAND00011_0000000006', 'facility_ID': 'ABRAND00011', 'equipment_group': 1, 'rate': 0.0005456305488588755, 'lat': 57.57, 'lon': -119.91, 'status': 'repaired', 'days_active': 120, 'days_active_prog_start': 0, 'tagged': True, 'component': 'unknown', 'date_began': datetime.datetime(2021, 3, 17, 0, 0), 'date_tagged': datetime.datetime(2021, 7, 15, 0, 0), 'tagged_by_company': 'natural', 'tagged_by_crew': 1, 'init_detect_by': 'natural', 'init_detect_date': datetime.datetime(2021, 7, 15, 0, 0), 'requires_shutdown': False, 'date_repaired': datetime.datetime(2021, 7, 15, 16, 0), 'repair_delay': 0, 'OGI_sp_covered': 1}]",[],0,False,,,,1,4,14,30,False,6,10,1,7,41.325610327778264,872.6797585247269,0.9118236472945892,0.9890975762360515,0.5008248596452083
ABRAND01024,601,56.19,-113.48,4,6,2,2,2,120,1,30,20,120,1,lognorm,0.062287158377333125,[1.462],"['kilogram', 'hour']",<scipy.stats._distn_infrastructure.rv_frozen object at 0x000002073C01D1C8>,1,4,60,270.1398457741891,"[{'leak_ID': 'ABRAND01024_0000000003', 'facility_ID': 'ABRAND01024', 'equipment_group': 1, 'rate': 0.018266276809906622, 'lat': 56.19, 'lon': -113.48, 'status': 'active', 'days_active': 112, 'days_active_prog_start': 0, 'tagged': False, 'component': 'unknown', 'date_began': datetime.datetime(2021, 9, 9, 0, 0), 'date_tagged': None, 'tagged_by_company': None, 'tagged_by_crew': None, 'init_detect_by': None, 'init_detect_date': None, 'requires_shutdown': False, 'date_repaired': None, 'repair_delay': None, 'OGI_sp_covered': 1}]","[{'leak_ID': 'ABRAND01024_0000000001', 'facility_ID': 'ABRAND01024', 'equipment_group': 3, 'rate': 0.0021749852556510922, 'lat': 56.19, 'lon': -113.48, 'status': 'repaired', 'days_active': 120, 'days_active_prog_start': 89, 'tagged': True, 'component': 'unknown', 'date_began': datetime.datetime(2016, 10, 4, 0, 0), 'date_tagged': datetime.datetime(2017, 1, 31, 0, 0), 'tagged_by_company': 'natural', 'tagged_by_crew': 1, 'init_detect_by': 'natural', 'init_detect_date': datetime.datetime(2017, 1, 31, 0, 0), 'requires_shutdown': False, 'date_repaired': datetime.datetime(2017, 1, 31, 16, 0), 'repair_delay': 0}, {'leak_ID': 'ABRAND01024_0000000001', 'facility_ID': 'ABRAND01024', 'equipment_group': 3, 'rate': 0.00804416783853863, 'lat': 56.19, 'lon': -113.48, 'status': 'repaired', 'days_active': 120, 'days_active_prog_start': 0, 'tagged': True, 'component': 'unknown', 'date_began': datetime.datetime(2017, 8, 4, 0, 0), 'date_tagged': datetime.datetime(2017, 12, 2, 0, 0), 'tagged_by_company': 'natural', 'tagged_by_crew': 1, 'init_detect_by': 'natural', 'init_detect_date': datetime.datetime(2017, 12, 2, 0, 0), 'requires_shutdown': False, 'date_repaired': datetime.datetime(2017, 12, 2, 16, 0), 'repair_delay': 0, 'OGI_sp_covered': 1}, {'leak_ID': 'ABRAND01024_0000000002', 'facility_ID': 'ABRAND01024', 'equipment_group': 3, 'rate': 0.00040059082575040803, 'lat': 56.19, 'lon': -113.48, 'status': 'repaired', 'days_active': 120, 'days_active_prog_start': 0, 'tagged': True, 'component': 'unknown', 'date_began': datetime.datetime(2018, 7, 31, 0, 0), 'date_tagged': datetime.datetime(2018, 11, 28, 0, 0), 'tagged_by_company': 'natural', 'tagged_by_crew': 1, 'init_detect_by': 'natural', 'init_detect_date': datetime.datetime(2018, 11, 28, 0, 0), 'requires_shutdown': False, 'date_repaired': datetime.datetime(2018, 11, 28, 16, 0), 'repair_delay': 0, 'OGI_sp_covered': 1}]",[],1,False,,,,1,4,14,30,False,6,5,1,3,176.75910743410444,93.38073834008465,0.9138276553106213,0.9895310299515351,0.14802183330092553
ABRAND00449,361,53.17,-115.87,5,6,2,2,2,120,1,30,20,120,1,lognorm,0.062287158377333125,[1.462],"['kilogram', 'hour']",<scipy.stats._distn_infrastructure.rv_frozen object at 0x000002073C01D1C8>,0,5,60,899.0277807490944,[],"[{'leak_ID': 'ABRAND00449_0000000000', 'facility_ID': 'ABRAND00449', 'equipment_group': 2, 'rate': 0.059851148453423146, 'lat': 53.17, 'lon': -115.87, 'status': 'repaired', 'days_active': 99, 'days_active_prog_start': 0, 'tagged': True, 'component': 'unknown', 'date_began': datetime.datetime(2017, 3, 29, 0, 0), 'date_tagged': datetime.datetime(2017, 6, 20, 13, 0), 'tagged_by_company': 'OGI', 'tagged_by_crew': 2, 'init_detect_by': 'OGI', 'init_detect_date': datetime.datetime(2017, 6, 20, 13, 0), 'requires_shutdown': False, 'date_repaired': datetime.datetime(2017, 7, 6, 16, 0), 'repair_delay': 16, 'OGI_sp_covered': 1}, {'leak_ID': 'ABRAND00449_0000000001', 'facility_ID': 'ABRAND00449', 'equipment_group': 1, 'rate': 0.009225088072038746, 'lat': 53.17, 'lon': -115.87, 'status': 'repaired', 'days_active': 120, 'days_active_prog_start': 0, 'tagged': True, 'component': 'unknown', 'date_began': datetime.datetime(2017, 12, 3, 0, 0), 'date_tagged': datetime.datetime(2018, 4, 2, 0, 0), 'tagged_by_company': 'natural', 'tagged_by_crew': 1, 'init_detect_by': 'natural', 'init_detect_date': datetime.datetime(2018, 4, 2, 0, 0), 'requires_shutdown': False, 'date_repaired': datetime.datetime(2018, 4, 2, 16, 0), 'repair_delay': 0, 'OGI_sp_covered': 1}, {'leak_ID': 'ABRAND00449_0000000002', 'facility_ID': 'ABRAND00449', 'equipment_group': 4, 'rate': 0.008857124543895364, 'lat': 53.17, 'lon': -115.87, 'status': 'repaired', 'days_active': 120, 'days_active_prog_start': 0, 'tagged': True, 'component': 'unknown', 'date_began': datetime.datetime(2018, 1, 11, 0, 0), 'date_tagged': datetime.datetime(2018, 5, 11, 0, 0), 'tagged_by_company': 'natural', 'tagged_by_crew': 1, 'init_detect_by': 'natural', 'init_detect_date': datetime.datetime(2018, 5, 11, 0, 0), 'requires_shutdown': False, 'date_repaired': datetime.datetime(2018, 5, 11, 16, 0), 'repair_delay': 0, 'OGI_sp_covered': 1}, {'leak_ID': 'ABRAND00449_0000000003', 'facility_ID': 'ABRAND00449', 'equipment_group': 3, 'rate': 0.012224498388255902, 'lat': 53.17, 'lon': -115.87, 'status': 'repaired', 'days_active': 120, 'days_active_prog_start': 0, 'tagged': True, 'component': 'unknown', 'date_began': datetime.datetime(2018, 2, 25, 0, 0), 'date_tagged': datetime.datetime(2018, 6, 25, 0, 0), 'tagged_by_company': 'natural', 'tagged_by_crew': 1, 'init_detect_by': 'natural', 'init_detect_date': datetime.datetime(2018, 6, 25, 0, 0), 'requires_shutdown': False, 'date_repaired': datetime.datetime(2018, 6, 25, 16, 0), 'repair_delay': 0, 'OGI_sp_covered': 1}, {'leak_ID': 'ABRAND00449_0000000004', 'facility_ID': 'ABRAND00449', 'equipment_group': 2, 'rate': 0.0070278759304062575, 'lat': 53.17, 'lon': -115.87, 'status': 'repaired', 'days_active': 120, 'days_active_prog_start': 0, 'tagged': True, 'component': 'unknown', 'date_began': datetime.datetime(2019, 11, 18, 0, 0), 'date_tagged': datetime.datetime(2020, 3, 17, 0, 0), 'tagged_by_company': 'natural', 'tagged_by_crew': 1, 'init_detect_by': 'natural', 'init_detect_date': datetime.datetime(2020, 3, 17, 0, 0), 'requires_shutdown': False, 'date_repaired': datetime.datetime(2020, 3, 17, 16, 0), 'repair_delay': 0, 'OGI_sp_covered': 1}]",[],0,False,,,,2,4,14,30,False,6,8,0,5,0.0,899.0277807490944,0.9158316633266533,0.9899564636783766,0.4926179620542983
ABRAND01122,503,55.22,-110.85,2,6,2,2,2,120,1,30,20,120,1,lognorm,0.062287158377333125,[1.462],"['kilogram', 'hour']",<scipy.stats._distn_infrastructure.rv_frozen object at 0x000002073C01D1C8>,0,3,60,1292.7336858550334,[],"[{'leak_ID': 'ABRAND01122_0000000000', 'facility_ID': 'ABRAND01122', 'equipment_group': 1, 'rate': 0.04397429541534247, 'lat': 55.22, 'lon': -110.85, 'status': 'repaired', 'days_active': 22, 'days_active_prog_start': 0, 'tagged': True, 'component': 'unknown', 'date_began': datetime.datetime(2017, 8, 13, 0, 0), 'date_tagged': datetime.datetime(2017, 8, 19, 13, 0), 'tagged_by_company': 'OGI', 'tagged_by_crew': 3, 'init_detect_by': 'OGI', 'init_detect_date': datetime.datetime(2017, 8, 19, 13, 0), 'requires_shutdown': False, 'date_repaired': datetime.datetime(2017, 9, 4, 16, 0), 'repair_delay': 16, 'OGI_sp_covered': 1}, {'leak_ID': 'ABRAND01122_0000000001', 'facility_ID': 'ABRAND01122', 'equipment_group': 1, 'rate': 0.1379643241621039, 'lat': 55.22, 'lon': -110.85, 'status': 'repaired', 'days_active': 53, 'days_active_prog_start': 0, 'tagged': True, 'component': 'unknown', 'date_began': datetime.datetime(2018, 3, 15, 0, 0), 'date_tagged': datetime.datetime(2018, 4, 21, 13, 0), 'tagged_by_company': 'OGI', 'tagged_by_crew': 3, 'init_detect_by': 'OGI', 'init_detect_date': datetime.datetime(2018, 4, 21, 13, 0), 'requires_shutdown': False, 'date_repaired': datetime.datetime(2018, 5, 7, 16, 0), 'repair_delay': 16, 'OGI_sp_covered': 1}, {'leak_ID': 'ABRAND01122_0000000002', 'facility_ID': 'ABRAND01122', 'equipment_group': 1, 'rate': 0.11521813376565374, 'lat': 55.22, 'lon': -110.85, 'status': 'repaired', 'days_active': 58, 'days_active_prog_start': 0, 'tagged': True, 'component': 'unknown', 'date_began': datetime.datetime(2019, 3, 10, 0, 0), 'date_tagged': datetime.datetime(2019, 4, 21, 13, 0), 'tagged_by_company': 'OGI', 'tagged_by_crew': 3, 'init_detect_by': 'OGI', 'init_detect_date': datetime.datetime(2019, 4, 21, 13, 0), 'requires_shutdown': False, 'date_repaired': datetime.datetime(2019, 5, 7, 16, 0), 'repair_delay': 16, 'OGI_sp_covered': 1}]",[],0,False,,,,2,4,14,30,False,6,0,0,3,0.0,1292.7336858550334,0.9178356713426854,0.9903817846580051,0.7083472251260456
ABRAND00653,351,52.89,-115.15,2,6,2,2,2,120,1,30,20,120,1,lognorm,0.062287158377333125,[1.462],"['kilogram', 'hour']",<scipy.stats._distn_infrastructure.rv_frozen object at 0x000002073C01D1C8>,0,2,60,2309.4670073293423,[],"[{'leak_ID': 'ABRAND00653_0000000000', 'facility_ID': 'ABRAND00653', 'equipment_group': 2, 'rate': 0.012527256978269553, 'lat': 52.89, 'lon': -115.15, 'status': 'repaired', 'days_active': 120, 'days_active_prog_start': 0, 'tagged': True, 'component': 'unknown', 'date_began': datetime.datetime(2018, 7, 22, 0, 0), 'date_tagged': datetime.datetime(2018, 11, 19, 0, 0), 'tagged_by_company': 'natural', 'tagged_by_crew': 1, 'init_detect_by': 'natural', 'init_detect_date': datetime.datetime(2018, 11, 19, 0, 0), 'requires_shutdown': False, 'date_repaired': datetime.datetime(2018, 11, 19, 16, 0), 'repair_delay': 0, 'OGI_sp_covered': 1}, {'leak_ID': 'ABRAND00653_0000000001', 'facility_ID': 'ABRAND00653', 'equipment_group': 1, 'rate': 0.2712545309362111, 'lat': 52.89, 'lon': -115.15, 'status': 'repaired', 'days_active': 93, 'days_active_prog_start': 0, 'tagged': True, 'component': 'unknown', 'date_began': datetime.datetime(2019, 2, 4, 0, 0), 'date_tagged': datetime.datetime(2019, 4, 22, 8, 0), 'tagged_by_company': 'OGI', 'tagged_by_crew': 1, 'init_detect_by': 'OGI', 'init_detect_date': datetime.datetime(2019, 4, 22, 8, 0), 'requires_shutdown': False, 'date_repaired': datetime.datetime(2019, 5, 8, 16, 0), 'repair_delay': 16, 'OGI_sp_covered': 1}]",[],0,False,,,,2,4,13,30,False,6,2,0,2,0.0,2309.4670073293423,0.9198396793587175,0.9907965856195298,1.2654613738790916
ABRAND00917,601,52.9,-114.23,4,6,2,2,2,120,1,30,20,120,1,lognorm,0.062287158377333125,[1.462],"['kilogram', 'hour']",<scipy.stats._distn_infrastructure.rv_frozen object at 0x000002073C01D1C8>,1,5,60,1685.7273627230372,[],"[{'leak_ID': 'ABRAND00917_0000000001', 'facility_ID': 'ABRAND00917', 'equipment_group': 4, 'rate': 0.27579935649405335, 'lat': 52.9, 'lon': -114.23, 'status': 'repaired', 'days_active': 120, 'days_active_prog_start': 104, 'tagged': True, 'component': 'unknown', 'date_began': datetime.datetime(2016, 9, 19, 0, 0), 'date_tagged': datetime.datetime(2017, 1, 16, 0, 0), 'tagged_by_company': 'natural', 'tagged_by_crew': 1, 'init_detect_by': 'natural', 'init_detect_date': datetime.datetime(2017, 1, 16, 0, 0), 'requires_shutdown': False, 'date_repaired': datetime.datetime(2017, 1, 16, 16, 0), 'repair_delay': 0}, {'leak_ID': 'ABRAND00917_0000000001', 'facility_ID': 'ABRAND00917', 'equipment_group': 1, 'rate': 0.004151562723751748, 'lat': 52.9, 'lon': -114.23, 'status': 'repaired', 'days_active': 120, 'days_active_prog_start': 0, 'tagged': True, 'component': 'unknown', 'date_began': datetime.datetime(2019, 7, 15, 0, 0), 'date_tagged': datetime.datetime(2019, 11, 12, 0, 0), 'tagged_by_company': 'natural', 'tagged_by_crew': 1, 'init_detect_by': 'natural', 'init_detect_date': datetime.datetime(2019, 11, 12, 0, 0), 'requires_shutdown': False, 'date_repaired': datetime.datetime(2019, 11, 12, 16, 0), 'repair_delay': 0, 'OGI_sp_covered': 1}, {'leak_ID': 'ABRAND00917_0000000002', 'facility_ID': 'ABRAND00917', 'equipment_group': 2, 'rate': 0.012019672745513743, 'lat': 52.9, 'lon': -114.23, 'status': 'repaired', 'days_active': 120, 'days_active_prog_start': 0, 'tagged': True, 'component': 'unknown', 'date_began': datetime.datetime(2020, 6, 7, 0, 0), 'date_tagged': datetime.datetime(2020, 10, 5, 0, 0), 'tagged_by_company': 'natural', 'tagged_by_crew': 1, 'init_detect_by': 'natural', 'init_detect_date': datetime.datetime(2020, 10, 5, 0, 0), 'requires_shutdown': False, 'date_repaired': datetime.datetime(2020, 10, 5, 16, 0), 'repair_delay': 0, 'OGI_sp_covered': 1}, {'leak_ID': 'ABRAND00917_0000000003', 'facility_ID': 'ABRAND00917', 'equipment_group': 1, 'rate': 0.01056940672531411, 'lat': 52.9, 'lon': -114.23, 'status': 'repaired', 'days_active': 120, 'days_active_prog_start': 0, 'tagged': True, 'component': 'unknown', 'date_began': datetime.datetime(2021, 3, 5, 0, 0), 'date_tagged': datetime.datetime(2021, 7, 3, 0, 0), 'tagged_by_company': 'natural', 'tagged_by_crew': 1, 'init_detect_by': 'natural', 'init_detect_date': datetime.datetime(2021, 7, 3, 0, 0), 'requires_shutdown': False, 'date_repaired': datetime.datetime(2021, 7, 3, 16, 0), 'repair_delay': 0, 'OGI_sp_covered': 1}, {'leak_ID': 'ABRAND00917_0000000004', 'facility_ID': 'ABRAND00917', 'equipment_group': 4, 'rate': 0.19815110995992605, 'lat': 52.9, 'lon': -114.23, 'status': 'repaired', 'days_active': 60, 'days_active_prog_start': 0, 'tagged': True, 'component': 'unknown', 'date_began': datetime.datetime(2021, 7, 7, 0, 0), 'date_tagged': datetime.datetime(2021, 8, 20, 8, 0), 'tagged_by_company': 'OGI', 'tagged_by_crew': 2, 'init_detect_by': 'OGI', 'init_detect_date': datetime.datetime(2021, 8, 20, 8, 0), 'requires_shutdown': False, 'date_repaired': datetime.datetime(2021, 9, 5, 16, 0), 'repair_delay': 16, 'OGI_sp_covered': 1}]",[],1,False,,,,2,4,13,30,False,6,5,0,5,0.0,1685.7273627230372,0.9218436873747495,0.9912000073471948,0.9236862261496095
ABRAND00818,361,52.52,-114.45,1,6,2,2,2,120,1,30,20,120,1,lognorm,0.062287158377333125,[1.462],"['kilogram', 'hour']",<scipy.stats._distn_infrastructure.rv_frozen object at 0x000002073C01D1C8>,1,6,60,840.4287431062687,[],"[{'leak_ID': 'ABRAND00818_0000000001', 'facility_ID': 'ABRAND00818', 'equipment_group': 1, 'rate': 0.025360997571718166, 'lat': 52.52, 'lon': -114.45, 'status': 'repaired', 'days_active': 120, 'days_active_prog_start': 106, 'tagged': True, 'component': 'unknown', 'date_began': datetime.datetime(2016, 9, 17, 0, 0), 'date_tagged': datetime.datetime(2017, 1, 14, 0, 0), 'tagged_by_company': 'natural', 'tagged_by_crew': 1, 'init_detect_by': 'natural', 'init_detect_date': datetime.datetime(2017, 1, 14, 0, 0), 'requires_shutdown': False, 'date_repaired': datetime.datetime(2017, 1, 14, 16, 0), 'repair_delay': 0}, {'leak_ID': 'ABRAND00818_0000000001', 'facility_ID': 'ABRAND00818', 'equipment_group': 1, 'rate': 0.0035894886762085115, 'lat': 52.52, 'lon': -114.45, 'status': 'repaired', 'days_active': 120, 'days_active_prog_start': 0, 'tagged': True, 'component': 'unknown', 'date_began': datetime.datetime(2017, 2, 7, 0, 0), 'date_tagged': datetime.datetime(2017, 6, 7, 0, 0), 'tagged_by_company': 'natural', 'tagged_by_crew': 1, 'init_detect_by': 'natural', 'init_detect_date': datetime.datetime(2017, 6, 7, 0, 0), 'requires_shutdown': False, 'date_repaired': datetime.datetime(2017, 6, 7, 16, 0), 'repair_delay': 0, 'OGI_sp_covered': 1}, {'leak_ID': 'ABRAND00818_0000000003', 'facility_ID': 'ABRAND00818', 'equipment_group': 1, 'rate': 0.05893202429772157, 'lat': 52.52, 'lon': -114.45, 'status': 'repaired', 'days_active': 29, 'days_active_prog_start': 0, 'tagged': True, 'component': 'unknown', 'date_began': datetime.datetime(2017, 10, 6, 0, 0), 'date_tagged': datetime.datetime(2017, 10, 19, 8, 0), 'tagged_by_company': 'OGI', 'tagged_by_crew': 3, 'init_detect_by': 'OGI', 'init_detect_date': datetime.datetime(2017, 10, 19, 8, 0), 'requires_shutdown': False, 'date_repaired': datetime.datetime(2017, 11, 4, 16, 0), 'repair_delay': 16, 'OGI_sp_covered': 1}, {'leak_ID': 'ABRAND00818_0000000002', 'facility_ID': 'ABRAND00818', 'equipment_group': 1, 'rate': 0.00797236753501056, 'lat': 52.52, 'lon': -114.45, 'status': 'repaired', 'days_active': 120, 'days_active_prog_start': 0, 'tagged': True, 'component': 'unknown', 'date_began': datetime.datetime(2017, 8, 9, 0, 0), 'date_tagged': datetime.datetime(2017, 12, 7, 0, 0), 'tagged_by_company': 'natural', 'tagged_by_crew': 1, 'init_detect_by': 'natural', 'init_detect_date': datetime.datetime(2017, 12, 7, 0, 0), 'requires_shutdown': False, 'date_repaired': datetime.datetime(2017, 12, 7, 16, 0), 'repair_delay': 0, 'OGI_sp_covered': 1}, {'leak_ID': 'ABRAND00818_0000000004', 'facility_ID': 'ABRAND00818', 'equipment_group': 1, 'rate': 0.005625684413428284, 'lat': 52.52, 'lon': -114.45, 'status': 'repaired', 'days_active': 120, 'days_active_prog_start': 0, 'tagged': True, 'component': 'unknown', 'date_began': datetime.datetime(2020, 5, 22, 0, 0), 'date_tagged': datetime.datetime(2020, 9, 19, 0, 0), 'tagged_by_company': 'natural', 'tagged_by_crew': 1, 'init_detect_by': 'natural', 'init_detect_date': datetime.datetime(2020, 9, 19, 0, 0), 'requires_shutdown': False, 'date_repaired': datetime.datetime(2020, 9, 19, 16, 0), 'repair_delay': 0, 'OGI_sp_covered': 0}, {'leak_ID': 'ABRAND00818_0000000005', 'facility_ID': 'ABRAND00818', 'equipment_group': 1, 'rate': 0.10567164115277854, 'lat': 52.52, 'lon': -114.45, 'status': 'repaired', 'days_active': 53, 'days_active_prog_start': 0, 'tagged': True, 'component': 'unknown', 'date_began': datetime.datetime(2021, 5, 15, 0, 0), 'date_tagged': datetime.datetime(2021, 6, 21, 8, 0), 'tagged_by_company': 'OGI', 'tagged_by_crew': 3, 'init_detect_by': 'OGI', 'init_detect_date': datetime.datetime(2021, 6, 21, 8, 0), 'requires_shutdown': False, 'date_repaired': datetime.datetime(2021, 7, 7, 16, 0), 'repair_delay': 16, 'OGI_sp_covered': 1}]",[],1,False,,,,3,4,13,30,False,6,5,0,6,0.0,840.4287431062687,0.9238476953907816,0.9915917405682866,0.46050890033220204
ABRAND00320,351,53.06,-116.3,3,6,2,2,2,120,1,30,20,120,1,lognorm,0.062287158377333125,[1.462],"['kilogram', 'hour']",<scipy.stats._distn_infrastructure.rv_frozen object at 0x000002073C01D1C8>,1,5,60,1058.726312762201,[],"[{'leak_ID': 'ABRAND00320_0000000001', 'facility_ID': 'ABRAND00320', 'equipment_group': 2, 'rate': 0.006587634728476873, 'lat': 53.06, 'lon': -116.3, 'status': 'repaired', 'days_active': 120, 'days_active_prog_start': 96, 'tagged': True, 'component': 'unknown', 'date_began': datetime.datetime(2016, 9, 27, 0, 0), 'date_tagged': datetime.datetime(2017, 1, 24, 0, 0), 'tagged_by_company': 'natural', 'tagged_by_crew': 1, 'init_detect_by': 'natural', 'init_detect_date': datetime.datetime(2017, 1, 24, 0, 0), 'requires_shutdown': False, 'date_repaired': datetime.datetime(2017, 1, 24, 16, 0), 'repair_delay': 0}, {'leak_ID': 'ABRAND00320_0000000001', 'facility_ID': 'ABRAND00320', 'equipment_group': 1, 'rate': 0.03682087693135716, 'lat': 53.06, 'lon': -116.3, 'status': 'repaired', 'days_active': 62, 'days_active_prog_start': 0, 'tagged': True, 'component': 'unknown', 'date_began': datetime.datetime(2017, 9, 3, 0, 0), 'date_tagged': datetime.datetime(2017, 10, 19, 10, 30), 'tagged_by_company': 'OGI', 'tagged_by_crew': 1, 'init_detect_by': 'OGI', 'init_detect_date': datetime.datetime(2017, 10, 19, 10, 30), 'requires_shutdown': False, 'date_repaired': datetime.datetime(2017, 11, 4, 16, 0), 'repair_delay': 16, 'OGI_sp_covered': 1}, {'leak_ID': 'ABRAND00320_0000000002', 'facility_ID': 'ABRAND00320', 'equipment_group': 3, 'rate': 0.0076811089581362265, 'lat': 53.06, 'lon': -116.3, 'status': 'repaired', 'days_active': 120, 'days_active_prog_start': 0, 'tagged': True, 'component': 'unknown', 'date_began': datetime.datetime(2019, 3, 31, 0, 0), 'date_tagged': datetime.datetime(2019, 7, 29, 0, 0), 'tagged_by_company': 'natural', 'tagged_by_crew': 1, 'init_detect_by': 'natural', 'init_detect_date': datetime.datetime(2019, 7, 29, 0, 0), 'requires_shutdown': False, 'date_repaired': datetime.datetime(2019, 7, 29, 16, 0), 'repair_delay': 0, 'OGI_sp_covered': 1}, {'leak_ID': 'ABRAND00320_0000000003', 'facility_ID': 'ABRAND00320', 'equipment_group': 3, 'rate': 0.015366488130672202, 'lat': 53.06, 'lon': -116.3, 'status': 'repaired', 'days_active': 120, 'days_active_prog_start': 0, 'tagged': True, 'component': 'unknown', 'date_began': datetime.datetime(2019, 11, 20, 0, 0), 'date_tagged': datetime.datetime(2020, 3, 19, 0, 0), 'tagged_by_company': 'natural', 'tagged_by_crew': 1, 'init_detect_by': 'natural', 'init_detect_date': datetime.datetime(2020, 3, 19, 0, 0), 'requires_shutdown': False, 'date_repaired': datetime.datetime(2020, 3, 19, 16, 0), 'repair_delay': 0, 'OGI_sp_covered': 1}, {'leak_ID': 'ABRAND00320_0000000004', 'facility_ID': 'ABRAND00320', 'equipment_group': 2, 'rate': 0.11366237926123271, 'lat': 53.06, 'lon': -116.3, 'status': 'repaired', 'days_active': 62, 'days_active_prog_start': 0, 'tagged': True, 'component': 'unknown', 'date_began': datetime.datetime(2021, 5, 6, 0, 0), 'date_tagged': datetime.datetime(2021, 6, 21, 10, 30), 'tagged_by_company': 'OGI', 'tagged_by_crew': 1, 'init_detect_by': 'OGI', 'init_detect_date': datetime.datetime(2021, 6, 21, 10, 30), 'requires_shutdown': False, 'date_repaired': datetime.datetime(2021, 7, 7, 16, 0), 'repair_delay': 16, 'OGI_sp_covered': 1}]",[],1,False,,,,2,4,13,30,False,6,2,0,5,0.0,1058.726312762201,0.9258517034068137,0.991979556323017,0.5801240069929868
ABRAND00010,601,55.12,-119.92,4,6,2,2,2,120,1,30,20,120,1,lognorm,0.062287158377333125,[1.462],"['kilogram', 'hour']",<scipy.stats._distn_infrastructure.rv_frozen object at 0x000002073C01D1C8>,0,7,60,1755.8220047782784,[],"[{'leak_ID': 'ABRAND00010_0000000000', 'facility_ID': 'ABRAND00010', 'equipment_group': 2, 'rate': 0.001723416590814926, 'lat': 55.12, 'lon': -119.92, 'status': 'repaired', 'days_active': 120, 'days_active_prog_start': 0, 'tagged': True, 'component': 'unknown', 'date_began': datetime.datetime(2017, 5, 25, 0, 0), 'date_tagged': datetime.datetime(2017, 9, 22, 0, 0), 'tagged_by_company': 'natural', 'tagged_by_crew': 1, 'init_detect_by': 'natural', 'init_detect_date': datetime.datetime(2017, 9, 22, 0, 0), 'requires_shutdown': False, 'date_repaired': datetime.datetime(2017, 9, 22, 16, 0), 'repair_delay': 0, 'OGI_sp_covered': 1}, {'leak_ID': 'ABRAND00010_0000000001', 'facility_ID': 'ABRAND00010', 'equipment_group': 1, 'rate': 0.01358293500064491, 'lat': 55.12, 'lon': -119.92, 'status': 'repaired', 'days_active': 120, 'days_active_prog_start': 0, 'tagged': True, 'component': 'unknown', 'date_began': datetime.datetime(2017, 6, 1, 0, 0), 'date_tagged': datetime.datetime(2017, 9, 29, 0, 0), 'tagged_by_company': 'natural', 'tagged_by_crew': 1, 'init_detect_by': 'natural', 'init_detect_date': datetime.datetime(2017, 9, 29, 0, 0), 'requires_shutdown': False, 'date_repaired': datetime.datetime(2017, 9, 29, 16, 0), 'repair_delay': 0, 'OGI_sp_covered': 1}, {'leak_ID': 'ABRAND00010_0000000002', 'facility_ID': 'ABRAND00010', 'equipment_group': 3, 'rate': 0.003070441037816794, 'lat': 55.12, 'lon': -119.92, 'status': 'repaired', 'days_active': 120, 'days_active_prog_start': 0, 'tagged': True, 'component': 'unknown', 'date_began': datetime.datetime(2019, 3, 7, 0, 0), 'date_tagged': datetime.datetime(2019, 7, 5, 0, 0), 'tagged_by_company': 'natural', 'tagged_by_crew': 1, 'init_detect_by': 'natural', 'init_detect_date': datetime.datetime(2019, 7, 5, 0, 0), 'requires_shutdown': False, 'date_repaired': datetime.datetime(2019, 7, 5, 16, 0), 'repair_delay': 0, 'OGI_sp_covered': 1}, {'leak_ID': 'ABRAND00010_0000000003', 'facility_ID': 'ABRAND00010', 'equipment_group': 2, 'rate': 0.03485723024860131, 'lat': 55.12, 'lon': -119.92, 'status': 'repaired', 'days_active': 120, 'days_active_prog_start': 0, 'tagged': True, 'component': 'unknown', 'date_began': datetime.datetime(2020, 8, 28, 0, 0), 'date_tagged': datetime.datetime(2020, 12, 26, 0, 0), 'tagged_by_company': 'natural', 'tagged_by_crew': 1, 'init_detect_by': 'natural', 'init_detect_date': datetime.datetime(2020, 12, 26, 0, 0), 'requires_shutdown': False, 'date_repaired': datetime.datetime(2020, 12, 26, 0, 0), 'repair_delay': 0, 'OGI_sp_covered': 1}, {'leak_ID': 'ABRAND00010_0000000005', 'facility_ID': 'ABRAND00010', 'equipment_group': 4, 'rate': 0.06853391997095779, 'lat': 55.12, 'lon': -119.92, 'status': 'repaired', 'days_active': 22, 'days_active_prog_start': 0, 'tagged': True, 'component': 'unknown', 'date_began': datetime.datetime(2020, 12, 11, 0, 0), 'date_tagged': datetime.datetime(2020, 12, 17, 10, 30), 'tagged_by_company': 'OGI', 'tagged_by_crew': 2, 'init_detect_by': 'OGI', 'init_detect_date': datetime.datetime(2020, 12, 17, 10, 30), 'requires_shutdown': False, 'date_repaired': datetime.datetime(2021, 1, 2, 16, 0), 'repair_delay': 16, 'OGI_sp_covered': 1}, {'leak_ID': 'ABRAND00010_0000000004', 'facility_ID': 'ABRAND00010', 'equipment_group': 2, 'rate': 0.0032727568830282156, 'lat': 55.12, 'lon': -119.92, 'status': 'repaired', 'days_active': 120, 'days_active_prog_start': 0, 'tagged': True, 'component': 'unknown', 'date_began': datetime.datetime(2020, 9, 14, 0, 0), 'date_tagged': datetime.datetime(2021, 1, 12, 0, 0), 'tagged_by_company': 'natural', 'tagged_by_crew': 1, 'init_detect_by': 'natural', 'init_detect_date': datetime.datetime(2021, 1, 12, 0, 0), 'requires_shutdown': False, 'date_repaired': datetime.datetime(2021, 1, 12, 16, 0), 'repair_delay': 0, 'OGI_sp_covered': 1}, {'leak_ID': 'ABRAND00010_0000000006', 'facility_ID': 'ABRAND00010', 'equipment_group': 2, 'rate': 0.28651081270293394, 'lat': 55.12, 'lon': -119.92, 'status': 'repaired', 'days_active': 42, 'days_active_prog_start': 0, 'tagged': True, 'component': 'unknown', 'date_began': datetime.datetime(2021, 7, 25, 0, 0), 'date_tagged': datetime.datetime(2021, 8, 20, 10, 30), 'tagged_by_company': 'OGI', 'tagged_by_crew': 2, 'init_detect_by': 'OGI', 'init_detect_date': datetime.datetime(2021, 8, 20, 10, 30), 'requires_shutdown': False, 'date_repaired': datetime.datetime(2021, 9, 5, 16, 0), 'repair_delay': 16, 'OGI_sp_covered': 1}]",[],0,False,,,,2,4,13,30,False,6,10,0,7,0.0,1755.8220047782784,0.9278557114228457,0.9923667566951987,0.9620942491935772
ABRAND00956,362,52.85,-114.12,1,6,2,2,2,120,1,30,20,120,1,lognorm,0.062287158377333125,[1.462],"['kilogram', 'hour']",<scipy.stats._distn_infrastructure.rv_frozen object at 0x000002073C01D1C8>,1,7,60,10530.141841294784,[],"[{'leak_ID': 'ABRAND00956_0000000001', 'facility_ID': 'ABRAND00956', 'equipment_group': 1, 'rate': 1.6027277676303122, 'lat': 52.85, 'lon': -114.12, 'status': 'repaired', 'days_active': 77, 'days_active_prog_start': 9, 'tagged': True, 'component': 'unknown', 'date_began': datetime.datetime(2016, 12, 23, 0, 0), 'date_tagged': datetime.datetime(2017, 2, 21, 10, 30), 'tagged_by_company': 'OGI', 'tagged_by_crew': 3, 'init_detect_by': 'OGI', 'init_detect_date': datetime.datetime(2017, 2, 21, 10, 30), 'requires_shutdown': False, 'date_repaired': datetime.datetime(2017, 3, 9, 16, 0), 'repair_delay': 16, 'OGI_sp_covered': 1}, {'leak_ID': 'ABRAND00956_0000000001', 'facility_ID': 'ABRAND00956', 'equipment_group': 1, 'rate': 0.02025900875959134, 'lat': 52.85, 'lon': -114.12, 'status': 'repaired', 'days_active': 120, 'days_active_prog_start': 0, 'tagged': True, 'component': 'unknown', 'date_began': datetime.datetime(2017, 9, 21, 0, 0), 'date_tagged': datetime.datetime(2018, 1, 19, 0, 0), 'tagged_by_company': 'natural', 'tagged_by_crew': 1, 'init_detect_by': 'natural', 'init_detect_date': datetime.datetime(2018, 1, 19, 0, 0), 'requires_shutdown': False, 'date_repaired': datetime.datetime(2018, 1, 19, 16, 0), 'repair_delay': 0, 'OGI_sp_covered': 1}, {'leak_ID': 'ABRAND00956_0000000002', 'facility_ID': 'ABRAND00956', 'equipment_group': 1, 'rate': 0.15092666074262878, 'lat': 52.85, 'lon': -114.12, 'status': 'repaired', 'days_active': 55, 'days_active_prog_start': 0, 'tagged': True, 'component': 'unknown', 'date_began': datetime.datetime(2018, 1, 13, 0, 0), 'date_tagged': datetime.datetime(2018, 2, 21, 10, 30), 'tagged_by_company': 'OGI', 'tagged_by_crew': 3, 'init_detect_by': 'OGI', 'init_detect_date': datetime.datetime(2018, 2, 21, 10, 30), 'requires_shutdown': False, 'date_repaired': datetime.datetime(2018, 3, 9, 16, 0), 'repair_delay': 16, 'OGI_sp_covered': 1}, {'leak_ID': 'ABRAND00956_0000000003', 'facility_ID': 'ABRAND00956', 'equipment_group': 1, 'rate': 0.0018021609789986924, 'lat': 52.85, 'lon': -114.12, 'status': 'repaired', 'days_active': 120, 'days_active_prog_start': 0, 'tagged': True, 'component': 'unknown', 'date_began': datetime.datetime(2019, 12, 10, 0, 0), 'date_tagged': datetime.datetime(2020, 4, 8, 0, 0), 'tagged_by_company': 'natural', 'tagged_by_crew': 1, 'init_detect_by': 'natural', 'init_detect_date': datetime.datetime(2020, 4, 8, 0, 0), 'requires_shutdown': False, 'date_repaired': datetime.datetime(2020, 4, 8, 16, 0), 'repair_delay': 0, 'OGI_sp_covered': 1}, {'leak_ID': 'ABRAND00956_0000000004', 'facility_ID': 'ABRAND00956', 'equipment_group': 1, 'rate': 0.011112864870693132, 'lat': 52.85, 'lon': -114.12, 'status': 'repaired', 'days_active': 120, 'days_active_prog_start': 0, 'tagged': True, 'component': 'unknown', 'date_began': datetime.datetime(2020, 9, 13, 0, 0), 'date_tagged': datetime.datetime(2021, 1, 11, 0, 0), 'tagged_by_company': 'natural', 'tagged_by_crew': 1, 'init_detect_by': 'natural', 'init_detect_date': datetime.datetime(2021, 1, 11, 0, 0), 'requires_shutdown': False, 'date_repaired': datetime.datetime(2021, 1, 11, 16, 0), 'repair_delay': 0, 'OGI_sp_covered': 1}, {'leak_ID': 'ABRAND00956_0000000005', 'facility_ID': 'ABRAND00956', 'equipment_group': 1, 'rate': 0.0038130302861707, 'lat': 52.85, 'lon': -114.12, 'status': 'repaired', 'days_active': 120, 'days_active_prog_start': 0, 'tagged': True, 'component': 'unknown', 'date_began': datetime.datetime(2021, 4, 22, 0, 0), 'date_tagged': datetime.datetime(2021, 8, 20, 0, 0), 'tagged_by_company': 'natural', 'tagged_by_crew': 1, 'init_detect_by': 'natural', 'init_detect_date': datetime.datetime(2021, 8, 20, 0, 0), 'requires_shutdown': False, 'date_repaired': datetime.datetime(2021, 8, 20, 16, 0), 'repair_delay': 0, 'OGI_sp_covered': 1}, {'leak_ID': 'ABRAND00956_0000000006', 'facility_ID': 'ABRAND00956', 'equipment_group': 1, 'rate': 0.001264494620769158, 'lat': 52.85, 'lon': -114.12, 'status': 'repaired', 'days_active': 120, 'days_active_prog_start': 0, 'tagged': True, 'component': 'unknown', 'date_began': datetime.datetime(2021, 6, 22, 0, 0), 'date_tagged': datetime.datetime(2021, 10, 20, 0, 0), 'tagged_by_company': 'natural', 'tagged_by_crew': 1, 'init_detect_by': 'natural', 'init_detect_date': datetime.datetime(2021, 10, 20, 0, 0), 'requires_shutdown': False, 'date_repaired': datetime.datetime(2021, 10, 20, 16, 0), 'repair_delay': 0, 'OGI_sp_covered': 1}]",[],1,False,,,,2,4,13,30,False,6,10,0,7,0.0,10530.141841294784,0.9298597194388778,0.9927497127875013,5.769940734956046
ABRAND00390,361,53.88,-116.01,5,6,2,2,2,120,1,30,20,120,1,lognorm,0.062287158377333125,[1.462],"['kilogram', 'hour']",<scipy.stats._distn_infrastructure.rv_frozen object at 0x000002073C01D1C8>,0,4,60,877.9088108760086,[],"[{'leak_ID': 'ABRAND00390_0000000000', 'facility_ID': 'ABRAND00390', 'equipment_group': 3, 'rate': 0.011050841013084576, 'lat': 53.88, 'lon': -116.01, 'status': 'repaired', 'days_active': 120, 'days_active_prog_start': 0, 'tagged': True, 'component': 'unknown', 'date_began': datetime.datetime(2019, 2, 24, 0, 0), 'date_tagged': datetime.datetime(2019, 6, 24, 0, 0), 'tagged_by_company': 'natural', 'tagged_by_crew': 1, 'init_detect_by': 'natural', 'init_detect_date': datetime.datetime(2019, 6, 24, 0, 0), 'requires_shutdown': False, 'date_repaired': datetime.datetime(2019, 6, 24, 16, 0), 'repair_delay': 0, 'OGI_sp_covered': 1}, {'leak_ID': 'ABRAND00390_0000000001', 'facility_ID': 'ABRAND00390', 'equipment_group': 1, 'rate': 0.006068285740979703, 'lat': 53.88, 'lon': -116.01, 'status': 'repaired', 'days_active': 120, 'days_active_prog_start': 0, 'tagged': True, 'component': 'unknown', 'date_began': datetime.datetime(2019, 11, 9, 0, 0), 'date_tagged': datetime.datetime(2020, 3, 8, 0, 0), 'tagged_by_company': 'natural', 'tagged_by_crew': 1, 'init_detect_by': 'natural', 'init_detect_date': datetime.datetime(2020, 3, 8, 0, 0), 'requires_shutdown': False, 'date_repaired': datetime.datetime(2020, 3, 8, 16, 0), 'repair_delay': 0, 'OGI_sp_covered': 1}, {'leak_ID': 'ABRAND00390_0000000002', 'facility_ID': 'ABRAND00390', 'equipment_group': 5, 'rate': 0.08022220612410502, 'lat': 53.88, 'lon': -116.01, 'status': 'repaired', 'days_active': 56, 'days_active_prog_start': 0, 'tagged': True, 'component': 'unknown', 'date_began': datetime.datetime(2020, 7, 10, 0, 0), 'date_tagged': datetime.datetime(2020, 8, 19, 13, 0), 'tagged_by_company': 'OGI', 'tagged_by_crew': 1, 'init_detect_by': 'OGI', 'init_detect_date': datetime.datetime(2020, 8, 19, 13, 0), 'requires_shutdown': False, 'date_repaired': datetime.datetime(2020, 9, 4, 16, 0), 'repair_delay': 16, 'OGI_sp_covered': 1}, {'leak_ID': 'ABRAND00390_0000000003', 'facility_ID': 'ABRAND00390', 'equipment_group': 1, 'rate': 0.030118690449363463, 'lat': 53.88, 'lon': -116.01, 'status': 'repaired', 'days_active': 120, 'days_active_prog_start': 0, 'tagged': True, 'component': 'unknown', 'date_began': datetime.datetime(2021, 6, 25, 0, 0), 'date_tagged': datetime.datetime(2021, 10, 23, 0, 0), 'tagged_by_company': 'natural', 'tagged_by_crew': 1, 'init_detect_by': 'natural', 'init_detect_date': datetime.datetime(2021, 10, 23, 0, 0), 'requires_shutdown': False, 'date_repaired': datetime.datetime(2021, 10, 23, 16, 0), 'repair_delay': 0, 'OGI_sp_covered': 1}]",[],0,False,,,,2,4,13,30,False,6,6,0,4,0.0,877.9088108760086,0.9318637274549099,0.9931304648891622,0.48104592376767596
ABRAND00402,311,53.13,-115.98,4,6,2,2,2,120,1,30,20,120,1,lognorm,0.062287158377333125,[1.462],"['kilogram', 'hour']",<scipy.stats._distn_infrastructure.rv_frozen object at 0x000002073C01D1C8>,1,10,60,2630.0215553542275,"[{'leak_ID': 'ABRAND00402_0000000009', 'facility_ID': 'ABRAND00402', 'equipment_group': 3, 'rate': 0.02236890939322695, 'lat': 53.13, 'lon': -115.98, 'status': 'active', 'days_active': 34, 'days_active_prog_start': 0, 'tagged': False, 'component': 'unknown', 'date_began': datetime.datetime(2021, 11, 26, 0, 0), 'date_tagged': None, 'tagged_by_company': None, 'tagged_by_crew': None, 'init_detect_by': None, 'init_detect_date': None, 'requires_shutdown': False, 'date_repaired': None, 'repair_delay': None, 'OGI_sp_covered': 1}]","[{'leak_ID': 'ABRAND00402_0000000001', 'facility_ID': 'ABRAND00402', 'equipment_group': 2, 'rate': 0.16310998973833135, 'lat': 53.13, 'lon': -115.98, 'status': 'repaired', 'days_active': 109, 'days_active_prog_start': 41, 'tagged': True, 'component': 'unknown', 'date_began': datetime.datetime(2016, 11, 21, 0, 0), 'date_tagged': datetime.datetime(2017, 2, 21, 13, 0), 'tagged_by_company': 'OGI', 'tagged_by_crew': 2, 'init_detect_by': 'OGI', 'init_detect_date': datetime.datetime(2017, 2, 21, 13, 0), 'requires_shutdown': False, 'date_repaired': datetime.datetime(2017, 3, 9, 16, 0), 'repair_delay': 16, 'OGI_sp_covered': 1}, {'leak_ID': 'ABRAND00402_0000000001', 'facility_ID': 'ABRAND00402', 'equipment_group': 1, 'rate': 0.004332931662997631, 'lat': 53.13, 'lon': -115.98, 'status': 'repaired', 'days_active': 120, 'days_active_prog_start': 0, 'tagged': True, 'component': 'unknown', 'date_began': datetime.datetime(2017, 10, 21, 0, 0), 'date_tagged': datetime.datetime(2018, 2, 18, 0, 0), 'tagged_by_company': 'natural', 'tagged_by_crew': 1, 'init_detect_by': 'natural', 'init_detect_date': datetime.datetime(2018, 2, 18, 0, 0), 'requires_shutdown': False, 'date_repaired': datetime.datetime(2018, 2, 18, 16, 0), 'repair_delay': 0, 'OGI_sp_covered': 1}, {'leak_ID': 'ABRAND00402_0000000002', 'facility_ID': 'ABRAND00402', 'equipment_group': 1, 'rate': 0.028957380885314705, 'lat': 53.13, 'lon': -115.98, 'status': 'repaired', 'days_active': 120, 'days_active_prog_start': 0, 'tagged': True, 'component': 'unknown', 'date_began': datetime.datetime(2017, 11, 3, 0, 0), 'date_tagged': datetime.datetime(2018, 3, 3, 0, 0), 'tagged_by_company': 'natural', 'tagged_by_crew': 1, 'init_detect_by': 'natural', 'init_detect_date': datetime.datetime(2018, 3, 3, 0, 0), 'requires_shutdown': False, 'date_repaired': datetime.datetime(2018, 3, 3, 16, 0), 'repair_delay': 0, 'OGI_sp_covered': 1}, {'leak_ID': 'ABRAND00402_0000000003', 'facility_ID': 'ABRAND00402', 'equipment_group': 3, 'rate': 0.03516998048795985, 'lat': 53.13, 'lon': -115.98, 'status': 'repaired', 'days_active': 120, 'days_active_prog_start': 0, 'tagged': True, 'component': 'unknown', 'date_began': datetime.datetime(2018, 7, 9, 0, 0), 'date_tagged': datetime.datetime(2018, 11, 6, 0, 0), 'tagged_by_company': 'natural', 'tagged_by_crew': 1, 'init_detect_by': 'natural', 'init_detect_date': datetime.datetime(2018, 11, 6, 0, 0), 'requires_shutdown': False, 'date_repaired': datetime.datetime(2018, 11, 6, 16, 0), 'repair_delay': 0, 'OGI_sp_covered': 1}, {'leak_ID': 'ABRAND00402_0000000004', 'facility_ID': 'ABRAND00402', 'equipment_group': 2, 'rate': 0.0075923677139269116, 'lat': 53.13, 'lon': -115.98, 'status': 'repaired', 'days_active': 120, 'days_active_prog_start': 0, 'tagged': True, 'component': 'unknown', 'date_began': datetime.datetime(2019, 5, 16, 0, 0), 'date_tagged': datetime.datetime(2019, 9, 13, 0, 0), 'tagged_by_company': 'natural', 'tagged_by_crew': 1, 'init_detect_by': 'natural', 'init_detect_date': datetime.datetime(2019, 9, 13, 0, 0), 'requires_shutdown': False, 'date_repaired': datetime.datetime(2019, 9, 13, 16, 0), 'repair_delay': 0, 'OGI_sp_covered': 1}, {'leak_ID': 'ABRAND00402_0000000005', 'facility_ID': 'ABRAND00402', 'equipment_group': 2, 'rate': 0.006104549528887896, 'lat': 53.13, 'lon': -115.98, 'status': 'repaired', 'days_active': 120, 'days_active_prog_start': 0, 'tagged': True, 'component': 'unknown', 'date_began': datetime.datetime(2020, 2, 3, 0, 0), 'date_tagged': datetime.datetime(2020, 6, 2, 0, 0), 'tagged_by_company': 'natural', 'tagged_by_crew': 1, 'init_detect_by': 'natural', 'init_detect_date': datetime.datetime(2020, 6, 2, 0, 0), 'requires_shutdown': False, 'date_repaired': datetime.datetime(2020, 6, 2, 16, 0), 'repair_delay': 0, 'OGI_sp_covered': 1}, {'leak_ID': 'ABRAND00402_0000000006', 'facility_ID': 'ABRAND00402', 'equipment_group': 1, 'rate': 0.03481720634647451, 'lat': 53.13, 'lon': -115.98, 'status': 'repaired', 'days_active': 120, 'days_active_prog_start': 0, 'tagged': True, 'component': 'unknown', 'date_began': datetime.datetime(2020, 3, 5, 0, 0), 'date_tagged': datetime.datetime(2020, 7, 3, 0, 0), 'tagged_by_company': 'natural', 'tagged_by_crew': 1, 'init_detect_by': 'natural', 'init_detect_date': datetime.datetime(2020, 7, 3, 0, 0), 'requires_shutdown': False, 'date_repaired': datetime.datetime(2020, 7, 3, 16, 0), 'repair_delay': 0, 'OGI_sp_covered': 1}, {'leak_ID': 'ABRAND00402_0000000007', 'facility_ID': 'ABRAND00402', 'equipment_group': 2, 'rate': 0.010106375028791737, 'lat': 53.13, 'lon': -115.98, 'status': 'repaired', 'days_active': 120, 'days_active_prog_start': 0, 'tagged': True, 'component': 'unknown', 'date_began': datetime.datetime(2020, 11, 12, 0, 0), 'date_tagged': datetime.datetime(2021, 3, 12, 0, 0), 'tagged_by_company': 'natural', 'tagged_by_crew': 1, 'init_detect_by': 'natural', 'init_detect_date': datetime.datetime(2021, 3, 12, 0, 0), 'requires_shutdown': False, 'date_repaired': datetime.datetime(2021, 3, 12, 16, 0), 'repair_delay': 0, 'OGI_sp_covered': 1}, {'leak_ID': 'ABRAND00402_0000000008', 'facility_ID': 'ABRAND00402', 'equipment_group': 3, 'rate': 0.049826075790786434, 'lat': 53.13, 'lon': -115.98, 'status': 'repaired', 'days_active': 67, 'days_active_prog_start': 0, 'tagged': True, 'component': 'unknown', 'date_began': datetime.datetime(2021, 6, 30, 0, 0), 'date_tagged': datetime.datetime(2021, 8, 20, 13, 0), 'tagged_by_company': 'OGI', 'tagged_by_crew': 2, 'init_detect_by': 'OGI', 'init_detect_date': datetime.datetime(2021, 8, 20, 13, 0), 'requires_shutdown': False, 'date_repaired': datetime.datetime(2021, 9, 5, 16, 0), 'repair_delay': 16, 'OGI_sp_covered': 1}]",[],1,False,,,,2,4,13,30,False,6,11,1,9,65.71090823354349,2564.310647120684,0.9338677354709419,0.9935107421597951,1.4411077015639604
ABRAND00599,311,52.84,-115.33,2,6,2,2,2,120,1,30,20,120,1,lognorm,0.062287158377333125,[1.462],"['kilogram', 'hour']",<scipy.stats._distn_infrastructure.rv_frozen object at 0x000002073C01D1C8>,0,6,60,607.0956137297893,[],"[{'leak_ID': 'ABRAND00599_0000000000', 'facility_ID': 'ABRAND00599', 'equipment_group': 1, 'rate': 0.008678877118900072, 'lat': 52.84, 'lon': -115.33, 'status': 'repaired', 'days_active': 120, 'days_active_prog_start': 0, 'tagged': True, 'component': 'unknown', 'date_began': datetime.datetime(2019, 9, 12, 0, 0), 'date_tagged': datetime.datetime(2020, 1, 10, 0, 0), 'tagged_by_company': 'natural', 'tagged_by_crew': 1, 'init_detect_by': 'natural', 'init_detect_date': datetime.datetime(2020, 1, 10, 0, 0), 'requires_shutdown': False, 'date_repaired': datetime.datetime(2020, 1, 10, 16, 0), 'repair_delay': 0, 'OGI_sp_covered': 0}, {'leak_ID': 'ABRAND00599_0000000001', 'facility_ID': 'ABRAND00599', 'equipment_group': 1, 'rate': 0.006442995860606657, 'lat': 52.84, 'lon': -115.33, 'status': 'repaired', 'days_active': 120, 'days_active_prog_start': 0, 'tagged': True, 'component': 'unknown', 'date_began': datetime.datetime(2019, 10, 11, 0, 0), 'date_tagged': datetime.datetime(2020, 2, 8, 0, 0), 'tagged_by_company': 'natural', 'tagged_by_crew': 1, 'init_detect_by': 'natural', 'init_detect_date': datetime.datetime(2020, 2, 8, 0, 0), 'requires_shutdown': False, 'date_repaired': datetime.datetime(2020, 2, 8, 16, 0), 'repair_delay': 0, 'OGI_sp_covered': 1}, {'leak_ID': 'ABRAND00599_0000000002', 'facility_ID': 'ABRAND00599', 'equipment_group': 1, 'rate': 0.016433730640903838, 'lat': 52.84, 'lon': -115.33, 'status': 'repaired', 'days_active': 120, 'days_active_prog_start': 0, 'tagged': True, 'component': 'unknown', 'date_began': datetime.datetime(2019, 10, 24, 0, 0), 'date_tagged': datetime.datetime(2020, 2, 21, 0, 0), 'tagged_by_company': 'natural', 'tagged_by_crew': 1, 'init_detect_by': 'natural', 'init_detect_date': datetime.datetime(2020, 2, 21, 0, 0), 'requires_shutdown': False, 'date_repaired': datetime.datetime(2020, 2, 21, 16, 0), 'repair_delay': 0, 'OGI_sp_covered': 1}, {'leak_ID': 'ABRAND00599_0000000003', 'facility_ID': 'ABRAND00599', 'equipment_group': 2, 'rate': 0.0044969730672814465, 'lat': 52.84, 'lon': -115.33, 'status': 'repaired', 'days_active': 120, 'days_active_prog_start': 0, 'tagged': True, 'component': 'unknown', 'date_began': datetime.datetime(2020, 9, 24, 0, 0), 'date_tagged': datetime.datetime(2021, 1, 22, 0, 0), 'tagged_by_company': 'natural', 'tagged_by_crew': 1, 'init_detect_by': 'natural', 'init_detect_date': datetime.datetime(2021, 1, 22, 0, 0), 'requires_shutdown': False, 'date_repaired': datetime.datetime(2021, 1, 22, 16, 0), 'repair_delay': 0, 'OGI_sp_covered': 1}, {'leak_ID': 'ABRAND00599_0000000004', 'facility_ID': 'ABRAND00599', 'equipment_group': 2, 'rate': 0.016526363727422604, 'lat': 52.84, 'lon': -115.33, 'status': 'repaired', 'days_active': 120, 'days_active_prog_start': 0, 'tagged': True, 'component': 'unknown', 'date_began': datetime.datetime(2020, 12, 6, 0, 0), 'date_tagged': datetime.datetime(2021, 4, 5, 0, 0), 'tagged_by_company': 'natural', 'tagged_by_crew': 1, 'init_detect_by': 'natural', 'init_detect_date': datetime.datetime(2021, 4, 5, 0, 0), 'requires_shutdown': False, 'date_repaired': datetime.datetime(2021, 4, 5, 16, 0), 'repair_delay': 0, 'OGI_sp_covered': 1}, {'leak_ID': 'ABRAND00599_0000000005', 'facility_ID': 'ABRAND00599', 'equipment_group': 1, 'rate': 0.005975806279502417, 'lat': 52.84, 'lon': -115.33, 'status': 'repaired', 'days_active': 120, 'days_active_prog_start': 0, 'tagged': True, 'component': 'unknown', 'date_began': datetime.datetime(2021, 6, 15, 0, 0), 'date_tagged': datetime.datetime(2021, 10, 13, 0, 0), 'tagged_by_company': 'natural', 'tagged_by_crew': 1, 'init_detect_by': 'natural', 'init_detect_date': datetime.datetime(2021, 10, 13, 0, 0), 'requires_shutdown': False, 'date_repaired': datetime.datetime(2021, 10, 13, 16, 0), 'repair_delay': 0, 'OGI_sp_covered': 1}]",[],0,False,,,,2,4,13,30,False,6,8,0,6,0.0,607.0956137297893,0.935871743486974,0.9938851666849288,0.33265513081084347
ABRAND01163,601,50.4,-110.44,5,6,2,2,2,120,1,30,20,120,1,lognorm,0.062287158377333125,[1.462],"['kilogram', 'hour']",<scipy.stats._distn_infrastructure.rv_frozen object at 0x000002073C01D1C8>,0,6,60,2312.2401383786364,[],"[{'leak_ID': 'ABRAND01163_0000000000', 'facility_ID': 'ABRAND01163', 'equipment_group': 5, 'rate': 0.06581531585553546, 'lat': 50.4, 'lon': -110.44, 'status': 'repaired', 'days_active': 58, 'days_active_prog_start': 0, 'tagged': True, 'component': 'unknown', 'date_began': datetime.datetime(2017, 9, 8, 0, 0), 'date_tagged': datetime.datetime(2017, 10, 20, 8, 0), 'tagged_by_company': 'OGI', 'tagged_by_crew': 1, 'init_detect_by': 'OGI', 'init_detect_date': datetime.datetime(2017, 10, 20, 8, 0), 'requires_shutdown': False, 'date_repaired': datetime.datetime(2017, 11, 5, 16, 0), 'repair_delay': 16, 'OGI_sp_covered': 1}, {'leak_ID': 'ABRAND01163_0000000001', 'facility_ID': 'ABRAND01163', 'equipment_group': 5, 'rate': 0.0064221015038039495, 'lat': 50.4, 'lon': -110.44, 'status': 'repaired', 'days_active': 120, 'days_active_prog_start': 0, 'tagged': True, 'component': 'unknown', 'date_began': datetime.datetime(2018, 7, 26, 0, 0), 'date_tagged': datetime.datetime(2018, 11, 23, 0, 0), 'tagged_by_company': 'natural', 'tagged_by_crew': 1, 'init_detect_by': 'natural', 'init_detect_date': datetime.datetime(2018, 11, 23, 0, 0), 'requires_shutdown': False, 'date_repaired': datetime.datetime(2018, 11, 23, 16, 0), 'repair_delay': 0, 'OGI_sp_covered': 1}, {'leak_ID': 'ABRAND01163_0000000002', 'facility_ID': 'ABRAND01163', 'equipment_group': 5, 'rate': 0.008330115680155197, 'lat': 50.4, 'lon': -110.44, 'status': 'repaired', 'days_active': 120, 'days_active_prog_start': 0, 'tagged': True, 'component': 'unknown', 'date_began': datetime.datetime(2019, 12, 31, 0, 0), 'date_tagged': datetime.datetime(2020, 4, 29, 0, 0), 'tagged_by_company': 'natural', 'tagged_by_crew': 1, 'init_detect_by': 'natural', 'init_detect_date': datetime.datetime(2020, 4, 29, 0, 0), 'requires_shutdown': False, 'date_repaired': datetime.datetime(2020, 4, 29, 0, 0), 'repair_delay': 0, 'OGI_sp_covered': 1}, {'leak_ID': 'ABRAND01163_0000000003', 'facility_ID': 'ABRAND01163', 'equipment_group': 2, 'rate': 0.014042317914561566, 'lat': 50.4, 'lon': -110.44, 'status': 'repaired', 'days_active': 120, 'days_active_prog_start': 0, 'tagged': True, 'component': 'unknown', 'date_began': datetime.datetime(2020, 6, 1, 0, 0), 'date_tagged': datetime.datetime(2020, 9, 29, 0, 0), 'tagged_by_company': 'natural', 'tagged_by_crew': 1, 'init_detect_by': 'natural', 'init_detect_date': datetime.datetime(2020, 9, 29, 0, 0), 'requires_shutdown': False, 'date_repaired': datetime.datetime(2020, 9, 29, 16, 0), 'repair_delay': 0, 'OGI_sp_covered': 1}, {'leak_ID': 'ABRAND01163_0000000004', 'facility_ID': 'ABRAND01163', 'equipment_group': 1, 'rate': 0.21891724504441806, 'lat': 50.4, 'lon': -110.44, 'status': 'repaired', 'days_active': 75, 'days_active_prog_start': 0, 'tagged': True, 'component': 'unknown', 'date_began': datetime.datetime(2020, 10, 20, 0, 0), 'date_tagged': datetime.datetime(2020, 12, 18, 8, 0), 'tagged_by_company': 'OGI', 'tagged_by_crew': 1, 'init_detect_by': 'OGI', 'init_detect_date': datetime.datetime(2020, 12, 18, 8, 0), 'requires_shutdown': False, 'date_repaired': datetime.datetime(2021, 1, 3, 16, 0), 'repair_delay': 16, 'OGI_sp_covered': 1}, {'leak_ID': 'ABRAND01163_0000000005', 'facility_ID': 'ABRAND01163', 'equipment_group': 4, 'rate': 0.05483237015833443, 'lat': 50.4, 'lon': -110.44, 'status': 'repaired', 'days_active': 56, 'days_active_prog_start': 0, 'tagged': True, 'component': 'unknown', 'date_began': datetime.datetime(2021, 7, 12, 0, 0), 'date_tagged': datetime.datetime(2021, 8, 21, 8, 0), 'tagged_by_company': 'OGI', 'tagged_by_crew': 1, 'init_detect_by': 'OGI', 'init_detect_date': datetime.datetime(2021, 8, 21, 8, 0), 'requires_shutdown': False, 'date_repaired': datetime.datetime(2021, 9, 6, 16, 0), 'repair_delay': 16, 'OGI_sp_covered': 1}]",[],0,False,,,,3,4,12,30,False,6,4,0,6,0.0,2312.2401383786364,0.9378757515030061,0.9942554169624,1.2669808977417185
ABRAND00573,601,52.55,-115.44,1,6,2,2,2,120,1,30,20,120,1,lognorm,0.062287158377333125,[1.462],"['kilogram', 'hour']",<scipy.stats._distn_infrastructure.rv_frozen object at 0x000002073C01D1C8>,0,6,60,6126.315470112022,[],"[{'leak_ID': 'ABRAND00573_0000000000', 'facility_ID': 'ABRAND00573', 'equipment_group': 1, 'rate': 0.34778884660204057, 'lat': 52.55, 'lon': -115.44, 'status': 'repaired', 'days_active': 117, 'days_active_prog_start': 0, 'tagged': True, 'component': 'unknown', 'date_began': datetime.datetime(2017, 11, 13, 0, 0), 'date_tagged': datetime.datetime(2018, 2, 22, 8, 0), 'tagged_by_company': 'OGI', 'tagged_by_crew': 2, 'init_detect_by': 'OGI', 'init_detect_date': datetime.datetime(2018, 2, 22, 8, 0), 'requires_shutdown': False, 'date_repaired': datetime.datetime(2018, 3, 10, 16, 0), 'repair_delay': 16, 'OGI_sp_covered': 1}, {'leak_ID': 'ABRAND00573_0000000001', 'facility_ID': 'ABRAND00573', 'equipment_group': 1, 'rate': 0.00478974768620559, 'lat': 52.55, 'lon': -115.44, 'status': 'repaired', 'days_active': 120, 'days_active_prog_start': 0, 'tagged': True, 'component': 'unknown', 'date_began': datetime.datetime(2018, 5, 26, 0, 0), 'date_tagged': datetime.datetime(2018, 9, 23, 0, 0), 'tagged_by_company': 'natural', 'tagged_by_crew': 1, 'init_detect_by': 'natural', 'init_detect_date': datetime.datetime(2018, 9, 23, 0, 0), 'requires_shutdown': False, 'date_repaired': datetime.datetime(2018, 9, 23, 16, 0), 'repair_delay': 0, 'OGI_sp_covered': 0}, {'leak_ID': 'ABRAND00573_0000000002', 'facility_ID': 'ABRAND00573', 'equipment_group': 1, 'rate': 0.035166263643492374, 'lat': 52.55, 'lon': -115.44, 'status': 'repaired', 'days_active': 120, 'days_active_prog_start': 0, 'tagged': True, 'component': 'unknown', 'date_began': datetime.datetime(2018, 12, 10, 0, 0), 'date_tagged': datetime.datetime(2019, 4, 9, 0, 0), 'tagged_by_company': 'natural', 'tagged_by_crew': 1, 'init_detect_by': 'natural', 'init_detect_date': datetime.datetime(2019, 4, 9, 0, 0), 'requires_shutdown': False, 'date_repaired': datetime.datetime(2019, 4, 9, 16, 0), 'repair_delay': 0, 'OGI_sp_covered': 1}, {'leak_ID': 'ABRAND00573_0000000003', 'facility_ID': 'ABRAND00573', 'equipment_group': 1, 'rate': 0.0025562739355196335, 'lat': 52.55, 'lon': -115.44, 'status': 'repaired', 'days_active': 120, 'days_active_prog_start': 0, 'tagged': True, 'component': 'unknown', 'date_began': datetime.datetime(2019, 7, 20, 0, 0), 'date_tagged': datetime.datetime(2019, 11, 17, 0, 0), 'tagged_by_company': 'natural', 'tagged_by_crew': 1, 'init_detect_by': 'natural', 'init_detect_date': datetime.datetime(2019, 11, 17, 0, 0), 'requires_shutdown': False, 'date_repaired': datetime.datetime(2019, 11, 17, 16, 0), 'repair_delay': 0, 'OGI_sp_covered': 1}, {'leak_ID': 'ABRAND00573_0000000004', 'facility_ID': 'ABRAND00573', 'equipment_group': 1, 'rate': 0.20458534700546444, 'lat': 52.55, 'lon': -115.44, 'status': 'repaired', 'days_active': 120, 'days_active_prog_start': 0, 'tagged': True, 'component': 'unknown', 'date_began': datetime.datetime(2020, 11, 7, 0, 0), 'date_tagged': datetime.datetime(2021, 3, 7, 0, 0), 'tagged_by_company': 'natural', 'tagged_by_crew': 2, 'init_detect_by': 'OGI', 'init_detect_date': datetime.datetime(2021, 2, 22, 8, 0), 'requires_shutdown': False, 'date_repaired': datetime.datetime(2021, 3, 7, 16, 0), 'repair_delay': 0, 'OGI_sp_covered': 1}, {'leak_ID': 'ABRAND00573_0000000005', 'facility_ID': 'ABRAND00573', 'equipment_group': 1, 'rate': 0.004695151060849, 'lat': 52.55, 'lon': -115.44, 'status': 'repaired', 'days_active': 120, 'days_active_prog_start': 0, 'tagged': True, 'component': 'unknown', 'date_began': datetime.datetime(2020, 12, 26, 0, 0), 'date_tagged': datetime.datetime(2021, 4, 25, 0, 0), 'tagged_by_company': 'natural', 'tagged_by_crew': 1, 'init_detect_by': 'natural', 'init_detect_date': datetime.datetime(2021, 4, 25, 0, 0), 'requires_shutdown': False, 'date_repaired': datetime.datetime(2021, 4, 25, 16, 0), 'repair_delay': 0, 'OGI_sp_covered': 0}]",[],0,False,,,,3,4,12,30,False,6,4,0,6,0.0,6126.315470112022,0.9398797595190381,0.9946130842601281,3.356885189102478
ABRAND00324,601,53.16,-116.28,5,6,2,2,2,120,1,30,20,120,1,lognorm,0.062287158377333125,[1.462],"['kilogram', 'hour']",<scipy.stats._distn_infrastructure.rv_frozen object at 0x000002073C01D1C8>,1,4,60,975.2566176783578,[],"[{'leak_ID': 'ABRAND00324_0000000001', 'facility_ID': 'ABRAND00324', 'equipment_group': 2, 'rate': 0.0629555035092226, 'lat': 53.16, 'lon': -116.28, 'status': 'repaired', 'days_active': 44, 'days_active_prog_start': 0, 'tagged': True, 'component': 'unknown', 'date_began': datetime.datetime(2017, 1, 25, 0, 0), 'date_tagged': datetime.datetime(2017, 2, 22, 8, 0), 'tagged_by_company': 'OGI', 'tagged_by_crew': 3, 'init_detect_by': 'OGI', 'init_detect_date': datetime.datetime(2017, 2, 22, 8, 0), 'requires_shutdown': False, 'date_repaired': datetime.datetime(2017, 3, 10, 16, 0), 'repair_delay': 16, 'OGI_sp_covered': 1}, {'leak_ID': 'ABRAND00324_0000000001', 'facility_ID': 'ABRAND00324', 'equipment_group': 5, 'rate': 0.011797925778627203, 'lat': 53.16, 'lon': -116.28, 'status': 'repaired', 'days_active': 120, 'days_active_prog_start': 43, 'tagged': True, 'component': 'unknown', 'date_began': datetime.datetime(2016, 11, 19, 0, 0), 'date_tagged': datetime.datetime(2017, 3, 18, 0, 0), 'tagged_by_company': 'natural', 'tagged_by_crew': 1, 'init_detect_by': 'natural', 'init_detect_date': datetime.datetime(2017, 3, 18, 0, 0), 'requires_shutdown': False, 'date_repaired': datetime.datetime(2017, 3, 18, 16, 0), 'repair_delay': 0, 'OGI_sp_covered': 1}, {'leak_ID': 'ABRAND00324_0000000002', 'facility_ID': 'ABRAND00324', 'equipment_group': 5, 'rate': 0.030440000125275868, 'lat': 53.16, 'lon': -116.28, 'status': 'repaired', 'days_active': 120, 'days_active_prog_start': 0, 'tagged': True, 'component': 'unknown', 'date_began': datetime.datetime(2018, 7, 26, 0, 0), 'date_tagged': datetime.datetime(2018, 11, 23, 0, 0), 'tagged_by_company': 'natural', 'tagged_by_crew': 1, 'init_detect_by': 'natural', 'init_detect_date': datetime.datetime(2018, 11, 23, 0, 0), 'requires_shutdown': False, 'date_repaired': datetime.datetime(2018, 11, 23, 16, 0), 'repair_delay': 0, 'OGI_sp_covered': 1}, {'leak_ID': 'ABRAND00324_0000000003', 'facility_ID': 'ABRAND00324', 'equipment_group': 5, 'rate': 0.14130035285168063, 'lat': 53.16, 'lon': -116.28, 'status': 'repaired', 'days_active': 28, 'days_active_prog_start': 0, 'tagged': True, 'component': 'unknown', 'date_began': datetime.datetime(2020, 8, 8, 0, 0), 'date_tagged': datetime.datetime(2020, 8, 20, 8, 0), 'tagged_by_company': 'OGI', 'tagged_by_crew': 3, 'init_detect_by': 'OGI', 'init_detect_date': datetime.datetime(2020, 8, 20, 8, 0), 'requires_shutdown': False, 'date_repaired': datetime.datetime(2020, 9, 5, 16, 0), 'repair_delay': 16, 'OGI_sp_covered': 1}]",[],1,False,,,,2,4,12,30,False,6,3,0,4,0.0,975.2566176783578,0.9418837675350702,0.9949671396073053,0.5343871877689632
ABRAND00580,311,53.2,-115.42,2,6,2,2,2,120,1,30,20,120,1,lognorm,0.062287158377333125,[1.462],"['kilogram', 'hour']",<scipy.stats._distn_infrastructure.rv_frozen object at 0x000002073C01D1C8>,0,5,60,905.3802638602922,[],"[{'leak_ID': 'ABRAND00580_0000000000', 'facility_ID': 'ABRAND00580', 'equipment_group': 1, 'rate': 0.007162220165391039, 'lat': 53.2, 'lon': -115.42, 'status': 'repaired', 'days_active': 120, 'days_active_prog_start': 0, 'tagged': True, 'component': 'unknown', 'date_began': datetime.datetime(2018, 10, 7, 0, 0), 'date_tagged': datetime.datetime(2019, 2, 4, 0, 0), 'tagged_by_company': 'natural', 'tagged_by_crew': 1, 'init_detect_by': 'natural', 'init_detect_date': datetime.datetime(2019, 2, 4, 0, 0), 'requires_shutdown': False, 'date_repaired': datetime.datetime(2019, 2, 4, 16, 0), 'repair_delay': 0, 'OGI_sp_covered': 1}, {'leak_ID': 'ABRAND00580_0000000001', 'facility_ID': 'ABRAND00580', 'equipment_group': 2, 'rate': 0.021505010909782928, 'lat': 53.2, 'lon': -115.42, 'status': 'repaired', 'days_active': 120, 'days_active_prog_start': 0, 'tagged': True, 'component': 'unknown', 'date_began': datetime.datetime(2019, 12, 23, 0, 0), 'date_tagged': datetime.datetime(2020, 4, 21, 0, 0), 'tagged_by_company': 'natural', 'tagged_by_crew': 1, 'init_detect_by': 'natural', 'init_detect_date': datetime.datetime(2020, 4, 21, 0, 0), 'requires_shutdown': False, 'date_repaired': datetime.datetime(2020, 4, 21, 16, 0), 'repair_delay': 0, 'OGI_sp_covered': 1}, {'leak_ID': 'ABRAND00580_0000000002', 'facility_ID': 'ABRAND00580', 'equipment_group': 1, 'rate': 0.007667625349543139, 'lat': 53.2, 'lon': -115.42, 'status': 'repaired', 'days_active': 120, 'days_active_prog_start': 0, 'tagged': True, 'component': 'unknown', 'date_began': datetime.datetime(2020, 9, 14, 0, 0), 'date_tagged': datetime.datetime(2021, 1, 12, 0, 0), 'tagged_by_company': 'natural', 'tagged_by_crew': 1, 'init_detect_by': 'natural', 'init_detect_date': datetime.datetime(2021, 1, 12, 0, 0), 'requires_shutdown': False, 'date_repaired': datetime.datetime(2021, 1, 12, 16, 0), 'repair_delay': 0, 'OGI_sp_covered': 1}, {'leak_ID': 'ABRAND00580_0000000003', 'facility_ID': 'ABRAND00580', 'equipment_group': 2, 'rate': 0.02262300855941827, 'lat': 53.2, 'lon': -115.42, 'status': 'repaired', 'days_active': 120, 'days_active_prog_start': 0, 'tagged': True, 'component': 'unknown', 'date_began': datetime.datetime(2020, 9, 22, 0, 0), 'date_tagged': datetime.datetime(2021, 1, 20, 0, 0), 'tagged_by_company': 'natural', 'tagged_by_crew': 1, 'init_detect_by': 'natural', 'init_detect_date': datetime.datetime(2021, 1, 20, 0, 0), 'requires_shutdown': False, 'date_repaired': datetime.datetime(2021, 1, 20, 16, 0), 'repair_delay': 0, 'OGI_sp_covered': 1}, {'leak_ID': 'ABRAND00580_0000000004', 'facility_ID': 'ABRAND00580', 'equipment_group': 1, 'rate': 0.028366620341895896, 'lat': 53.2, 'lon': -115.42, 'status': 'repaired', 'days_active': 120, 'days_active_prog_start': 0, 'tagged': True, 'component': 'unknown', 'date_began': datetime.datetime(2020, 12, 14, 0, 0), 'date_tagged': datetime.datetime(2021, 4, 13, 0, 0), 'tagged_by_company': 'natural', 'tagged_by_crew': 1, 'init_detect_by': 'natural', 'init_detect_date': datetime.datetime(2021, 4, 13, 0, 0), 'requires_shutdown': False, 'date_repaired': datetime.datetime(2021, 4, 13, 16, 0), 'repair_delay': 0, 'OGI_sp_covered': 1}]",[],0,False,,,,2,4,12,30,False,6,7,0,5,0.0,905.3802638602922,0.9438877755511023,0.9953200279385452,0.4960987747179683
ABRAND00064,601,54.71,-119.63,2,6,2,2,2,120,1,30,20,120,1,lognorm,0.062287158377333125,[1.462],"['kilogram', 'hour']",<scipy.stats._distn_infrastructure.rv_frozen object at 0x000002073C01D1C8>,1,4,60,724.3326367649806,[],"[{'leak_ID': 'ABRAND00064_0000000001', 'facility_ID': 'ABRAND00064', 'equipment_group': 2, 'rate': 0.025916909056809125, 'lat': 54.71, 'lon': -119.63, 'status': 'repaired', 'days_active': 120, 'days_active_prog_start': 65, 'tagged': True, 'component': 'unknown', 'date_began': datetime.datetime(2016, 10, 28, 0, 0), 'date_tagged': datetime.datetime(2017, 2, 24, 0, 0), 'tagged_by_company': 'natural', 'tagged_by_crew': 1, 'init_detect_by': 'natural', 'init_detect_date': datetime.datetime(2017, 2, 24, 0, 0), 'requires_shutdown': False, 'date_repaired': datetime.datetime(2017, 2, 24, 16, 0), 'repair_delay': 0, 'OGI_sp_covered': 1}, {'leak_ID': 'ABRAND00064_0000000001', 'facility_ID': 'ABRAND00064', 'equipment_group': 2, 'rate': 0.011615049815131602, 'lat': 54.71, 'lon': -119.63, 'status': 'repaired', 'days_active': 120, 'days_active_prog_start': 0, 'tagged': True, 'component': 'unknown', 'date_began': datetime.datetime(2017, 6, 21, 0, 0), 'date_tagged': datetime.datetime(2017, 10, 19, 0, 0), 'tagged_by_company': 'natural', 'tagged_by_crew': 1, 'init_detect_by': 'natural', 'init_detect_date': datetime.datetime(2017, 10, 19, 0, 0), 'requires_shutdown': False, 'date_repaired': datetime.datetime(2017, 10, 19, 16, 0), 'repair_delay': 0, 'OGI_sp_covered': 1}, {'leak_ID': 'ABRAND00064_0000000002', 'facility_ID': 'ABRAND00064', 'equipment_group': 2, 'rate': 0.012467428864679246, 'lat': 54.71, 'lon': -119.63, 'status': 'repaired', 'days_active': 120, 'days_active_prog_start': 0, 'tagged': True, 'component': 'unknown', 'date_began': datetime.datetime(2019, 7, 9, 0, 0), 'date_tagged': datetime.datetime(2019, 11, 6, 0, 0), 'tagged_by_company': 'natural', 'tagged_by_crew': 1, 'init_detect_by': 'natural', 'init_detect_date': datetime.datetime(2019, 11, 6, 0, 0), 'requires_shutdown': False, 'date_repaired': datetime.datetime(2019, 11, 6, 16, 0), 'repair_delay': 0, 'OGI_sp_covered': 1}, {'leak_ID': 'ABRAND00064_0000000003', 'facility_ID': 'ABRAND00064', 'equipment_group': 2, 'rate': 0.03390126793737893, 'lat': 54.71, 'lon': -119.63, 'status': 'repaired', 'days_active': 120, 'days_active_prog_start': 0, 'tagged': True, 'component': 'unknown', 'date_began': datetime.datetime(2020, 3, 29, 0, 0), 'date_tagged': datetime.datetime(2020, 7, 27, 0, 0), 'tagged_by_company': 'natural', 'tagged_by_crew': 1, 'init_detect_by': 'natural', 'init_detect_date': datetime.datetime(2020, 7, 27, 0, 0), 'requires_shutdown': False, 'date_repaired': datetime.datetime(2020, 7, 27, 16, 0), 'repair_delay': 0, 'OGI_sp_covered': 1}]",[],1,False,,,,2,4,12,30,False,6,6,0,4,0.0,724.3326367649806,0.9458917835671342,0.9956687394924297,0.3968945954876606
ABRAND00831,351,52.21,-114.42,4,6,2,2,2,120,1,30,20,120,1,lognorm,0.062287158377333125,[1.462],"['kilogram', 'hour']",<scipy.stats._distn_infrastructure.rv_frozen object at 0x000002073C01D1C8>,1,6,60,1094.3329750618188,[],"[{'leak_ID': 'ABRAND00831_0000000001', 'facility_ID': 'ABRAND00831', 'equipment_group': 2, 'rate': 0.0711425766174244, 'lat': 52.21, 'lon': -114.42, 'status': 'repaired', 'days_active': 120, 'days_active_prog_start': 77, 'tagged': True, 'component': 'unknown', 'date_began': datetime.datetime(2016, 10, 16, 0, 0), 'date_tagged': datetime.datetime(2017, 2, 12, 0, 0), 'tagged_by_company': 'natural', 'tagged_by_crew': 1, 'init_detect_by': 'natural', 'init_detect_date': datetime.datetime(2017, 2, 12, 0, 0), 'requires_shutdown': False, 'date_repaired': datetime.datetime(2017, 2, 12, 16, 0), 'repair_delay': 0}, {'leak_ID': 'ABRAND00831_0000000002', 'facility_ID': 'ABRAND00831', 'equipment_group': 3, 'rate': 0.1433629450955762, 'lat': 52.21, 'lon': -114.42, 'status': 'repaired', 'days_active': 49, 'days_active_prog_start': 0, 'tagged': True, 'component': 'unknown', 'date_began': datetime.datetime(2017, 7, 19, 0, 0), 'date_tagged': datetime.datetime(2017, 8, 21, 10, 30), 'tagged_by_company': 'OGI', 'tagged_by_crew': 3, 'init_detect_by': 'OGI', 'init_detect_date': datetime.datetime(2017, 8, 21, 10, 30), 'requires_shutdown': False, 'date_repaired': datetime.datetime(2017, 9, 6, 16, 0), 'repair_delay': 16, 'OGI_sp_covered': 1}, {'leak_ID': 'ABRAND00831_0000000001', 'facility_ID': 'ABRAND00831', 'equipment_group': 3, 'rate': 0.00954723557254742, 'lat': 52.21, 'lon': -114.42, 'status': 'repaired', 'days_active': 120, 'days_active_prog_start': 0, 'tagged': True, 'component': 'unknown', 'date_began': datetime.datetime(2017, 5, 24, 0, 0), 'date_tagged': datetime.datetime(2017, 9, 21, 0, 0), 'tagged_by_company': 'natural', 'tagged_by_crew': 1, 'init_detect_by': 'natural', 'init_detect_date': datetime.datetime(2017, 9, 21, 0, 0), 'requires_shutdown': False, 'date_repaired': datetime.datetime(2017, 9, 21, 16, 0), 'repair_delay': 0, 'OGI_sp_covered': 0}, {'leak_ID': 'ABRAND00831_0000000003', 'facility_ID': 'ABRAND00831', 'equipment_group': 1, 'rate': 0.0013444418259033085, 'lat': 52.21, 'lon': -114.42, 'status': 'repaired', 'days_active': 120, 'days_active_prog_start': 0, 'tagged': True, 'component': 'unknown', 'date_began': datetime.datetime(2018, 6, 1, 0, 0), 'date_tagged': datetime.datetime(2018, 9, 29, 0, 0), 'tagged_by_company': 'natural', 'tagged_by_crew': 1, 'init_detect_by': 'natural', 'init_detect_date': datetime.datetime(2018, 9, 29, 0, 0), 'requires_shutdown': False, 'date_repaired': datetime.datetime(2018, 9, 29, 16, 0), 'repair_delay': 0, 'OGI_sp_covered': 1}, {'leak_ID': 'ABRAND00831_0000000004', 'facility_ID': 'ABRAND00831', 'equipment_group': 4, 'rate': 0.0055764236386488565, 'lat': 52.21, 'lon': -114.42, 'status': 'repaired', 'days_active': 120, 'days_active_prog_start': 0, 'tagged': True, 'component': 'unknown', 'date_began': datetime.datetime(2018, 11, 29, 0, 0), 'date_tagged': datetime.datetime(2019, 3, 29, 0, 0), 'tagged_by_company': 'natural', 'tagged_by_crew': 1, 'init_detect_by': 'natural', 'init_detect_date': datetime.datetime(2019, 3, 29, 0, 0), 'requires_shutdown': False, 'date_repaired': datetime.datetime(2019, 3, 29, 16, 0), 'repair_delay': 0, 'OGI_sp_covered': 1}, {'leak_ID': 'ABRAND00831_0000000005', 'facility_ID': 'ABRAND00831', 'equipment_group': 1, 'rate': 0.005048364053190935, 'lat': 52.21, 'lon': -114.42, 'status': 'repaired', 'days_active': 120, 'days_active_prog_start': 0, 'tagged': True, 'component': 'unknown', 'date_began': datetime.datetime(2020, 8, 31, 0, 0), 'date_tagged': datetime.datetime(2020, 12, 29, 0, 0), 'tagged_by_company': 'natural', 'tagged_by_crew': 1, 'init_detect_by': 'natural', 'init_detect_date': datetime.datetime(2020, 12, 29, 0, 0), 'requires_shutdown': False, 'date_repaired': datetime.datetime(2020, 12, 29, 0, 0), 'repair_delay': 0, 'OGI_sp_covered': 1}]",[],1,False,,,,3,4,12,30,False,6,7,0,6,0.0,1094.3329750618188,0.9478957915831663,0.9959822312191646,0.5996345068831884
ABRAND00380,311,53.34,-116.03,1,6,2,2,2,120,1,30,20,120,1,lognorm,0.062287158377333125,[1.462],"['kilogram', 'hour']",<scipy.stats._distn_infrastructure.rv_frozen object at 0x000002073C01D1C8>,0,5,60,2095.5620774861163,[],"[{'leak_ID': 'ABRAND00380_0000000000', 'facility_ID': 'ABRAND00380', 'equipment_group': 1, 'rate': 0.0049915599374317455, 'lat': 53.34, 'lon': -116.03, 'status': 'repaired', 'days_active': 120, 'days_active_prog_start': 0, 'tagged': True, 'component': 'unknown', 'date_began': datetime.datetime(2017, 2, 15, 0, 0), 'date_tagged': datetime.datetime(2017, 6, 15, 0, 0), 'tagged_by_company': 'natural', 'tagged_by_crew': 1, 'init_detect_by': 'natural', 'init_detect_date': datetime.datetime(2017, 6, 15, 0, 0), 'requires_shutdown': False, 'date_repaired': datetime.datetime(2017, 6, 15, 16, 0), 'repair_delay': 0, 'OGI_sp_covered': 1}, {'leak_ID': 'ABRAND00380_0000000001', 'facility_ID': 'ABRAND00380', 'equipment_group': 1, 'rate': 0.41830331262343, 'lat': 53.34, 'lon': -116.03, 'status': 'repaired', 'days_active': 41, 'days_active_prog_start': 0, 'tagged': True, 'component': 'unknown', 'date_began': datetime.datetime(2017, 5, 28, 0, 0), 'date_tagged': datetime.datetime(2017, 6, 22, 13, 0), 'tagged_by_company': 'OGI', 'tagged_by_crew': 1, 'init_detect_by': 'OGI', 'init_detect_date': datetime.datetime(2017, 6, 22, 13, 0), 'requires_shutdown': False, 'date_repaired': datetime.datetime(2017, 7, 8, 16, 0), 'repair_delay': 16, 'OGI_sp_covered': 1}, {'leak_ID': 'ABRAND00380_0000000002', 'facility_ID': 'ABRAND00380', 'equipment_group': 1, 'rate': 0.07401682250219173, 'lat': 53.34, 'lon': -116.03, 'status': 'repaired', 'days_active': 58, 'days_active_prog_start': 0, 'tagged': True, 'component': 'unknown', 'date_began': datetime.datetime(2018, 1, 11, 0, 0), 'date_tagged': datetime.datetime(2018, 2, 22, 13, 0), 'tagged_by_company': 'OGI', 'tagged_by_crew': 1, 'init_detect_by': 'OGI', 'init_detect_date': datetime.datetime(2018, 2, 22, 13, 0), 'requires_shutdown': False, 'date_repaired': datetime.datetime(2018, 3, 10, 16, 0), 'repair_delay': 16, 'OGI_sp_covered': 1}, {'leak_ID': 'ABRAND00380_0000000003', 'facility_ID': 'ABRAND00380', 'equipment_group': 1, 'rate': 0.009984081223219312, 'lat': 53.34, 'lon': -116.03, 'status': 'repaired', 'days_active': 120, 'days_active_prog_start': 0, 'tagged': True, 'component': 'unknown', 'date_began': datetime.datetime(2018, 8, 29, 0, 0), 'date_tagged': datetime.datetime(2018, 12, 27, 0, 0), 'tagged_by_company': 'natural', 'tagged_by_crew': 1, 'init_detect_by': 'natural', 'init_detect_date': datetime.datetime(2018, 12, 27, 0, 0), 'requires_shutdown': False, 'date_repaired': datetime.datetime(2018, 12, 27, 0, 0), 'repair_delay': 0, 'OGI_sp_covered': 1}, {'leak_ID': 'ABRAND00380_0000000004', 'facility_ID': 'ABRAND00380', 'equipment_group': 1, 'rate': 0.00844751874732489, 'lat': 53.34, 'lon': -116.03, 'status': 'repaired', 'days_active': 120, 'days_active_prog_start': 0, 'tagged': True, 'component': 'unknown', 'date_began': datetime.datetime(2020, 1, 12, 0, 0), 'date_tagged': datetime.datetime(2020, 5, 11, 0, 0), 'tagged_by_company': 'natural', 'tagged_by_crew': 1, 'init_detect_by': 'natural', 'init_detect_date': datetime.datetime(2020, 5, 11, 0, 0), 'requires_shutdown': False, 'date_repaired': datetime.datetime(2020, 5, 11, 16, 0), 'repair_delay': 0, 'OGI_sp_covered': 1}]",[],0,False,,,,2,4,12,30,False,6,5,0,5,0.0,2095.5620774861163,0.9498997995991983,0.996281421412173,1.1482531931430775
ABRAND00551,601,52.78,-115.54,5,6,2,2,2,120,1,30,20,120,1,lognorm,0.062287158377333125,[1.462],"['kilogram', 'hour']",<scipy.stats._distn_infrastructure.rv_frozen object at 0x000002073C01D1C8>,1,3,60,274.3624852124967,[],"[{'leak_ID': 'ABRAND00551_0000000001', 'facility_ID': 'ABRAND00551', 'equipment_group': 5, 'rate': 0.06933091343228157, 'lat': 52.78, 'lon': -115.54, 'status': 'repaired', 'days_active': 120, 'days_active_prog_start': 117, 'tagged': True, 'component': 'unknown', 'date_began': datetime.datetime(2016, 9, 6, 0, 0), 'date_tagged': datetime.datetime(2017, 1, 3, 0, 0), 'tagged_by_company': 'natural', 'tagged_by_crew': 1, 'init_detect_by': 'natural', 'init_detect_date': datetime.datetime(2017, 1, 3, 0, 0), 'requires_shutdown': False, 'date_repaired': datetime.datetime(2017, 1, 3, 16, 0), 'repair_delay': 0}, {'leak_ID': 'ABRAND00551_0000000001', 'facility_ID': 'ABRAND00551', 'equipment_group': 5, 'rate': 0.022164235837986414, 'lat': 52.78, 'lon': -115.54, 'status': 'repaired', 'days_active': 120, 'days_active_prog_start': 0, 'tagged': True, 'component': 'unknown', 'date_began': datetime.datetime(2019, 7, 20, 0, 0), 'date_tagged': datetime.datetime(2019, 11, 17, 0, 0), 'tagged_by_company': 'natural', 'tagged_by_crew': 1, 'init_detect_by': 'natural', 'init_detect_date': datetime.datetime(2019, 11, 17, 0, 0), 'requires_shutdown': False, 'date_repaired': datetime.datetime(2019, 11, 17, 16, 0), 'repair_delay': 0, 'OGI_sp_covered': 1}, {'leak_ID': 'ABRAND00551_0000000002', 'facility_ID': 'ABRAND00551', 'equipment_group': 4, 'rate': 0.0025649223845106302, 'lat': 52.78, 'lon': -115.54, 'status': 'repaired', 'days_active': 120, 'days_active_prog_start': 0, 'tagged': True, 'component': 'unknown', 'date_began': datetime.datetime(2020, 3, 17, 0, 0), 'date_tagged': datetime.datetime(2020, 7, 15, 0, 0), 'tagged_by_company': 'natural', 'tagged_by_crew': 1, 'init_detect_by': 'natural', 'init_detect_date': datetime.datetime(2020, 7, 15, 0, 0), 'requires_shutdown': False, 'date_repaired': datetime.datetime(2020, 7, 15, 16, 0), 'repair_delay': 0, 'OGI_sp_covered': 1}]",[],1,False,,,,2,4,12,30,False,6,4,0,3,0.0,274.3624852124967,0.9519038076152304,0.9965712177315308,0.15033560833561463
ABRAND00386,601,54.16,-116.02,1,6,2,2,2,120,1,30,20,120,1,lognorm,0.062287158377333125,[1.462],"['kilogram', 'hour']",<scipy.stats._distn_infrastructure.rv_frozen object at 0x000002073C01D1C8>,0,8,60,1197.8228196210455,[],"[{'leak_ID': 'ABRAND00386_0000000000', 'facility_ID': 'ABRAND00386', 'equipment_group': 1, 'rate': 0.011558083240376427, 'lat': 54.16, 'lon': -116.02, 'status': 'repaired', 'days_active': 120, 'days_active_prog_start': 0, 'tagged': True, 'component': 'unknown', 'date_began': datetime.datetime(2017, 3, 2, 0, 0), 'date_tagged': datetime.datetime(2017, 6, 30, 0, 0), 'tagged_by_company': 'natural', 'tagged_by_crew': 1, 'init_detect_by': 'natural', 'init_detect_date': datetime.datetime(2017, 6, 30, 0, 0), 'requires_shutdown': False, 'date_repaired': datetime.datetime(2017, 6, 30, 16, 0), 'repair_delay': 0, 'OGI_sp_covered': 1}, {'leak_ID': 'ABRAND00386_0000000001', 'facility_ID': 'ABRAND00386', 'equipment_group': 1, 'rate': 0.012584335981327993, 'lat': 54.16, 'lon': -116.02, 'status': 'repaired', 'days_active': 120, 'days_active_prog_start': 0, 'tagged': True, 'component': 'unknown', 'date_began': datetime.datetime(2017, 8, 20, 0, 0), 'date_tagged': datetime.datetime(2017, 12, 18, 0, 0), 'tagged_by_company': 'natural', 'tagged_by_crew': 1, 'init_detect_by': 'natural', 'init_detect_date': datetime.datetime(2017, 12, 18, 0, 0), 'requires_shutdown': False, 'date_repaired': datetime.datetime(2017, 12, 18, 16, 0), 'repair_delay': 0, 'OGI_sp_covered': 1}, {'leak_ID': 'ABRAND00386_0000000002', 'facility_ID': 'ABRAND00386', 'equipment_group': 1, 'rate': 0.019758353376361937, 'lat': 54.16, 'lon': -116.02, 'status': 'repaired', 'days_active': 120, 'days_active_prog_start': 0, 'tagged': True, 'component': 'unknown', 'date_began': datetime.datetime(2018, 2, 12, 0, 0), 'date_tagged': datetime.datetime(2018, 6, 12, 0, 0), 'tagged_by_company': 'natural', 'tagged_by_crew': 1, 'init_detect_by': 'natural', 'init_detect_date': datetime.datetime(2018, 6, 12, 0, 0), 'requires_shutdown': False, 'date_repaired': datetime.datetime(2018, 6, 12, 16, 0), 'repair_delay': 0, 'OGI_sp_covered': 1}, {'leak_ID': 'ABRAND00386_0000000003', 'facility_ID': 'ABRAND00386', 'equipment_group': 1, 'rate': 0.1320537609244087, 'lat': 54.16, 'lon': -116.02, 'status': 'repaired', 'days_active': 23, 'days_active_prog_start': 0, 'tagged': True, 'component': 'unknown', 'date_began': datetime.datetime(2018, 6, 15, 0, 0), 'date_tagged': datetime.datetime(2018, 6, 22, 13, 0), 'tagged_by_company': 'OGI', 'tagged_by_crew': 3, 'init_detect_by': 'OGI', 'init_detect_date': datetime.datetime(2018, 6, 22, 13, 0), 'requires_shutdown': False, 'date_repaired': datetime.datetime(2018, 7, 8, 16, 0), 'repair_delay': 16, 'OGI_sp_covered': 1}, {'leak_ID': 'ABRAND00386_0000000004', 'facility_ID': 'ABRAND00386', 'equipment_group': 1, 'rate': 0.0038293074244741825, 'lat': 54.16, 'lon': -116.02, 'status': 'repaired', 'days_active': 120, 'days_active_prog_start': 0, 'tagged': True, 'component': 'unknown', 'date_began': datetime.datetime(2019, 3, 10, 0, 0), 'date_tagged': datetime.datetime(2019, 7, 8, 0, 0), 'tagged_by_company': 'natural', 'tagged_by_crew': 1, 'init_detect_by': 'natural', 'init_detect_date': datetime.datetime(2019, 7, 8, 0, 0), 'requires_shutdown': False, 'date_repaired': datetime.datetime(2019, 7, 8, 16, 0), 'repair_delay': 0, 'OGI_sp_covered': 1}, {'leak_ID': 'ABRAND00386_0000000005', 'facility_ID': 'ABRAND00386', 'equipment_group': 1, 'rate': 0.018277210394493957, 'lat': 54.16, 'lon': -116.02, 'status': 'repaired', 'days_active': 120, 'days_active_prog_start': 0, 'tagged': True, 'component': 'unknown', 'date_began': datetime.datetime(2019, 9, 11, 0, 0), 'date_tagged': datetime.datetime(2020, 1, 9, 0, 0), 'tagged_by_company': 'natural', 'tagged_by_crew': 1, 'init_detect_by': 'natural', 'init_detect_date': datetime.datetime(2020, 1, 9, 0, 0), 'requires_shutdown': False, 'date_repaired': datetime.datetime(2020, 1, 9, 16, 0), 'repair_delay': 0, 'OGI_sp_covered': 1}, {'leak_ID': 'ABRAND00386_0000000006', 'facility_ID': 'ABRAND00386', 'equipment_group': 1, 'rate': 0.0008498546377545799, 'lat': 54.16, 'lon': -116.02, 'status': 'repaired', 'days_active': 120, 'days_active_prog_start': 0, 'tagged': True, 'component': 'unknown', 'date_began': datetime.datetime(2021, 4, 7, 0, 0), 'date_tagged': datetime.datetime(2021, 8, 5, 0, 0), 'tagged_by_company': 'natural', 'tagged_by_crew': 1, 'init_detect_by': 'natural', 'init_detect_date': datetime.datetime(2021, 8, 5, 0, 0), 'requires_shutdown': False, 'date_repaired': datetime.datetime(2021, 8, 5, 16, 0), 'repair_delay': 0, 'OGI_sp_covered': 1}, {'leak_ID': 'ABRAND00386_0000000007', 'facility_ID': 'ABRAND00386', 'equipment_group': 1, 'rate': 0.023363301117284654, 'lat': 54.16, 'lon': -116.02, 'status': 'repaired', 'days_active': 120, 'days_active_prog_start': 0, 'tagged': True, 'component': 'unknown', 'date_began': datetime.datetime(2021, 7, 7, 0, 0), 'date_tagged': datetime.datetime(2021, 11, 4, 0, 0), 'tagged_by_company': 'natural', 'tagged_by_crew': 1, 'init_detect_by': 'natural', 'init_detect_date': datetime.datetime(2021, 11, 4, 0, 0), 'requires_shutdown': False, 'date_repaired': datetime.datetime(2021, 11, 4, 16, 0), 'repair_delay': 0, 'OGI_sp_covered': 1}]",[],0,False,,,,2,4,12,30,False,6,11,0,8,0.0,1197.8228196210455,0.9539078156312625,0.9968609051377684,0.6563412710252304
ABRAND00801,621,52.48,-114.5,1,6,2,2,2,120,1,30,20,120,1,lognorm,0.062287158377333125,[1.462],"['kilogram', 'hour']",<scipy.stats._distn_infrastructure.rv_frozen object at 0x000002073C01D1C8>,2,5,60,454.5863134879165,[],"[{'leak_ID': 'ABRAND00801_0000000001', 'facility_ID': 'ABRAND00801', 'equipment_group': 1, 'rate': 0.00497918943441071, 'lat': 52.48, 'lon': -114.5, 'status': 'repaired', 'days_active': 120, 'days_active_prog_start': 101, 'tagged': True, 'component': 'unknown', 'date_began': datetime.datetime(2016, 9, 22, 0, 0), 'date_tagged': datetime.datetime(2017, 1, 19, 0, 0), 'tagged_by_company': 'natural', 'tagged_by_crew': 1, 'init_detect_by': 'natural', 'init_detect_date': datetime.datetime(2017, 1, 19, 0, 0), 'requires_shutdown': False, 'date_repaired': datetime.datetime(2017, 1, 19, 16, 0), 'repair_delay': 0}, {'leak_ID': 'ABRAND00801_0000000002', 'facility_ID': 'ABRAND00801', 'equipment_group': 1, 'rate': 0.003073269299226514, 'lat': 52.48, 'lon': -114.5, 'status': 'repaired', 'days_active': 120, 'days_active_prog_start': 31, 'tagged': True, 'component': 'unknown', 'date_began': datetime.datetime(2016, 12, 1, 0, 0), 'date_tagged': datetime.datetime(2017, 3, 30, 0, 0), 'tagged_by_company': 'natural', 'tagged_by_crew': 1, 'init_detect_by': 'natural', 'init_detect_date': datetime.datetime(2017, 3, 30, 0, 0), 'requires_shutdown': False, 'date_repaired': datetime.datetime(2017, 3, 30, 16, 0), 'repair_delay': 0, 'OGI_sp_covered': 1}, {'leak_ID': 'ABRAND00801_0000000003', 'facility_ID': 'ABRAND00801', 'equipment_group': 1, 'rate': 0.08389104412773797, 'lat': 52.48, 'lon': -114.5, 'status': 'repaired', 'days_active': 18, 'days_active_prog_start': 0, 'tagged': True, 'component': 'unknown', 'date_began': datetime.datetime(2017, 6, 21, 0, 0), 'date_tagged': datetime.datetime(2017, 6, 23, 8, 0), 'tagged_by_company': 'OGI', 'tagged_by_crew': 1, 'init_detect_by': 'OGI', 'init_detect_date': datetime.datetime(2017, 6, 23, 8, 0), 'requires_shutdown': False, 'date_repaired': datetime.datetime(2017, 7, 9, 16, 0), 'repair_delay': 16, 'OGI_sp_covered': 1}, {'leak_ID': 'ABRAND00801_0000000002', 'facility_ID': 'ABRAND00801', 'equipment_group': 1, 'rate': 0.013706784448668002, 'lat': 52.48, 'lon': -114.5, 'status': 'repaired', 'days_active': 120, 'days_active_prog_start': 0, 'tagged': True, 'component': 'unknown', 'date_began': datetime.datetime(2017, 5, 23, 0, 0), 'date_tagged': datetime.datetime(2017, 9, 20, 0, 0), 'tagged_by_company': 'natural', 'tagged_by_crew': 1, 'init_detect_by': 'natural', 'init_detect_date': datetime.datetime(2017, 9, 20, 0, 0), 'requires_shutdown': False, 'date_repaired': datetime.datetime(2017, 9, 20, 16, 0), 'repair_delay': 0, 'OGI_sp_covered': 0}, {'leak_ID': 'ABRAND00801_0000000004', 'facility_ID': 'ABRAND00801', 'equipment_group': 1, 'rate': 0.01448697641954164, 'lat': 52.48, 'lon': -114.5, 'status': 'repaired', 'days_active': 120, 'days_active_prog_start': 0, 'tagged': True, 'component': 'unknown', 'date_began': datetime.datetime(2020, 1, 7, 0, 0), 'date_tagged': datetime.datetime(2020, 5, 6, 0, 0), 'tagged_by_company': 'natural', 'tagged_by_crew': 1, 'init_detect_by': 'natural', 'init_detect_date': datetime.datetime(2020, 5, 6, 0, 0), 'requires_shutdown': False, 'date_repaired': datetime.datetime(2020, 5, 6, 16, 0), 'repair_delay': 0, 'OGI_sp_covered': 1}]",[],2,False,,,,3,4,11,30,False,6,3,0,5,0.0,454.5863134879165,0.9559118236472945,0.9971423222148014,0.24908839095228302
ABRAND00155,601,54.8,-119.1,4,6,2,2,2,120,1,30,20,120,1,lognorm,0.062287158377333125,[1.462],"['kilogram', 'hour']",<scipy.stats._distn_infrastructure.rv_frozen object at 0x000002073C01D1C8>,0,4,60,591.6142604682462,"[{'leak_ID': 'ABRAND00155_0000000003', 'facility_ID': 'ABRAND00155', 'equipment_group': 2, 'rate': 0.02467141222926075, 'lat': 54.8, 'lon': -119.1, 'status': 'active', 'days_active': 48, 'days_active_prog_start': 0, 'tagged': False, 'component': 'unknown', 'date_began': datetime.datetime(2021, 11, 12, 0, 0), 'date_tagged': None, 'tagged_by_company': None, 'tagged_by_crew': None, 'init_detect_by': None, 'init_detect_date': None, 'requires_shutdown': False, 'date_repaired': None, 'repair_delay': None, 'OGI_sp_covered': 1}]","[{'leak_ID': 'ABRAND00155_0000000000', 'facility_ID': 'ABRAND00155', 'equipment_group': 2, 'rate': 0.004375943207344601, 'lat': 54.8, 'lon': -119.1, 'status': 'repaired', 'days_active': 120, 'days_active_prog_start': 0, 'tagged': True, 'component': 'unknown', 'date_began': datetime.datetime(2017, 8, 1, 0, 0), 'date_tagged': datetime.datetime(2017, 11, 29, 0, 0), 'tagged_by_company': 'natural', 'tagged_by_crew': 1, 'init_detect_by': 'natural', 'init_detect_date': datetime.datetime(2017, 11, 29, 0, 0), 'requires_shutdown': False, 'date_repaired': datetime.datetime(2017, 11, 29, 16, 0), 'repair_delay': 0, 'OGI_sp_covered': 1}, {'leak_ID': 'ABRAND00155_0000000001', 'facility_ID': 'ABRAND00155', 'equipment_group': 4, 'rate': 0.02636320168033473, 'lat': 54.8, 'lon': -119.1, 'status': 'repaired', 'days_active': 120, 'days_active_prog_start': 0, 'tagged': True, 'component': 'unknown', 'date_began': datetime.datetime(2019, 1, 29, 0, 0), 'date_tagged': datetime.datetime(2019, 5, 29, 0, 0), 'tagged_by_company': 'natural', 'tagged_by_crew': 1, 'init_detect_by': 'natural', 'init_detect_date': datetime.datetime(2019, 5, 29, 0, 0), 'requires_shutdown': False, 'date_repaired': datetime.datetime(2019, 5, 29, 16, 0), 'repair_delay': 0, 'OGI_sp_covered': 1}, {'leak_ID': 'ABRAND00155_0000000002', 'facility_ID': 'ABRAND00155', 'equipment_group': 3, 'rate': 0.04487413864572726, 'lat': 54.8, 'lon': -119.1, 'status': 'repaired', 'days_active': 44, 'days_active_prog_start': 0, 'tagged': True, 'component': 'unknown', 'date_began': datetime.datetime(2020, 7, 24, 0, 0), 'date_tagged': datetime.datetime(2020, 8, 21, 8, 0), 'tagged_by_company': 'OGI', 'tagged_by_crew': 2, 'init_detect_by': 'OGI', 'init_detect_date': datetime.datetime(2020, 8, 21, 8, 0), 'requires_shutdown': False, 'date_repaired': datetime.datetime(2020, 9, 6, 16, 0), 'repair_delay': 16, 'OGI_sp_covered': 1}]",[],0,False,,,,2,4,11,30,False,6,5,1,3,102.31728079719018,489.2969796710561,0.9579158316633266,0.9974166301017667,0.3241721975168473
ABRAND01090,601,51.2,-111.47,5,6,2,2,2,120,1,30,20,120,1,lognorm,0.062287158377333125,[1.462],"['kilogram', 'hour']",<scipy.stats._distn_infrastructure.rv_frozen object at 0x000002073C01D1C8>,1,5,60,619.462186481115,[],"[{'leak_ID': 'ABRAND01090_0000000001', 'facility_ID': 'ABRAND01090', 'equipment_group': 5, 'rate': 0.004534544729936583, 'lat': 51.2, 'lon': -111.47, 'status': 'repaired', 'days_active': 120, 'days_active_prog_start': 91, 'tagged': True, 'component': 'unknown', 'date_began': datetime.datetime(2016, 10, 2, 0, 0), 'date_tagged': datetime.datetime(2017, 1, 29, 0, 0), 'tagged_by_company': 'natural', 'tagged_by_crew': 1, 'init_detect_by': 'natural', 'init_detect_date': datetime.datetime(2017, 1, 29, 0, 0), 'requires_shutdown': False, 'date_repaired': datetime.datetime(2017, 1, 29, 16, 0), 'repair_delay': 0}, {'leak_ID': 'ABRAND01090_0000000001', 'facility_ID': 'ABRAND01090', 'equipment_group': 3, 'rate': 0.015190707975512995, 'lat': 51.2, 'lon': -111.47, 'status': 'repaired', 'days_active': 120, 'days_active_prog_start': 0, 'tagged': True, 'component': 'unknown', 'date_began': datetime.datetime(2019, 6, 22, 0, 0), 'date_tagged': datetime.datetime(2019, 10, 20, 0, 0), 'tagged_by_company': 'natural', 'tagged_by_crew': 1, 'init_detect_by': 'natural', 'init_detect_date': datetime.datetime(2019, 10, 20, 0, 0), 'requires_shutdown': False, 'date_repaired': datetime.datetime(2019, 10, 20, 16, 0), 'repair_delay': 0, 'OGI_sp_covered': 1}, {'leak_ID': 'ABRAND01090_0000000002', 'facility_ID': 'ABRAND01090', 'equipment_group': 5, 'rate': 0.04583292122860285, 'lat': 51.2, 'lon': -111.47, 'status': 'repaired', 'days_active': 47, 'days_active_prog_start': 0, 'tagged': True, 'component': 'unknown', 'date_began': datetime.datetime(2019, 11, 19, 0, 0), 'date_tagged': datetime.datetime(2019, 12, 20, 8, 0), 'tagged_by_company': 'OGI', 'tagged_by_crew': 3, 'init_detect_by': 'OGI', 'init_detect_date': datetime.datetime(2019, 12, 20, 8, 0), 'requires_shutdown': False, 'date_repaired': datetime.datetime(2020, 1, 5, 16, 0), 'repair_delay': 16, 'OGI_sp_covered': 1}, {'leak_ID': 'ABRAND01090_0000000003', 'facility_ID': 'ABRAND01090', 'equipment_group': 4, 'rate': 0.03826898447522794, 'lat': 51.2, 'lon': -111.47, 'status': 'repaired', 'days_active': 24, 'days_active_prog_start': 0, 'tagged': True, 'component': 'unknown', 'date_began': datetime.datetime(2020, 2, 15, 0, 0), 'date_tagged': datetime.datetime(2020, 2, 23, 8, 0), 'tagged_by_company': 'OGI', 'tagged_by_crew': 3, 'init_detect_by': 'OGI', 'init_detect_date': datetime.datetime(2020, 2, 23, 8, 0), 'requires_shutdown': False, 'date_repaired': datetime.datetime(2020, 3, 10, 16, 0), 'repair_delay': 16, 'OGI_sp_covered': 1}, {'leak_ID': 'ABRAND01090_0000000004', 'facility_ID': 'ABRAND01090', 'equipment_group': 5, 'rate': 0.07142371843469295, 'lat': 51.2, 'lon': -111.47, 'status': 'repaired', 'days_active': 30, 'days_active_prog_start': 0, 'tagged': True, 'component': 'unknown', 'date_began': datetime.datetime(2021, 4, 10, 0, 0), 'date_tagged': datetime.datetime(2021, 4, 24, 8, 0), 'tagged_by_company': 'OGI', 'tagged_by_crew': 3, 'init_detect_by': 'OGI', 'init_detect_date': datetime.datetime(2021, 4, 24, 8, 0), 'requires_shutdown': False, 'date_repaired': datetime.datetime(2021, 5, 10, 16, 0), 'repair_delay': 16, 'OGI_sp_covered': 1}]",[],1,False,,,,3,4,11,30,False,6,2,0,5,0.0,619.462186481115,0.9599198396793587,0.9976681066203832,0.3394313350581452
ABRAND00659,311,52.87,-115.13,4,6,2,2,2,120,1,30,20,120,1,lognorm,0.062287158377333125,[1.462],"['kilogram', 'hour']",<scipy.stats._distn_infrastructure.rv_frozen object at 0x000002073C01D1C8>,0,2,60,209.00370032056838,[],"[{'leak_ID': 'ABRAND00659_0000000000', 'facility_ID': 'ABRAND00659', 'equipment_group': 4, 'rate': 0.004086418460371859, 'lat': 52.87, 'lon': -115.13, 'status': 'repaired', 'days_active': 120, 'days_active_prog_start': 0, 'tagged': True, 'component': 'unknown', 'date_began': datetime.datetime(2017, 9, 6, 0, 0), 'date_tagged': datetime.datetime(2018, 1, 4, 0, 0), 'tagged_by_company': 'natural', 'tagged_by_crew': 1, 'init_detect_by': 'natural', 'init_detect_date': datetime.datetime(2018, 1, 4, 0, 0), 'requires_shutdown': False, 'date_repaired': datetime.datetime(2018, 1, 4, 16, 0), 'repair_delay': 0, 'OGI_sp_covered': 1}, {'leak_ID': 'ABRAND00659_0000000001', 'facility_ID': 'ABRAND00659', 'equipment_group': 3, 'rate': 0.01607211745017679, 'lat': 52.87, 'lon': -115.13, 'status': 'repaired', 'days_active': 120, 'days_active_prog_start': 0, 'tagged': True, 'component': 'unknown', 'date_began': datetime.datetime(2017, 9, 14, 0, 0), 'date_tagged': datetime.datetime(2018, 1, 12, 0, 0), 'tagged_by_company': 'natural', 'tagged_by_crew': 1, 'init_detect_by': 'natural', 'init_detect_date': datetime.datetime(2018, 1, 12, 0, 0), 'requires_shutdown': False, 'date_repaired': datetime.datetime(2018, 1, 12, 16, 0), 'repair_delay': 0, 'OGI_sp_covered': 1}]",[],0,False,,,,2,4,11,30,False,6,4,0,2,0.0,209.00370032056838,0.9619238476953907,0.9979084730861343,0.11452257551811966
ABRAND01010,601,53.28,-113.86,1,6,2,2,2,120,1,30,20,120,1,lognorm,0.062287158377333125,[1.462],"['kilogram', 'hour']",<scipy.stats._distn_infrastructure.rv_frozen object at 0x000002073C01D1C8>,0,3,60,1513.785635904223,"[{'leak_ID': 'ABRAND01010_0000000002', 'facility_ID': 'ABRAND01010', 'equipment_group': 1, 'rate': 0.020092461075779475, 'lat': 53.28, 'lon': -113.86, 'status': 'active', 'days_active': 71, 'days_active_prog_start': 0, 'tagged': False, 'component': 'unknown', 'date_began': datetime.datetime(2021, 10, 20, 0, 0), 'date_tagged': None, 'tagged_by_company': None, 'tagged_by_crew': None, 'init_detect_by': None, 'init_detect_date': None, 'requires_shutdown': False, 'date_repaired': None, 'repair_delay': None, 'OGI_sp_covered': 1}]","[{'leak_ID': 'ABRAND01010_0000000000', 'facility_ID': 'ABRAND01010', 'equipment_group': 1, 'rate': 0.0027212680818298816, 'lat': 53.28, 'lon': -113.86, 'status': 'repaired', 'days_active': 120, 'days_active_prog_start': 0, 'tagged': True, 'component': 'unknown', 'date_began': datetime.datetime(2018, 7, 3, 0, 0), 'date_tagged': datetime.datetime(2018, 10, 31, 0, 0), 'tagged_by_company': 'natural', 'tagged_by_crew': 1, 'init_detect_by': 'natural', 'init_detect_date': datetime.datetime(2018, 10, 31, 0, 0), 'requires_shutdown': False, 'date_repaired': datetime.datetime(2018, 10, 31, 16, 0), 'repair_delay': 0, 'OGI_sp_covered': 1}, {'leak_ID': 'ABRAND01010_0000000001', 'facility_ID': 'ABRAND01010', 'equipment_group': 1, 'rate': 0.2021480791798061, 'lat': 53.28, 'lon': -113.86, 'status': 'repaired', 'days_active': 78, 'days_active_prog_start': 0, 'tagged': True, 'component': 'unknown', 'date_began': datetime.datetime(2019, 12, 23, 0, 0), 'date_tagged': datetime.datetime(2020, 2, 23, 10, 30), 'tagged_by_company': 'OGI', 'tagged_by_crew': 2, 'init_detect_by': 'OGI', 'init_detect_date': datetime.datetime(2020, 2, 23, 10, 30), 'requires_shutdown': False, 'date_repaired': datetime.datetime(2020, 3, 10, 16, 0), 'repair_delay': 16, 'OGI_sp_covered': 1}]",[],0,False,,,,2,4,11,30,False,6,3,1,2,123.25519322326161,1390.5304426809614,0.9639278557114228,0.9981361861888862,0.8294715813173824
ABRAND00783,351,52.16,-114.56,2,6,2,2,2,120,1,30,20,120,1,lognorm,0.062287158377333125,[1.462],"['kilogram', 'hour']",<scipy.stats._distn_infrastructure.rv_frozen object at 0x000002073C01D1C8>,0,1,60,362.8161785241405,[],"[{'leak_ID': 'ABRAND00783_0000000000', 'facility_ID': 'ABRAND00783', 'equipment_group': 1, 'rate': 0.03499384437925738, 'lat': 52.16, 'lon': -114.56, 'status': 'repaired', 'days_active': 120, 'days_active_prog_start': 0, 'tagged': True, 'component': 'unknown', 'date_began': datetime.datetime(2017, 12, 5, 0, 0), 'date_tagged': datetime.datetime(2018, 4, 4, 0, 0), 'tagged_by_company': 'natural', 'tagged_by_crew': 1, 'init_detect_by': 'natural', 'init_detect_date': datetime.datetime(2018, 4, 4, 0, 0), 'requires_shutdown': False, 'date_repaired': datetime.datetime(2018, 4, 4, 16, 0), 'repair_delay': 0, 'OGI_sp_covered': 1}]",[],0,False,,,,3,4,11,30,False,6,2,0,1,0.0,362.8161785241405,0.9659318637274549,0.9983573873591124,0.19880338549267973
ABRAND00430,601,53.05,-115.9,4,6,2,2,2,120,1,30,20,120,1,lognorm,0.062287158377333125,[1.462],"['kilogram', 'hour']",<scipy.stats._distn_infrastructure.rv_frozen object at 0x000002073C01D1C8>,0,4,60,454.55275600540364,[],"[{'leak_ID': 'ABRAND00430_0000000000', 'facility_ID': 'ABRAND00430', 'equipment_group': 1, 'rate': 0.011612962263785715, 'lat': 53.05, 'lon': -115.9, 'status': 'repaired', 'days_active': 120, 'days_active_prog_start': 0, 'tagged': True, 'component': 'unknown', 'date_began': datetime.datetime(2018, 8, 19, 0, 0), 'date_tagged': datetime.datetime(2018, 12, 17, 0, 0), 'tagged_by_company': 'natural', 'tagged_by_crew': 1, 'init_detect_by': 'natural', 'init_detect_date': datetime.datetime(2018, 12, 17, 0, 0), 'requires_shutdown': False, 'date_repaired': datetime.datetime(2018, 12, 17, 16, 0), 'repair_delay': 0, 'OGI_sp_covered': 0}, {'leak_ID': 'ABRAND00430_0000000001', 'facility_ID': 'ABRAND00430', 'equipment_group': 2, 'rate': 0.0027119165783187796, 'lat': 53.05, 'lon': -115.9, 'status': 'repaired', 'days_active': 120, 'days_active_prog_start': 0, 'tagged': True, 'component': 'unknown', 'date_began': datetime.datetime(2019, 1, 12, 0, 0), 'date_tagged': datetime.datetime(2019, 5, 12, 0, 0), 'tagged_by_company': 'natural', 'tagged_by_crew': 1, 'init_detect_by': 'natural', 'init_detect_date': datetime.datetime(2019, 5, 12, 0, 0), 'requires_shutdown': False, 'date_repaired': datetime.datetime(2019, 5, 12, 16, 0), 'repair_delay': 0, 'OGI_sp_covered': 1}, {'leak_ID': 'ABRAND00430_0000000002', 'facility_ID': 'ABRAND00430', 'equipment_group': 4, 'rate': 0.06327012334117871, 'lat': 53.05, 'lon': -115.9, 'status': 'repaired', 'days_active': 34, 'days_active_prog_start': 0, 'tagged': True, 'component': 'unknown', 'date_began': datetime.datetime(2019, 6, 5, 0, 0), 'date_tagged': datetime.datetime(2019, 6, 23, 13, 0), 'tagged_by_company': 'OGI', 'tagged_by_crew': 1, 'init_detect_by': 'OGI', 'init_detect_date': datetime.datetime(2019, 6, 23, 13, 0), 'requires_shutdown': False, 'date_repaired': datetime.datetime(2019, 7, 9, 16, 0), 'repair_delay': 16, 'OGI_sp_covered': 1}, {'leak_ID': 'ABRAND00430_0000000003', 'facility_ID': 'ABRAND00430', 'equipment_group': 1, 'rate': 0.011590480116070376, 'lat': 53.05, 'lon': -115.9, 'status': 'repaired', 'days_active': 120, 'days_active_prog_start': 0, 'tagged': True, 'component': 'unknown', 'date_began': datetime.datetime(2020, 4, 6, 0, 0), 'date_tagged': datetime.datetime(2020, 8, 4, 0, 0), 'tagged_by_company': 'natural', 'tagged_by_crew': 1, 'init_detect_by': 'natural', 'init_detect_date': datetime.datetime(2020, 8, 4, 0, 0), 'requires_shutdown': False, 'date_repaired': datetime.datetime(2020, 8, 4, 16, 0), 'repair_delay': 0, 'OGI_sp_covered': 1}]",[],0,False,,,,2,4,11,30,False,6,4,0,4,0.0,454.55275600540364,0.9679358717434869,0.9985510450839568,0.24907000329063214
ABRAND00270,621,54.15,-117.57,4,6,2,2,2,120,1,30,20,120,1,lognorm,0.062287158377333125,[1.462],"['kilogram', 'hour']",<scipy.stats._distn_infrastructure.rv_frozen object at 0x000002073C01D1C8>,0,5,60,408.07870870594076,[],"[{'leak_ID': 'ABRAND00270_0000000000', 'facility_ID': 'ABRAND00270', 'equipment_group': 1, 'rate': 0.014214039839257583, 'lat': 54.15, 'lon': -117.57, 'status': 'repaired', 'days_active': 120, 'days_active_prog_start': 0, 'tagged': True, 'component': 'unknown', 'date_began': datetime.datetime(2018, 7, 8, 0, 0), 'date_tagged': datetime.datetime(2018, 11, 5, 0, 0), 'tagged_by_company': 'natural', 'tagged_by_crew': 1, 'init_detect_by': 'natural', 'init_detect_date': datetime.datetime(2018, 11, 5, 0, 0), 'requires_shutdown': False, 'date_repaired': datetime.datetime(2018, 11, 5, 16, 0), 'repair_delay': 0, 'OGI_sp_covered': 1}, {'leak_ID': 'ABRAND00270_0000000001', 'facility_ID': 'ABRAND00270', 'equipment_group': 1, 'rate': 0.006365438834357628, 'lat': 54.15, 'lon': -117.57, 'status': 'repaired', 'days_active': 120, 'days_active_prog_start': 0, 'tagged': True, 'component': 'unknown', 'date_began': datetime.datetime(2018, 11, 30, 0, 0), 'date_tagged': datetime.datetime(2019, 3, 30, 0, 0), 'tagged_by_company': 'natural', 'tagged_by_crew': 1, 'init_detect_by': 'natural', 'init_detect_date': datetime.datetime(2019, 3, 30, 0, 0), 'requires_shutdown': False, 'date_repaired': datetime.datetime(2019, 3, 30, 16, 0), 'repair_delay': 0, 'OGI_sp_covered': 1}, {'leak_ID': 'ABRAND00270_0000000002', 'facility_ID': 'ABRAND00270', 'equipment_group': 2, 'rate': 0.01108763058276512, 'lat': 54.15, 'lon': -117.57, 'status': 'repaired', 'days_active': 120, 'days_active_prog_start': 0, 'tagged': True, 'component': 'unknown', 'date_began': datetime.datetime(2019, 11, 6, 0, 0), 'date_tagged': datetime.datetime(2020, 3, 5, 0, 0), 'tagged_by_company': 'natural', 'tagged_by_crew': 1, 'init_detect_by': 'natural', 'init_detect_date': datetime.datetime(2020, 3, 5, 0, 0), 'requires_shutdown': False, 'date_repaired': datetime.datetime(2020, 3, 5, 16, 0), 'repair_delay': 0, 'OGI_sp_covered': 1}, {'leak_ID': 'ABRAND00270_0000000003', 'facility_ID': 'ABRAND00270', 'equipment_group': 2, 'rate': 0.0018225310770755274, 'lat': 54.15, 'lon': -117.57, 'status': 'repaired', 'days_active': 120, 'days_active_prog_start': 0, 'tagged': True, 'component': 'unknown', 'date_began': datetime.datetime(2019, 12, 14, 0, 0), 'date_tagged': datetime.datetime(2020, 4, 12, 0, 0), 'tagged_by_company': 'natural', 'tagged_by_crew': 1, 'init_detect_by': 'natural', 'init_detect_date': datetime.datetime(2020, 4, 12, 0, 0), 'requires_shutdown': False, 'date_repaired': datetime.datetime(2020, 4, 12, 16, 0), 'repair_delay': 0, 'OGI_sp_covered': 0}, {'leak_ID': 'ABRAND00270_0000000004', 'facility_ID': 'ABRAND00270', 'equipment_group': 1, 'rate': 0.005869803021669597, 'lat': 54.15, 'lon': -117.57, 'status': 'repaired', 'days_active': 120, 'days_active_prog_start': 0, 'tagged': True, 'component': 'unknown', 'date_began': datetime.datetime(2020, 12, 29, 0, 0), 'date_tagged': datetime.datetime(2021, 4, 28, 0, 0), 'tagged_by_company': 'natural', 'tagged_by_crew': 1, 'init_detect_by': 'natural', 'init_detect_date': datetime.datetime(2021, 4, 28, 0, 0), 'requires_shutdown': False, 'date_repaired': datetime.datetime(2021, 4, 28, 0, 0), 'repair_delay': 0, 'OGI_sp_covered': 1}]",[],0,False,,,,2,4,11,30,False,6,7,0,5,0.0,408.07870870594076,0.969939879759519,0.998741838038581,0.22360477189366618
ABRAND00841,361,52.35,-114.38,4,6,2,2,2,120,1,30,20,120,1,lognorm,0.062287158377333125,[1.462],"['kilogram', 'hour']",<scipy.stats._distn_infrastructure.rv_frozen object at 0x000002073C01D1C8>,0,11,60,1628.3481355130034,[],"[{'leak_ID': 'ABRAND00841_0000000001', 'facility_ID': 'ABRAND00841', 'equipment_group': 1, 'rate': 0.06431694345014365, 'lat': 52.35, 'lon': -114.38, 'status': 'repaired', 'days_active': 51, 'days_active_prog_start': 0, 'tagged': True, 'component': 'unknown', 'date_began': datetime.datetime(2017, 3, 20, 0, 0), 'date_tagged': datetime.datetime(2017, 4, 24, 13, 0), 'tagged_by_company': 'OGI', 'tagged_by_crew': 3, 'init_detect_by': 'OGI', 'init_detect_date': datetime.datetime(2017, 4, 24, 13, 0), 'requires_shutdown': False, 'date_repaired': datetime.datetime(2017, 5, 10, 16, 0), 'repair_delay': 16, 'OGI_sp_covered': 1}, {'leak_ID': 'ABRAND00841_0000000000', 'facility_ID': 'ABRAND00841', 'equipment_group': 2, 'rate': 0.010376642924880356, 'lat': 52.35, 'lon': -114.38, 'status': 'repaired', 'days_active': 120, 'days_active_prog_start': 0, 'tagged': True, 'component': 'unknown', 'date_began': datetime.datetime(2017, 1, 20, 0, 0), 'date_tagged': datetime.datetime(2017, 5, 20, 0, 0), 'tagged_by_company': 'natural', 'tagged_by_crew': 1, 'init_detect_by': 'natural', 'init_detect_date': datetime.datetime(2017, 5, 20, 0, 0), 'requires_shutdown': False, 'date_repaired': datetime.datetime(2017, 5, 20, 16, 0), 'repair_delay': 0, 'OGI_sp_covered': 1}, {'leak_ID': 'ABRAND00841_0000000002', 'facility_ID': 'ABRAND00841', 'equipment_group': 4, 'rate': 0.016411522731376665, 'lat': 52.35, 'lon': -114.38, 'status': 'repaired', 'days_active': 120, 'days_active_prog_start': 0, 'tagged': True, 'component': 'unknown', 'date_began': datetime.datetime(2017, 4, 21, 0, 0), 'date_tagged': datetime.datetime(2017, 8, 19, 0, 0), 'tagged_by_company': 'natural', 'tagged_by_crew': 1, 'init_detect_by': 'natural', 'init_detect_date': datetime.datetime(2017, 8, 19, 0, 0), 'requires_shutdown': False, 'date_repaired': datetime.datetime(2017, 8, 19, 16, 0), 'repair_delay': 0, 'OGI_sp_covered': 1}, {'leak_ID': 'ABRAND00841_0000000004', 'facility_ID': 'ABRAND00841', 'equipment_group': 2, 'rate': 0.0737717491847822, 'lat': 52.35, 'lon': -114.38, 'status': 'repaired', 'days_active': 41, 'days_active_prog_start': 0, 'tagged': True, 'component': 'unknown', 'date_began': datetime.datetime(2017, 7, 28, 0, 0), 'date_tagged': datetime.datetime(2017, 8, 22, 13, 0), 'tagged_by_company': 'OGI', 'tagged_by_crew': 3, 'init_detect_by': 'OGI', 'init_detect_date': datetime.datetime(2017, 8, 22, 13, 0), 'requires_shutdown': False, 'date_repaired': datetime.datetime(2017, 9, 7, 16, 0), 'repair_delay': 16, 'OGI_sp_covered': 1}, {'leak_ID': 'ABRAND00841_0000000003', 'facility_ID': 'ABRAND00841', 'equipment_group': 4, 'rate': 0.006153300928417773, 'lat': 52.35, 'lon': -114.38, 'status': 'repaired', 'days_active': 120, 'days_active_prog_start': 0, 'tagged': True, 'component': 'unknown', 'date_began': datetime.datetime(2017, 6, 24, 0, 0), 'date_tagged': datetime.datetime(2017, 10, 22, 0, 0), 'tagged_by_company': 'natural', 'tagged_by_crew': 1, 'init_detect_by': 'natural', 'init_detect_date': datetime.datetime(2017, 10, 22, 0, 0), 'requires_shutdown': False, 'date_repaired': datetime.datetime(2017, 10, 22, 16, 0), 'repair_delay': 0, 'OGI_sp_covered': 0}, {'leak_ID': 'ABRAND00841_0000000005', 'facility_ID': 'ABRAND00841', 'equipment_group': 1, 'rate': 0.11509995138583667, 'lat': 52.35, 'lon': -114.38, 'status': 'repaired', 'days_active': 29, 'days_active_prog_start': 0, 'tagged': True, 'component': 'unknown', 'date_began': datetime.datetime(2017, 10, 8, 0, 0), 'date_tagged': datetime.datetime(2017, 10, 21, 13, 0), 'tagged_by_company': 'OGI', 'tagged_by_crew': 3, 'init_detect_by': 'OGI', 'init_detect_date': datetime.datetime(2017, 10, 21, 13, 0), 'requires_shutdown': False, 'date_repaired': datetime.datetime(2017, 11, 6, 16, 0), 'repair_delay': 16, 'OGI_sp_covered': 1}, {'leak_ID': 'ABRAND00841_0000000006', 'facility_ID': 'ABRAND00841', 'equipment_group': 2, 'rate': 0.0006672768031565705, 'lat': 52.35, 'lon': -114.38, 'status': 'repaired', 'days_active': 120, 'days_active_prog_start': 0, 'tagged': True, 'component': 'unknown', 'date_began': datetime.datetime(2017, 10, 14, 0, 0), 'date_tagged': datetime.datetime(2018, 2, 11, 0, 0), 'tagged_by_company': 'natural', 'tagged_by_crew': 1, 'init_detect_by': 'natural', 'init_detect_date': datetime.datetime(2018, 2, 11, 0, 0), 'requires_shutdown': False, 'date_repaired': datetime.datetime(2018, 2, 11, 16, 0), 'repair_delay': 0, 'OGI_sp_covered': 1}, {'leak_ID': 'ABRAND00841_0000000007', 'facility_ID': 'ABRAND00841', 'equipment_group': 1, 'rate': 0.0022887256215641397, 'lat': 52.35, 'lon': -114.38, 'status': 'repaired', 'days_active': 120, 'days_active_prog_start': 0, 'tagged': True, 'component': 'unknown', 'date_began': datetime.datetime(2018, 12, 18, 0, 0), 'date_tagged': datetime.datetime(2019, 4, 17, 0, 0), 'tagged_by_company': 'natural', 'tagged_by_crew': 1, 'init_detect_by': 'natural', 'init_detect_date': datetime.datetime(2019, 4, 17, 0, 0), 'requires_shutdown': False, 'date_repaired': datetime.datetime(2019, 4, 17, 16, 0), 'repair_delay': 0, 'OGI_sp_covered': 1}, {'leak_ID': 'ABRAND00841_0000000008', 'facility_ID': 'ABRAND00841', 'equipment_group': 3, 'rate': 0.03739031886843216, 'lat': 52.35, 'lon': -114.38, 'status': 'repaired', 'days_active': 33, 'days_active_prog_start': 0, 'tagged': True, 'component': 'unknown', 'date_began': datetime.datetime(2019, 8, 5, 0, 0), 'date_tagged': datetime.datetime(2019, 8, 22, 13, 0), 'tagged_by_company': 'OGI', 'tagged_by_crew': 3, 'init_detect_by': 'OGI', 'init_detect_date': datetime.datetime(2019, 8, 22, 13, 0), 'requires_shutdown': False, 'date_repaired': datetime.datetime(2019, 9, 7, 16, 0), 'repair_delay': 16, 'OGI_sp_covered': 1}, {'leak_ID': 'ABRAND00841_0000000009', 'facility_ID': 'ABRAND00841', 'equipment_group': 4, 'rate': 0.022526630508655682, 'lat': 52.35, 'lon': -114.38, 'status': 'repaired', 'days_active': 120, 'days_active_prog_start': 0, 'tagged': True, 'component': 'unknown', 'date_began': datetime.datetime(2020, 4, 22, 0, 0), 'date_tagged': datetime.datetime(2020, 8, 20, 0, 0), 'tagged_by_company': 'natural', 'tagged_by_crew': 1, 'init_detect_by': 'natural', 'init_detect_date': datetime.datetime(2020, 8, 20, 0, 0), 'requires_shutdown': False, 'date_repaired': datetime.datetime(2020, 8, 20, 16, 0), 'repair_delay': 0, 'OGI_sp_covered': 1}, {'leak_ID': 'ABRAND00841_0000000010', 'facility_ID': 'ABRAND00841', 'equipment_group': 1, 'rate': 0.007992875427173704, 'lat': 52.35, 'lon': -114.38, 'status': 'repaired', 'days_active': 120, 'days_active_prog_start': 0, 'tagged': True, 'component': 'unknown', 'date_began': datetime.datetime(2020, 9, 25, 0, 0), 'date_tagged': datetime.datetime(2021, 1, 23, 0, 0), 'tagged_by_company': 'natural', 'tagged_by_crew': 1, 'init_detect_by': 'natural', 'init_detect_date': datetime.datetime(2021, 1, 23, 0, 0), 'requires_shutdown': False, 'date_repaired': datetime.datetime(2021, 1, 23, 16, 0), 'repair_delay': 0, 'OGI_sp_covered': 1}]",[],0,False,,,,3,4,11,30,False,6,11,0,11,0.0,1628.3481355130034,0.9719438877755511,0.9989246194423738,0.8922455537057553
ABRAND01105,601,50.74,-111.21,4,6,2,2,2,120,1,30,20,120,1,lognorm,0.062287158377333125,[1.462],"['kilogram', 'hour']",<scipy.stats._distn_infrastructure.rv_frozen object at 0x000002073C01D1C8>,0,2,60,715.6006659777198,[],"[{'leak_ID': 'ABRAND01105_0000000000', 'facility_ID': 'ABRAND01105', 'equipment_group': 1, 'rate': 0.0572391225412124, 'lat': 50.74, 'lon': -111.21, 'status': 'repaired', 'days_active': 108, 'days_active_prog_start': 0, 'tagged': True, 'component': 'unknown', 'date_began': datetime.datetime(2019, 1, 23, 0, 0), 'date_tagged': datetime.datetime(2019, 4, 25, 8, 0), 'tagged_by_company': 'OGI', 'tagged_by_crew': 1, 'init_detect_by': 'OGI', 'init_detect_date': datetime.datetime(2019, 4, 25, 8, 0), 'requires_shutdown': False, 'date_repaired': datetime.datetime(2019, 5, 11, 16, 0), 'repair_delay': 16, 'OGI_sp_covered': 1}, {'leak_ID': 'ABRAND01105_0000000001', 'facility_ID': 'ABRAND01105', 'equipment_group': 2, 'rate': 0.01750491567526607, 'lat': 50.74, 'lon': -111.21, 'status': 'repaired', 'days_active': 120, 'days_active_prog_start': 0, 'tagged': True, 'component': 'unknown', 'date_began': datetime.datetime(2021, 2, 1, 0, 0), 'date_tagged': datetime.datetime(2021, 6, 1, 0, 0), 'tagged_by_company': 'natural', 'tagged_by_crew': 1, 'init_detect_by': 'natural', 'init_detect_date': datetime.datetime(2021, 6, 1, 0, 0), 'requires_shutdown': False, 'date_repaired': datetime.datetime(2021, 6, 1, 16, 0), 'repair_delay': 0, 'OGI_sp_covered': 1}]",[],0,False,,,,3,4,10,30,False,6,2,0,2,0.0,715.6006659777198,0.9739478957915831,0.9991007862104404,0.39210995396039444
ABRAND00608,361,52.49,-115.3,4,6,2,2,2,120,1,30,20,120,1,lognorm,0.062287158377333125,[1.462],"['kilogram', 'hour']",<scipy.stats._distn_infrastructure.rv_frozen object at 0x000002073C01D1C8>,0,8,60,1647.2369902487833,[],"[{'leak_ID': 'ABRAND00608_0000000001', 'facility_ID': 'ABRAND00608', 'equipment_group': 1, 'rate': 0.05937750412387758, 'lat': 52.49, 'lon': -115.3, 'status': 'repaired', 'days_active': 25, 'days_active_prog_start': 0, 'tagged': True, 'component': 'unknown', 'date_began': datetime.datetime(2017, 6, 15, 0, 0), 'date_tagged': datetime.datetime(2017, 6, 24, 8, 0), 'tagged_by_company': 'OGI', 'tagged_by_crew': 2, 'init_detect_by': 'OGI', 'init_detect_date': datetime.datetime(2017, 6, 24, 8, 0), 'requires_shutdown': False, 'date_repaired': datetime.datetime(2017, 7, 10, 16, 0), 'repair_delay': 16, 'OGI_sp_covered': 1}, {'leak_ID': 'ABRAND00608_0000000000', 'facility_ID': 'ABRAND00608', 'equipment_group': 3, 'rate': 0.027820087350614482, 'lat': 52.49, 'lon': -115.3, 'status': 'repaired', 'days_active': 120, 'days_active_prog_start': 0, 'tagged': True, 'component': 'unknown', 'date_began': datetime.datetime(2017, 3, 23, 0, 0), 'date_tagged': datetime.datetime(2017, 7, 21, 0, 0), 'tagged_by_company': 'natural', 'tagged_by_crew': 1, 'init_detect_by': 'natural', 'init_detect_date': datetime.datetime(2017, 7, 21, 0, 0), 'requires_shutdown': False, 'date_repaired': datetime.datetime(2017, 7, 21, 16, 0), 'repair_delay': 0, 'OGI_sp_covered': 1}, {'leak_ID': 'ABRAND00608_0000000002', 'facility_ID': 'ABRAND00608', 'equipment_group': 2, 'rate': 0.00672772137964984, 'lat': 52.49, 'lon': -115.3, 'status': 'repaired', 'days_active': 120, 'days_active_prog_start': 0, 'tagged': True, 'component': 'unknown', 'date_began': datetime.datetime(2018, 7, 22, 0, 0), 'date_tagged': datetime.datetime(2018, 11, 19, 0, 0), 'tagged_by_company': 'natural', 'tagged_by_crew': 1, 'init_detect_by': 'natural', 'init_detect_date': datetime.datetime(2018, 11, 19, 0, 0), 'requires_shutdown': False, 'date_repaired': datetime.datetime(2018, 11, 19, 16, 0), 'repair_delay': 0, 'OGI_sp_covered': 0}, {'leak_ID': 'ABRAND00608_0000000003', 'facility_ID': 'ABRAND00608', 'equipment_group': 2, 'rate': 0.009672388753044632, 'lat': 52.49, 'lon': -115.3, 'status': 'repaired', 'days_active': 120, 'days_active_prog_start': 0, 'tagged': True, 'component': 'unknown', 'date_began': datetime.datetime(2018, 8, 13, 0, 0), 'date_tagged': datetime.datetime(2018, 12, 11, 0, 0), 'tagged_by_company': 'natural', 'tagged_by_crew': 1, 'init_detect_by': 'natural', 'init_detect_date': datetime.datetime(2018, 12, 11, 0, 0), 'requires_shutdown': False, 'date_repaired': datetime.datetime(2018, 12, 11, 16, 0), 'repair_delay': 0, 'OGI_sp_covered': 1}, {'leak_ID': 'ABRAND00608_0000000004', 'facility_ID': 'ABRAND00608', 'equipment_group': 2, 'rate': 0.009984533907573263, 'lat': 52.49, 'lon': -115.3, 'status': 'repaired', 'days_active': 120, 'days_active_prog_start': 0, 'tagged': True, 'component': 'unknown', 'date_began': datetime.datetime(2019, 4, 17, 0, 0), 'date_tagged': datetime.datetime(2019, 8, 15, 0, 0), 'tagged_by_company': 'natural', 'tagged_by_crew': 1, 'init_detect_by': 'natural', 'init_detect_date': datetime.datetime(2019, 8, 15, 0, 0), 'requires_shutdown': False, 'date_repaired': datetime.datetime(2019, 8, 15, 16, 0), 'repair_delay': 0, 'OGI_sp_covered': 1}, {'leak_ID': 'ABRAND00608_0000000005', 'facility_ID': 'ABRAND00608', 'equipment_group': 3, 'rate': 0.08313507450736755, 'lat': 52.49, 'lon': -115.3, 'status': 'repaired', 'days_active': 40, 'days_active_prog_start': 0, 'tagged': True, 'component': 'unknown', 'date_began': datetime.datetime(2020, 3, 31, 0, 0), 'date_tagged': datetime.datetime(2020, 4, 24, 8, 0), 'tagged_by_company': 'OGI', 'tagged_by_crew': 2, 'init_detect_by': 'OGI', 'init_detect_date': datetime.datetime(2020, 4, 24, 8, 0), 'requires_shutdown': False, 'date_repaired': datetime.datetime(2020, 5, 10, 16, 0), 'repair_delay': 16, 'OGI_sp_covered': 1}, {'leak_ID': 'ABRAND00608_0000000006', 'facility_ID': 'ABRAND00608', 'equipment_group': 4, 'rate': 0.028400141404498976, 'lat': 52.49, 'lon': -115.3, 'status': 'repaired', 'days_active': 120, 'days_active_prog_start': 0, 'tagged': True, 'component': 'unknown', 'date_began': datetime.datetime(2021, 3, 28, 0, 0), 'date_tagged': datetime.datetime(2021, 7, 26, 0, 0), 'tagged_by_company': 'natural', 'tagged_by_crew': 1, 'init_detect_by': 'natural', 'init_detect_date': datetime.datetime(2021, 7, 26, 0, 0), 'requires_shutdown': False, 'date_repaired': datetime.datetime(2021, 7, 26, 16, 0), 'repair_delay': 0, 'OGI_sp_covered': 1}, {'leak_ID': 'ABRAND00608_0000000007', 'facility_ID': 'ABRAND00608', 'equipment_group': 4, 'rate': 0.03619014686547385, 'lat': 52.49, 'lon': -115.3, 'status': 'repaired', 'days_active': 120, 'days_active_prog_start': 0, 'tagged': True, 'component': 'unknown', 'date_began': datetime.datetime(2021, 5, 29, 0, 0), 'date_tagged': datetime.datetime(2021, 9, 26, 0, 0), 'tagged_by_company': 'natural', 'tagged_by_crew': 1, 'init_detect_by': 'natural', 'init_detect_date': datetime.datetime(2021, 9, 26, 0, 0), 'requires_shutdown': False, 'date_repaired': datetime.datetime(2021, 9, 26, 16, 0), 'repair_delay': 0, 'OGI_sp_covered': 1}]",[],0,False,,,,3,4,10,30,False,6,7,0,8,0.0,1647.2369902487833,0.9759519038076152,0.9992598554685229,0.9025956110952237
ABRAND01151,344,55.09,-110.53,3,6,2,2,2,120,1,30,20,120,1,lognorm,0.062287158377333125,[1.462],"['kilogram', 'hour']",<scipy.stats._distn_infrastructure.rv_frozen object at 0x000002073C01D1C8>,0,8,60,1108.2909071002478,"[{'leak_ID': 'ABRAND01151_0000000007', 'facility_ID': 'ABRAND01151', 'equipment_group': 2, 'rate': 0.12172555666067106, 'lat': 55.09, 'lon': -110.53, 'status': 'active', 'days_active': 12, 'days_active_prog_start': 0, 'tagged': True, 'component': 'unknown', 'date_began': datetime.datetime(2021, 12, 18, 0, 0), 'date_tagged': datetime.datetime(2021, 12, 21, 8, 0), 'tagged_by_company': 'OGI', 'tagged_by_crew': 3, 'init_detect_by': 'OGI', 'init_detect_date': datetime.datetime(2021, 12, 21, 8, 0), 'requires_shutdown': False, 'date_repaired': None, 'repair_delay': None, 'OGI_sp_covered': 1}]","[{'leak_ID': 'ABRAND01151_0000000000', 'facility_ID': 'ABRAND01151', 'equipment_group': 2, 'rate': 0.003251257489691597, 'lat': 55.09, 'lon': -110.53, 'status': 'repaired', 'days_active': 120, 'days_active_prog_start': 0, 'tagged': True, 'component': 'unknown', 'date_began': datetime.datetime(2017, 3, 7, 0, 0), 'date_tagged': datetime.datetime(2017, 7, 5, 0, 0), 'tagged_by_company': 'natural', 'tagged_by_crew': 1, 'init_detect_by': 'natural', 'init_detect_date': datetime.datetime(2017, 7, 5, 0, 0), 'requires_shutdown': False, 'date_repaired': datetime.datetime(2017, 7, 5, 16, 0), 'repair_delay': 0, 'OGI_sp_covered': 1}, {'leak_ID': 'ABRAND01151_0000000001', 'facility_ID': 'ABRAND01151', 'equipment_group': 3, 'rate': 0.027478837035935975, 'lat': 55.09, 'lon': -110.53, 'status': 'repaired', 'days_active': 120, 'days_active_prog_start': 0, 'tagged': True, 'component': 'unknown', 'date_began': datetime.datetime(2017, 5, 21, 0, 0), 'date_tagged': datetime.datetime(2017, 9, 18, 0, 0), 'tagged_by_company': 'natural', 'tagged_by_crew': 1, 'init_detect_by': 'natural', 'init_detect_date': datetime.datetime(2017, 9, 18, 0, 0), 'requires_shutdown': False, 'date_repaired': datetime.datetime(2017, 9, 18, 16, 0), 'repair_delay': 0, 'OGI_sp_covered': 1}, {'leak_ID': 'ABRAND01151_0000000002', 'facility_ID': 'ABRAND01151', 'equipment_group': 2, 'rate': 0.016605239586887074, 'lat': 55.09, 'lon': -110.53, 'status': 'repaired', 'days_active': 120, 'days_active_prog_start': 0, 'tagged': True, 'component': 'unknown', 'date_began': datetime.datetime(2018, 4, 17, 0, 0), 'date_tagged': datetime.datetime(2018, 8, 15, 0, 0), 'tagged_by_company': 'natural', 'tagged_by_crew': 1, 'init_detect_by': 'natural', 'init_detect_date': datetime.datetime(2018, 8, 15, 0, 0), 'requires_shutdown': False, 'date_repaired': datetime.datetime(2018, 8, 15, 16, 0), 'repair_delay': 0, 'OGI_sp_covered': 1}, {'leak_ID': 'ABRAND01151_0000000003', 'facility_ID': 'ABRAND01151', 'equipment_group': 2, 'rate': 0.0036530505859184007, 'lat': 55.09, 'lon': -110.53, 'status': 'repaired', 'days_active': 120, 'days_active_prog_start': 0, 'tagged': True, 'component': 'unknown', 'date_began': datetime.datetime(2018, 5, 17, 0, 0), 'date_tagged': datetime.datetime(2018, 9, 14, 0, 0), 'tagged_by_company': 'natural', 'tagged_by_crew': 1, 'init_detect_by': 'natural', 'init_detect_date': datetime.datetime(2018, 9, 14, 0, 0), 'requires_shutdown': False, 'date_repaired': datetime.datetime(2018, 9, 14, 16, 0), 'repair_delay': 0, 'OGI_sp_covered': 0}, {'leak_ID': 'ABRAND01151_0000000004', 'facility_ID': 'ABRAND01151', 'equipment_group': 1, 'rate': 0.060609283073711336, 'lat': 55.09, 'lon': -110.53, 'status': 'repaired', 'days_active': 72, 'days_active_prog_start': 0, 'tagged': True, 'component': 'unknown', 'date_began': datetime.datetime(2020, 6, 27, 0, 0), 'date_tagged': datetime.datetime(2020, 8, 22, 8, 0), 'tagged_by_company': 'OGI', 'tagged_by_crew': 3, 'init_detect_by': 'OGI', 'init_detect_date': datetime.datetime(2020, 8, 22, 8, 0), 'requires_shutdown': False, 'date_repaired': datetime.datetime(2020, 9, 7, 16, 0), 'repair_delay': 16, 'OGI_sp_covered': 1}, {'leak_ID': 'ABRAND01151_0000000005', 'facility_ID': 'ABRAND01151', 'equipment_group': 1, 'rate': 0.004425368183113084, 'lat': 55.09, 'lon': -110.53, 'status': 'repaired', 'days_active': 120, 'days_active_prog_start': 0, 'tagged': True, 'component': 'unknown', 'date_began': datetime.datetime(2021, 2, 5, 0, 0), 'date_tagged': datetime.datetime(2021, 6, 5, 0, 0), 'tagged_by_company': 'natural', 'tagged_by_crew': 1, 'init_detect_by': 'natural', 'init_detect_date': datetime.datetime(2021, 6, 5, 0, 0), 'requires_shutdown': False, 'date_repaired': datetime.datetime(2021, 6, 5, 16, 0), 'repair_delay': 0, 'OGI_sp_covered': 1}, {'leak_ID': 'ABRAND01151_0000000006', 'facility_ID': 'ABRAND01151', 'equipment_group': 3, 'rate': 0.0029434637281684057, 'lat': 55.09, 'lon': -110.53, 'status': 'repaired', 'days_active': 120, 'days_active_prog_start': 0, 'tagged': True, 'component': 'unknown', 'date_began': datetime.datetime(2021, 4, 16, 0, 0), 'date_tagged': datetime.datetime(2021, 8, 14, 0, 0), 'tagged_by_company': 'natural', 'tagged_by_crew': 1, 'init_detect_by': 'natural', 'init_detect_date': datetime.datetime(2021, 8, 14, 0, 0), 'requires_shutdown': False, 'date_repaired': datetime.datetime(2021, 8, 14, 16, 0), 'repair_delay': 0, 'OGI_sp_covered': 1}]",[],0,False,,,,2,4,10,30,False,6,9,1,7,126.20505714578375,982.085849954464,0.9779559118236473,0.9994057728403919,0.6072826888220536
ABRAND00687,361,52.91,-115.04,3,6,2,2,2,120,1,30,20,120,1,lognorm,0.062287158377333125,[1.462],"['kilogram', 'hour']",<scipy.stats._distn_infrastructure.rv_frozen object at 0x000002073C01D1C8>,0,9,60,3971.6388176535893,[],"[{'leak_ID': 'ABRAND00687_0000000000', 'facility_ID': 'ABRAND00687', 'equipment_group': 1, 'rate': 0.0021612478899017025, 'lat': 52.91, 'lon': -115.04, 'status': 'repaired', 'days_active': 120, 'days_active_prog_start': 0, 'tagged': True, 'component': 'unknown', 'date_began': datetime.datetime(2017, 6, 29, 0, 0), 'date_tagged': datetime.datetime(2017, 10, 27, 0, 0), 'tagged_by_company': 'natural', 'tagged_by_crew': 1, 'init_detect_by': 'natural', 'init_detect_date': datetime.datetime(2017, 10, 27, 0, 0), 'requires_shutdown': False, 'date_repaired': datetime.datetime(2017, 10, 27, 0, 0), 'repair_delay': 0, 'OGI_sp_covered': 1}, {'leak_ID': 'ABRAND00687_0000000001', 'facility_ID': 'ABRAND00687', 'equipment_group': 3, 'rate': 0.00868895058992378, 'lat': 52.91, 'lon': -115.04, 'status': 'repaired', 'days_active': 120, 'days_active_prog_start': 0, 'tagged': True, 'component': 'unknown', 'date_began': datetime.datetime(2018, 1, 9, 0, 0), 'date_tagged': datetime.datetime(2018, 5, 9, 0, 0), 'tagged_by_company': 'natural', 'tagged_by_crew': 1, 'init_detect_by': 'natural', 'init_detect_date': datetime.datetime(2018, 5, 9, 0, 0), 'requires_shutdown': False, 'date_repaired': datetime.datetime(2018, 5, 9, 16, 0), 'repair_delay': 0, 'OGI_sp_covered': 1}, {'leak_ID': 'ABRAND00687_0000000002', 'facility_ID': 'ABRAND00687', 'equipment_group': 3, 'rate': 0.29952630773913147, 'lat': 52.91, 'lon': -115.04, 'status': 'repaired', 'days_active': 107, 'days_active_prog_start': 0, 'tagged': True, 'component': 'unknown', 'date_began': datetime.datetime(2018, 11, 25, 0, 0), 'date_tagged': datetime.datetime(2019, 2, 24, 10, 30), 'tagged_by_company': 'OGI', 'tagged_by_crew': 1, 'init_detect_by': 'OGI', 'init_detect_date': datetime.datetime(2019, 2, 24, 10, 30), 'requires_shutdown': False, 'date_repaired': datetime.datetime(2019, 3, 12, 16, 0), 'repair_delay': 16, 'OGI_sp_covered': 1}, {'leak_ID': 'ABRAND00687_0000000003', 'facility_ID': 'ABRAND00687', 'equipment_group': 1, 'rate': 0.008452187498360866, 'lat': 52.91, 'lon': -115.04, 'status': 'repaired', 'days_active': 120, 'days_active_prog_start': 0, 'tagged': True, 'component': 'unknown', 'date_began': datetime.datetime(2019, 4, 12, 0, 0), 'date_tagged': datetime.datetime(2019, 8, 10, 0, 0), 'tagged_by_company': 'natural', 'tagged_by_crew': 1, 'init_detect_by': 'natural', 'init_detect_date': datetime.datetime(2019, 8, 10, 0, 0), 'requires_shutdown': False, 'date_repaired': datetime.datetime(2019, 8, 10, 16, 0), 'repair_delay': 0, 'OGI_sp_covered': 1}, {'leak_ID': 'ABRAND00687_0000000004', 'facility_ID': 'ABRAND00687', 'equipment_group': 2, 'rate': 0.1335365821148106, 'lat': 52.91, 'lon': -115.04, 'status': 'repaired', 'days_active': 63, 'days_active_prog_start': 0, 'tagged': True, 'component': 'unknown', 'date_began': datetime.datetime(2019, 11, 4, 0, 0), 'date_tagged': datetime.datetime(2019, 12, 21, 10, 30), 'tagged_by_company': 'OGI', 'tagged_by_crew': 1, 'init_detect_by': 'OGI', 'init_detect_date': datetime.datetime(2019, 12, 21, 10, 30), 'requires_shutdown': False, 'date_repaired': datetime.datetime(2020, 1, 6, 16, 0), 'repair_delay': 16, 'OGI_sp_covered': 1}, {'leak_ID': 'ABRAND00687_0000000005', 'facility_ID': 'ABRAND00687', 'equipment_group': 3, 'rate': 0.0027174818471900307, 'lat': 52.91, 'lon': -115.04, 'status': 'repaired', 'days_active': 120, 'days_active_prog_start': 0, 'tagged': True, 'component': 'unknown', 'date_began': datetime.datetime(2019, 11, 10, 0, 0), 'date_tagged': datetime.datetime(2020, 3, 9, 0, 0), 'tagged_by_company': 'natural', 'tagged_by_crew': 1, 'init_detect_by': 'natural', 'init_detect_date': datetime.datetime(2020, 3, 9, 0, 0), 'requires_shutdown': False, 'date_repaired': datetime.datetime(2020, 3, 9, 16, 0), 'repair_delay': 0, 'OGI_sp_covered': 1}, {'leak_ID': 'ABRAND00687_0000000006', 'facility_ID': 'ABRAND00687', 'equipment_group': 1, 'rate': 0.019176197741075315, 'lat': 52.91, 'lon': -115.04, 'status': 'repaired', 'days_active': 120, 'days_active_prog_start': 0, 'tagged': True, 'component': 'unknown', 'date_began': datetime.datetime(2020, 9, 26, 0, 0), 'date_tagged': datetime.datetime(2021, 1, 24, 0, 0), 'tagged_by_company': 'natural', 'tagged_by_crew': 1, 'init_detect_by': 'natural', 'init_detect_date': datetime.datetime(2021, 1, 24, 0, 0), 'requires_shutdown': False, 'date_repaired': datetime.datetime(2021, 1, 24, 16, 0), 'repair_delay': 0, 'OGI_sp_covered': 1}, {'leak_ID': 'ABRAND00687_0000000007', 'facility_ID': 'ABRAND00687', 'equipment_group': 2, 'rate': 0.0025785397576122315, 'lat': 52.91, 'lon': -115.04, 'status': 'repaired', 'days_active': 120, 'days_active_prog_start': 0, 'tagged': True, 'component': 'unknown', 'date_began': datetime.datetime(2021, 4, 29, 0, 0), 'date_tagged': datetime.datetime(2021, 8, 27, 0, 0), 'tagged_by_company': 'natural', 'tagged_by_crew': 1, 'init_detect_by': 'natural', 'init_detect_date': datetime.datetime(2021, 8, 27, 0, 0), 'requires_shutdown': False, 'date_repaired': datetime.datetime(2021, 8, 27, 0, 0), 'repair_delay': 0, 'OGI_sp_covered': 1}, {'leak_ID': 'ABRAND00687_0000000008', 'facility_ID': 'ABRAND00687', 'equipment_group': 3, 'rate': 0.002108080256523389, 'lat': 52.91, 'lon': -115.04, 'status': 'repaired', 'days_active': 120, 'days_active_prog_start': 0, 'tagged': True, 'component': 'unknown', 'date_began': datetime.datetime(2021, 6, 14, 0, 0), 'date_tagged': datetime.datetime(2021, 10, 12, 0, 0), 'tagged_by_company': 'natural', 'tagged_by_crew': 1, 'init_detect_by': 'natural', 'init_detect_date': datetime.datetime(2021, 10, 12, 0, 0), 'requires_shutdown': False, 'date_repaired': datetime.datetime(2021, 10, 12, 16, 0), 'repair_delay': 0, 'OGI_sp_covered': 1}]",[],0,False,,,,2,4,10,30,False,6,9,0,9,0.0,3971.6388176535893,0.9799599198396793,0.999535335156084,2.176240448029364
ABRAND01160,601,55.02,-110.45,2,6,2,2,2,120,1,30,20,120,1,lognorm,0.062287158377333125,[1.462],"['kilogram', 'hour']",<scipy.stats._distn_infrastructure.rv_frozen object at 0x000002073C01D1C8>,0,8,60,1751.4073331080529,"[{'leak_ID': 'ABRAND01160_0000000007', 'facility_ID': 'ABRAND01160', 'equipment_group': 2, 'rate': 0.05533832926179404, 'lat': 55.02, 'lon': -110.45, 'status': 'active', 'days_active': 34, 'days_active_prog_start': 0, 'tagged': False, 'component': 'unknown', 'date_began': datetime.datetime(2021, 11, 26, 0, 0), 'date_tagged': None, 'tagged_by_company': None, 'tagged_by_crew': None, 'init_detect_by': None, 'init_detect_date': None, 'requires_shutdown': False, 'date_repaired': None, 'repair_delay': None, 'OGI_sp_covered': 0}]","[{'leak_ID': 'ABRAND01160_0000000000', 'facility_ID': 'ABRAND01160', 'equipment_group': 2, 'rate': 0.0028487692990289202, 'lat': 55.02, 'lon': -110.45, 'status': 'repaired', 'days_active': 120, 'days_active_prog_start': 0, 'tagged': True, 'component': 'unknown', 'date_began': datetime.datetime(2018, 7, 7, 0, 0), 'date_tagged': datetime.datetime(2018, 11, 4, 0, 0), 'tagged_by_company': 'natural', 'tagged_by_crew': 1, 'init_detect_by': 'natural', 'init_detect_date': datetime.datetime(2018, 11, 4, 0, 0), 'requires_shutdown': False, 'date_repaired': datetime.datetime(2018, 11, 4, 16, 0), 'repair_delay': 0, 'OGI_sp_covered': 1}, {'leak_ID': 'ABRAND01160_0000000002', 'facility_ID': 'ABRAND01160', 'equipment_group': 1, 'rate': 0.0829263175369524, 'lat': 55.02, 'lon': -110.45, 'status': 'repaired', 'days_active': 69, 'days_active_prog_start': 0, 'tagged': True, 'component': 'unknown', 'date_began': datetime.datetime(2018, 10, 29, 0, 0), 'date_tagged': datetime.datetime(2018, 12, 21, 10, 30), 'tagged_by_company': 'OGI', 'tagged_by_crew': 2, 'init_detect_by': 'OGI', 'init_detect_date': datetime.datetime(2018, 12, 21, 10, 30), 'requires_shutdown': False, 'date_repaired': datetime.datetime(2019, 1, 6, 16, 0), 'repair_delay': 16, 'OGI_sp_covered': 1}, {'leak_ID': 'ABRAND01160_0000000001', 'facility_ID': 'ABRAND01160', 'equipment_group': 2, 'rate': 0.011025866474894647, 'lat': 55.02, 'lon': -110.45, 'status': 'repaired', 'days_active': 120, 'days_active_prog_start': 0, 'tagged': True, 'component': 'unknown', 'date_began': datetime.datetime(2018, 9, 20, 0, 0), 'date_tagged': datetime.datetime(2019, 1, 18, 0, 0), 'tagged_by_company': 'natural', 'tagged_by_crew': 1, 'init_detect_by': 'natural', 'init_detect_date': datetime.datetime(2019, 1, 18, 0, 0), 'requires_shutdown': False, 'date_repaired': datetime.datetime(2019, 1, 18, 16, 0), 'repair_delay': 0, 'OGI_sp_covered': 1}, {'leak_ID': 'ABRAND01160_0000000003', 'facility_ID': 'ABRAND01160', 'equipment_group': 1, 'rate': 0.020952521561126845, 'lat': 55.02, 'lon': -110.45, 'status': 'repaired', 'days_active': 120, 'days_active_prog_start': 0, 'tagged': True, 'component': 'unknown', 'date_began': datetime.datetime(2020, 1, 6, 0, 0), 'date_tagged': datetime.datetime(2020, 5, 5, 0, 0), 'tagged_by_company': 'natural', 'tagged_by_crew': 1, 'init_detect_by': 'natural', 'init_detect_date': datetime.datetime(2020, 5, 5, 0, 0), 'requires_shutdown': False, 'date_repaired': datetime.datetime(2020, 5, 5, 16, 0), 'repair_delay': 0, 'OGI_sp_covered': 1}, {'leak_ID': 'ABRAND01160_0000000004', 'facility_ID': 'ABRAND01160', 'equipment_group': 1, 'rate': 0.052610034653064804, 'lat': 55.02, 'lon': -110.45, 'status': 'repaired', 'days_active': 44, 'days_active_prog_start': 0, 'tagged': True, 'component': 'unknown', 'date_began': datetime.datetime(2020, 7, 25, 0, 0), 'date_tagged': datetime.datetime(2020, 8, 22, 10, 30), 'tagged_by_company': 'OGI', 'tagged_by_crew': 2, 'init_detect_by': 'OGI', 'init_detect_date': datetime.datetime(2020, 8, 22, 10, 30), 'requires_shutdown': False, 'date_repaired': datetime.datetime(2020, 9, 7, 16, 0), 'repair_delay': 16, 'OGI_sp_covered': 1}, {'leak_ID': 'ABRAND01160_0000000005', 'facility_ID': 'ABRAND01160', 'equipment_group': 1, 'rate': 0.06535281130795795, 'lat': 55.02, 'lon': -110.45, 'status': 'repaired', 'days_active': 30, 'days_active_prog_start': 0, 'tagged': True, 'component': 'unknown', 'date_began': datetime.datetime(2020, 12, 6, 0, 0), 'date_tagged': datetime.datetime(2020, 12, 20, 10, 30), 'tagged_by_company': 'OGI', 'tagged_by_crew': 2, 'init_detect_by': 'OGI', 'init_detect_date': datetime.datetime(2020, 12, 20, 10, 30), 'requires_shutdown': False, 'date_repaired': datetime.datetime(2021, 1, 5, 16, 0), 'repair_delay': 16, 'OGI_sp_covered': 1}, {'leak_ID': 'ABRAND01160_0000000006', 'facility_ID': 'ABRAND01160', 'equipment_group': 1, 'rate': 0.03510678631782316, 'lat': 55.02, 'lon': -110.45, 'status': 'repaired', 'days_active': 120, 'days_active_prog_start': 0, 'tagged': True, 'component': 'unknown', 'date_began': datetime.datetime(2021, 3, 16, 0, 0), 'date_tagged': datetime.datetime(2021, 7, 14, 0, 0), 'tagged_by_company': 'natural', 'tagged_by_crew': 1, 'init_detect_by': 'natural', 'init_detect_date': datetime.datetime(2021, 7, 14, 0, 0), 'requires_shutdown': False, 'date_repaired': datetime.datetime(2021, 7, 14, 16, 0), 'repair_delay': 0, 'OGI_sp_covered': 1}]",[],0,False,,,,2,4,10,30,False,6,7,1,7,162.5618760394462,1588.8454570686067,0.9819639278557114,0.9996635478048022,0.9596752510181111
ABRAND00459,361,53.03,-115.84,3,6,2,2,2,120,1,30,20,120,1,lognorm,0.062287158377333125,[1.462],"['kilogram', 'hour']",<scipy.stats._distn_infrastructure.rv_frozen object at 0x000002073C01D1C8>,0,4,60,455.17321644215605,[],"[{'leak_ID': 'ABRAND00459_0000000000', 'facility_ID': 'ABRAND00459', 'equipment_group': 1, 'rate': 0.001562968518194587, 'lat': 53.03, 'lon': -115.84, 'status': 'repaired', 'days_active': 120, 'days_active_prog_start': 0, 'tagged': True, 'component': 'unknown', 'date_began': datetime.datetime(2019, 5, 2, 0, 0), 'date_tagged': datetime.datetime(2019, 8, 30, 0, 0), 'tagged_by_company': 'natural', 'tagged_by_crew': 1, 'init_detect_by': 'natural', 'init_detect_date': datetime.datetime(2019, 8, 30, 0, 0), 'requires_shutdown': False, 'date_repaired': datetime.datetime(2019, 8, 30, 16, 0), 'repair_delay': 0, 'OGI_sp_covered': 1}, {'leak_ID': 'ABRAND00459_0000000002', 'facility_ID': 'ABRAND00459', 'equipment_group': 1, 'rate': 0.06245728405854793, 'lat': 53.03, 'lon': -115.84, 'status': 'repaired', 'days_active': 30, 'days_active_prog_start': 0, 'tagged': True, 'component': 'unknown', 'date_began': datetime.datetime(2020, 6, 9, 0, 0), 'date_tagged': datetime.datetime(2020, 6, 23, 10, 30), 'tagged_by_company': 'OGI', 'tagged_by_crew': 3, 'init_detect_by': 'OGI', 'init_detect_date': datetime.datetime(2020, 6, 23, 10, 30), 'requires_shutdown': False, 'date_repaired': datetime.datetime(2020, 7, 9, 16, 0), 'repair_delay': 16, 'OGI_sp_covered': 1}, {'leak_ID': 'ABRAND00459_0000000001', 'facility_ID': 'ABRAND00459', 'equipment_group': 3, 'rate': 0.015911695944482503, 'lat': 53.03, 'lon': -115.84, 'status': 'repaired', 'days_active': 120, 'days_active_prog_start': 0, 'tagged': True, 'component': 'unknown', 'date_began': datetime.datetime(2020, 3, 18, 0, 0), 'date_tagged': datetime.datetime(2020, 7, 16, 0, 0), 'tagged_by_company': 'natural', 'tagged_by_crew': 1, 'init_detect_by': 'natural', 'init_detect_date': datetime.datetime(2020, 7, 16, 0, 0), 'requires_shutdown': False, 'date_repaired': datetime.datetime(2020, 7, 16, 16, 0), 'repair_delay': 0, 'OGI_sp_covered': 1}, {'leak_ID': 'ABRAND00459_0000000003', 'facility_ID': 'ABRAND00459', 'equipment_group': 2, 'rate': 0.010812752219653134, 'lat': 53.03, 'lon': -115.84, 'status': 'repaired', 'days_active': 120, 'days_active_prog_start': 0, 'tagged': True, 'component': 'unknown', 'date_began': datetime.datetime(2020, 11, 20, 0, 0), 'date_tagged': datetime.datetime(2021, 3, 20, 0, 0), 'tagged_by_company': 'natural', 'tagged_by_crew': 1, 'init_detect_by': 'natural', 'init_detect_date': datetime.datetime(2021, 3, 20, 0, 0), 'requires_shutdown': False, 'date_repaired': datetime.datetime(2021, 3, 20, 16, 0), 'repair_delay': 0, 'OGI_sp_covered': 1}]",[],0,False,,,,2,4,10,30,False,6,5,0,4,0.0,455.17321644215605,0.9839679358717435,0.9997662611403643,0.2494099816121403
ABRAND00299,311,53.85,-117.08,2,6,2,2,2,120,1,30,20,120,1,lognorm,0.062287158377333125,[1.462],"['kilogram', 'hour']",<scipy.stats._distn_infrastructure.rv_frozen object at 0x000002073C01D1C8>,1,7,60,856.9507473660959,"[{'leak_ID': 'ABRAND00299_0000000006', 'facility_ID': 'ABRAND00299', 'equipment_group': 1, 'rate': 0.008776290045907006, 'lat': 53.85, 'lon': -117.08, 'status': 'active', 'days_active': 10, 'days_active_prog_start': 0, 'tagged': False, 'component': 'unknown', 'date_began': datetime.datetime(2021, 12, 20, 0, 0), 'date_tagged': None, 'tagged_by_company': None, 'tagged_by_crew': None, 'init_detect_by': None, 'init_detect_date': None, 'requires_shutdown': False, 'date_repaired': None, 'repair_delay': None, 'OGI_sp_covered': 1}]","[{'leak_ID': 'ABRAND00299_0000000001', 'facility_ID': 'ABRAND00299', 'equipment_group': 2, 'rate': 0.00665207374907334, 'lat': 53.85, 'lon': -117.08, 'status': 'repaired', 'days_active': 120, 'days_active_prog_start': 118, 'tagged': True, 'component': 'unknown', 'date_began': datetime.datetime(2016, 9, 5, 0, 0), 'date_tagged': datetime.datetime(2017, 1, 2, 0, 0), 'tagged_by_company': 'natural', 'tagged_by_crew': 1, 'init_detect_by': 'natural', 'init_detect_date': datetime.datetime(2017, 1, 2, 0, 0), 'requires_shutdown': False, 'date_repaired': datetime.datetime(2017, 1, 2, 16, 0), 'repair_delay': 0}, {'leak_ID': 'ABRAND00299_0000000001', 'facility_ID': 'ABRAND00299', 'equipment_group': 1, 'rate': 0.056329531763220135, 'lat': 53.85, 'lon': -117.08, 'status': 'repaired', 'days_active': 19, 'days_active_prog_start': 0, 'tagged': True, 'component': 'unknown', 'date_began': datetime.datetime(2018, 4, 22, 0, 0), 'date_tagged': datetime.datetime(2018, 4, 25, 13, 0), 'tagged_by_company': 'OGI', 'tagged_by_crew': 1, 'init_detect_by': 'OGI', 'init_detect_date': datetime.datetime(2018, 4, 25, 13, 0), 'requires_shutdown': False, 'date_repaired': datetime.datetime(2018, 5, 11, 16, 0), 'repair_delay': 16, 'OGI_sp_covered': 1}, {'leak_ID': 'ABRAND00299_0000000002', 'facility_ID': 'ABRAND00299', 'equipment_group': 2, 'rate': 0.010795556902205778, 'lat': 53.85, 'lon': -117.08, 'status': 'repaired', 'days_active': 120, 'days_active_prog_start': 0, 'tagged': True, 'component': 'unknown', 'date_began': datetime.datetime(2020, 4, 22, 0, 0), 'date_tagged': datetime.datetime(2020, 8, 20, 0, 0), 'tagged_by_company': 'natural', 'tagged_by_crew': 1, 'init_detect_by': 'natural', 'init_detect_date': datetime.datetime(2020, 8, 20, 0, 0), 'requires_shutdown': False, 'date_repaired': datetime.datetime(2020, 8, 20, 16, 0), 'repair_delay': 0, 'OGI_sp_covered': 1}, {'leak_ID': 'ABRAND00299_0000000003', 'facility_ID': 'ABRAND00299', 'equipment_group': 1, 'rate': 0.047495819006267204, 'lat': 53.85, 'lon': -117.08, 'status': 'repaired', 'days_active': 120, 'days_active_prog_start': 0, 'tagged': True, 'component': 'unknown', 'date_began': datetime.datetime(2020, 4, 29, 0, 0), 'date_tagged': datetime.datetime(2020, 8, 27, 0, 0), 'tagged_by_company': 'natural', 'tagged_by_crew': 1, 'init_detect_by': 'OGI', 'init_detect_date': datetime.datetime(2020, 8, 22, 13, 0), 'requires_shutdown': False, 'date_repaired': datetime.datetime(2020, 8, 27, 0, 0), 'repair_delay': 0, 'OGI_sp_covered': 1}, {'leak_ID': 'ABRAND00299_0000000004', 'facility_ID': 'ABRAND00299', 'equipment_group': 1, 'rate': 0.003202282693235426, 'lat': 53.85, 'lon': -117.08, 'status': 'repaired', 'days_active': 120, 'days_active_prog_start': 0, 'tagged': True, 'component': 'unknown', 'date_began': datetime.datetime(2020, 7, 26, 0, 0), 'date_tagged': datetime.datetime(2020, 11, 23, 0, 0), 'tagged_by_company': 'natural', 'tagged_by_crew': 1, 'init_detect_by': 'natural', 'init_detect_date': datetime.datetime(2020, 11, 23, 0, 0), 'requires_shutdown': False, 'date_repaired': datetime.datetime(2020, 11, 23, 16, 0), 'repair_delay': 0, 'OGI_sp_covered': 1}, {'leak_ID': 'ABRAND00299_0000000005', 'facility_ID': 'ABRAND00299', 'equipment_group': 2, 'rate': 0.03696876335634928, 'lat': 53.85, 'lon': -117.08, 'status': 'repaired', 'days_active': 37, 'days_active_prog_start': 0, 'tagged': True, 'component': 'unknown', 'date_began': datetime.datetime(2021, 8, 2, 0, 0), 'date_tagged': datetime.datetime(2021, 8, 23, 13, 0), 'tagged_by_company': 'OGI', 'tagged_by_crew': 1, 'init_detect_by': 'OGI', 'init_detect_date': datetime.datetime(2021, 8, 23, 13, 0), 'requires_shutdown': False, 'date_repaired': datetime.datetime(2021, 9, 8, 16, 0), 'repair_delay': 16, 'OGI_sp_covered': 1}]",[],1,False,,,,2,4,10,30,False,6,5,1,6,7.582714599663654,849.3680327664323,0.9859719438877755,0.9998429845659887,0.4695620533512854
ABRAND01073,601,50.15,-112.32,3,6,2,2,2,120,1,30,20,120,1,lognorm,0.062287158377333125,[1.462],"['kilogram', 'hour']",<scipy.stats._distn_infrastructure.rv_frozen object at 0x000002073C01D1C8>,0,2,60,3955.562400018409,[],"[{'leak_ID': 'ABRAND01073_0000000000', 'facility_ID': 'ABRAND01073', 'equipment_group': 2, 'rate': 0.0028446770272803077, 'lat': 50.15, 'lon': -112.32, 'status': 'repaired', 'days_active': 120, 'days_active_prog_start': 0, 'tagged': True, 'component': 'unknown', 'date_began': datetime.datetime(2017, 11, 3, 0, 0), 'date_tagged': datetime.datetime(2018, 3, 3, 0, 0), 'tagged_by_company': 'natural', 'tagged_by_crew': 1, 'init_detect_by': 'natural', 'init_detect_date': datetime.datetime(2018, 3, 3, 0, 0), 'requires_shutdown': False, 'date_repaired': datetime.datetime(2018, 3, 3, 16, 0), 'repair_delay': 0, 'OGI_sp_covered': 1}, {'leak_ID': 'ABRAND01073_0000000001', 'facility_ID': 'ABRAND01073', 'equipment_group': 2, 'rate': 0.3786717581596804, 'lat': 50.15, 'lon': -112.32, 'status': 'repaired', 'days_active': 120, 'days_active_prog_start': 0, 'tagged': True, 'component': 'unknown', 'date_began': datetime.datetime(2020, 5, 3, 0, 0), 'date_tagged': datetime.datetime(2020, 8, 31, 0, 0), 'tagged_by_company': 'natural', 'tagged_by_crew': 2, 'init_detect_by': 'OGI', 'init_detect_date': datetime.datetime(2020, 8, 22, 13, 0), 'requires_shutdown': False, 'date_repaired': datetime.datetime(2020, 8, 31, 16, 0), 'repair_delay': 0, 'OGI_sp_covered': 1}]",[],0,False,,,,4,4,10,30,False,6,1,0,2,0.0,3955.562400018409,0.9879759519038076,0.999914072566072,2.1674314520648816
ABRAND00790,501,52.1,-114.53,2,6,2,2,2,120,1,30,20,120,1,lognorm,0.062287158377333125,[1.462],"['kilogram', 'hour']",<scipy.stats._distn_infrastructure.rv_frozen object at 0x000002073C01D1C8>,0,8,60,4422.630959682375,"[{'leak_ID': 'ABRAND00790_0000000007', 'facility_ID': 'ABRAND00790', 'equipment_group': 1, 'rate': 0.009449692551715247, 'lat': 52.1, 'lon': -114.53, 'status': 'active', 'days_active': 112, 'days_active_prog_start': 0, 'tagged': False, 'component': 'unknown', 'date_began': datetime.datetime(2021, 9, 9, 0, 0), 'date_tagged': None, 'tagged_by_company': None, 'tagged_by_crew': None, 'init_detect_by': None, 'init_detect_date': None, 'requires_shutdown': False, 'date_repaired': None, 'repair_delay': None, 'OGI_sp_covered': 1}]","[{'leak_ID': 'ABRAND00790_0000000000', 'facility_ID': 'ABRAND00790', 'equipment_group': 2, 'rate': 0.3128183231800262, 'lat': 52.1, 'lon': -114.53, 'status': 'repaired', 'days_active': 120, 'days_active_prog_start': 0, 'tagged': True, 'component': 'unknown', 'date_began': datetime.datetime(2017, 1, 19, 0, 0), 'date_tagged': datetime.datetime(2017, 5, 19, 0, 0), 'tagged_by_company': 'natural', 'tagged_by_crew': 1, 'init_detect_by': 'natural', 'init_detect_date': datetime.datetime(2017, 5, 19, 0, 0), 'requires_shutdown': False, 'date_repaired': datetime.datetime(2017, 5, 19, 16, 0), 'repair_delay': 0, 'OGI_sp_covered': 1}, {'leak_ID': 'ABRAND00790_0000000001', 'facility_ID': 'ABRAND00790', 'equipment_group': 1, 'rate': 0.0112790510516874, 'lat': 52.1, 'lon': -114.53, 'status': 'repaired', 'days_active': 120, 'days_active_prog_start': 0, 'tagged': True, 'component': 'unknown', 'date_began': datetime.datetime(2017, 11, 19, 0, 0), 'date_tagged': datetime.datetime(2018, 3, 19, 0, 0), 'tagged_by_company': 'natural', 'tagged_by_crew': 1, 'init_detect_by': 'natural', 'init_detect_date': datetime.datetime(2018, 3, 19, 0, 0), 'requires_shutdown': False, 'date_repaired': datetime.datetime(2018, 3, 19, 16, 0), 'repair_delay': 0, 'OGI_sp_covered': 1}, {'leak_ID': 'ABRAND00790_0000000002', 'facility_ID': 'ABRAND00790', 'equipment_group': 1, 'rate': 0.005112366362172207, 'lat': 52.1, 'lon': -114.53, 'status': 'repaired', 'days_active': 120, 'days_active_prog_start': 0, 'tagged': True, 'component': 'unknown', 'date_began': datetime.datetime(2018, 3, 9, 0, 0), 'date_tagged': datetime.datetime(2018, 7, 7, 0, 0), 'tagged_by_company': 'natural', 'tagged_by_crew': 1, 'init_detect_by': 'natural', 'init_detect_date': datetime.datetime(2018, 7, 7, 0, 0), 'requires_shutdown': False, 'date_repaired': datetime.datetime(2018, 7, 7, 16, 0), 'repair_delay': 0, 'OGI_sp_covered': 1}, {'leak_ID': 'ABRAND00790_0000000003', 'facility_ID': 'ABRAND00790', 'equipment_group': 2, 'rate': 0.5120907840339944, 'lat': 52.1, 'lon': -114.53, 'status': 'repaired', 'days_active': 16, 'days_active_prog_start': 0, 'tagged': True, 'component': 'unknown', 'date_began': datetime.datetime(2018, 10, 22, 0, 0), 'date_tagged': datetime.datetime(2018, 10, 22, 13, 0), 'tagged_by_company': 'OGI', 'tagged_by_crew': 3, 'init_detect_by': 'OGI', 'init_detect_date': datetime.datetime(2018, 10, 22, 13, 0), 'requires_shutdown': False, 'date_repaired': datetime.datetime(2018, 11, 7, 16, 0), 'repair_delay': 16, 'OGI_sp_covered': 1}, {'leak_ID': 'ABRAND00790_0000000004', 'facility_ID': 'ABRAND00790', 'equipment_group': 1, 'rate': 0.013330013900941514, 'lat': 52.1, 'lon': -114.53, 'status': 'repaired', 'days_active': 120, 'days_active_prog_start': 0, 'tagged': True, 'component': 'unknown', 'date_began': datetime.datetime(2019, 2, 23, 0, 0), 'date_tagged': datetime.datetime(2019, 6, 23, 0, 0), 'tagged_by_company': 'natural', 'tagged_by_crew': 1, 'init_detect_by': 'natural', 'init_detect_date': datetime.datetime(2019, 6, 23, 0, 0), 'requires_shutdown': False, 'date_repaired': datetime.datetime(2019, 6, 23, 16, 0), 'repair_delay': 0, 'OGI_sp_covered': 1}, {'leak_ID': 'ABRAND00790_0000000005', 'facility_ID': 'ABRAND00790', 'equipment_group': 1, 'rate': 0.0008586338572543722, 'lat': 52.1, 'lon': -114.53, 'status': 'repaired', 'days_active': 120, 'days_active_prog_start': 0, 'tagged': True, 'component': 'unknown', 'date_began': datetime.datetime(2019, 5, 9, 0, 0), 'date_tagged': datetime.datetime(2019, 9, 6, 0, 0), 'tagged_by_company': 'natural', 'tagged_by_crew': 1, 'init_detect_by': 'natural', 'init_detect_date': datetime.datetime(2019, 9, 6, 0, 0), 'requires_shutdown': False, 'date_repaired': datetime.datetime(2019, 9, 6, 16, 0), 'repair_delay': 0, 'OGI_sp_covered': 1}, {'leak_ID': 'ABRAND00790_0000000006', 'facility_ID': 'ABRAND00790', 'equipment_group': 1, 'rate': 0.006068613475594097, 'lat': 52.1, 'lon': -114.53, 'status': 'repaired', 'days_active': 120, 'days_active_prog_start': 0, 'tagged': True, 'component': 'unknown', 'date_began': datetime.datetime(2021, 2, 24, 0, 0), 'date_tagged': datetime.datetime(2021, 6, 24, 0, 0), 'tagged_by_company': 'natural', 'tagged_by_crew': 1, 'init_detect_by': 'natural', 'init_detect_date': datetime.datetime(2021, 6, 24, 0, 0), 'requires_shutdown': False, 'date_repaired': datetime.datetime(2021, 6, 24, 16, 0), 'repair_delay': 0, 'OGI_sp_covered': 1}]",[],0,False,,,,3,4,10,30,False,6,13,1,7,91.4427848844381,4331.188174797937,0.9899799599198397,0.9999509688154798,2.4233594299629453
ABRAND00555,601,53.33,-115.53,5,6,2,2,2,120,1,30,20,120,1,lognorm,0.062287158377333125,[1.462],"['kilogram', 'hour']",<scipy.stats._distn_infrastructure.rv_frozen object at 0x000002073C01D1C8>,0,5,60,1302.7980150113983,[],"[{'leak_ID': 'ABRAND00555_0000000000', 'facility_ID': 'ABRAND00555', 'equipment_group': 5, 'rate': 0.0026495165717401337, 'lat': 53.33, 'lon': -115.53, 'status': 'repaired', 'days_active': 120, 'days_active_prog_start': 0, 'tagged': True, 'component': 'unknown', 'date_began': datetime.datetime(2018, 11, 28, 0, 0), 'date_tagged': datetime.datetime(2019, 3, 28, 0, 0), 'tagged_by_company': 'natural', 'tagged_by_crew': 1, 'init_detect_by': 'natural', 'init_detect_date': datetime.datetime(2019, 3, 28, 0, 0), 'requires_shutdown': False, 'date_repaired': datetime.datetime(2019, 3, 28, 16, 0), 'repair_delay': 0, 'OGI_sp_covered': 1}, {'leak_ID': 'ABRAND00555_0000000001', 'facility_ID': 'ABRAND00555', 'equipment_group': 4, 'rate': 0.0009734915354451089, 'lat': 53.33, 'lon': -115.53, 'status': 'repaired', 'days_active': 120, 'days_active_prog_start': 0, 'tagged': True, 'component': 'unknown', 'date_began': datetime.datetime(2019, 3, 11, 0, 0), 'date_tagged': datetime.datetime(2019, 7, 9, 0, 0), 'tagged_by_company': 'natural', 'tagged_by_crew': 1, 'init_detect_by': 'natural', 'init_detect_date': datetime.datetime(2019, 7, 9, 0, 0), 'requires_shutdown': False, 'date_repaired': datetime.datetime(2019, 7, 9, 16, 0), 'repair_delay': 0, 'OGI_sp_covered': 0}, {'leak_ID': 'ABRAND00555_0000000002', 'facility_ID': 'ABRAND00555', 'equipment_group': 5, 'rate': 0.02448931896127149, 'lat': 53.33, 'lon': -115.53, 'status': 'repaired', 'days_active': 120, 'days_active_prog_start': 0, 'tagged': True, 'component': 'unknown', 'date_began': datetime.datetime(2019, 4, 1, 0, 0), 'date_tagged': datetime.datetime(2019, 7, 30, 0, 0), 'tagged_by_company': 'natural', 'tagged_by_crew': 1, 'init_detect_by': 'natural', 'init_detect_date': datetime.datetime(2019, 7, 30, 0, 0), 'requires_shutdown': False, 'date_repaired': datetime.datetime(2019, 7, 30, 16, 0), 'repair_delay': 0, 'OGI_sp_covered': 1}, {'leak_ID': 'ABRAND00555_0000000003', 'facility_ID': 'ABRAND00555', 'equipment_group': 4, 'rate': 0.004307722782719921, 'lat': 53.33, 'lon': -115.53, 'status': 'repaired', 'days_active': 120, 'days_active_prog_start': 0, 'tagged': True, 'component': 'unknown', 'date_began': datetime.datetime(2020, 8, 12, 0, 0), 'date_tagged': datetime.datetime(2020, 12, 10, 0, 0), 'tagged_by_company': 'natural', 'tagged_by_crew': 1, 'init_detect_by': 'natural', 'init_detect_date': datetime.datetime(2020, 12, 10, 0, 0), 'requires_shutdown': False, 'date_repaired': datetime.datetime(2020, 12, 10, 16, 0), 'repair_delay': 0, 'OGI_sp_covered': 1}, {'leak_ID': 'ABRAND00555_0000000004', 'facility_ID': 'ABRAND00555', 'equipment_group': 5, 'rate': 0.16951931435086956, 'lat': 53.33, 'lon': -115.53, 'status': 'repaired', 'days_active': 66, 'days_active_prog_start': 0, 'tagged': True, 'component': 'unknown', 'date_began': datetime.datetime(2020, 11, 1, 0, 0), 'date_tagged': datetime.datetime(2020, 12, 21, 10, 30), 'tagged_by_company': 'OGI', 'tagged_by_crew': 2, 'init_detect_by': 'OGI', 'init_detect_date': datetime.datetime(2020, 12, 21, 10, 30), 'requires_shutdown': False, 'date_repaired': datetime.datetime(2021, 1, 6, 16, 0), 'repair_delay': 16, 'OGI_sp_covered': 1}]",[],0,False,,,,2,4,9,30,False,6,5,0,5,0.0,1302.7980150113983,0.9919839679358717,0.9999756018695207,0.713861926033643
ABRAND00264,621,53.99,-117.62,3,6,2,2,2,120,1,30,20,120,1,lognorm,0.062287158377333125,[1.462],"['kilogram', 'hour']",<scipy.stats._distn_infrastructure.rv_frozen object at 0x000002073C01D1C8>,0,6,60,1241.2032061916964,[],"[{'leak_ID': 'ABRAND00264_0000000000', 'facility_ID': 'ABRAND00264', 'equipment_group': 2, 'rate': 0.010312130663382928, 'lat': 53.99, 'lon': -117.62, 'status': 'repaired', 'days_active': 120, 'days_active_prog_start': 0, 'tagged': True, 'component': 'unknown', 'date_began': datetime.datetime(2018, 11, 24, 0, 0), 'date_tagged': datetime.datetime(2019, 3, 24, 0, 0), 'tagged_by_company': 'natural', 'tagged_by_crew': 1, 'init_detect_by': 'natural', 'init_detect_date': datetime.datetime(2019, 3, 24, 0, 0), 'requires_shutdown': False, 'date_repaired': datetime.datetime(2019, 3, 24, 16, 0), 'repair_delay': 0, 'OGI_sp_covered': 1}, {'leak_ID': 'ABRAND00264_0000000001', 'facility_ID': 'ABRAND00264', 'equipment_group': 1, 'rate': 0.09001817489009759, 'lat': 53.99, 'lon': -117.62, 'status': 'repaired', 'days_active': 55, 'days_active_prog_start': 0, 'tagged': True, 'component': 'unknown', 'date_began': datetime.datetime(2019, 5, 17, 0, 0), 'date_tagged': datetime.datetime(2019, 6, 25, 10, 30), 'tagged_by_company': 'OGI', 'tagged_by_crew': 3, 'init_detect_by': 'OGI', 'init_detect_date': datetime.datetime(2019, 6, 25, 10, 30), 'requires_shutdown': False, 'date_repaired': datetime.datetime(2019, 7, 11, 16, 0), 'repair_delay': 16, 'OGI_sp_covered': 1}, {'leak_ID': 'ABRAND00264_0000000002', 'facility_ID': 'ABRAND00264', 'equipment_group': 1, 'rate': 0.003449864064521101, 'lat': 53.99, 'lon': -117.62, 'status': 'repaired', 'days_active': 120, 'days_active_prog_start': 0, 'tagged': True, 'component': 'unknown', 'date_began': datetime.datetime(2019, 9, 8, 0, 0), 'date_tagged': datetime.datetime(2020, 1, 6, 0, 0), 'tagged_by_company': 'natural', 'tagged_by_crew': 1, 'init_detect_by': 'natural', 'init_detect_date': datetime.datetime(2020, 1, 6, 0, 0), 'requires_shutdown': False, 'date_repaired': datetime.datetime(2020, 1, 6, 16, 0), 'repair_delay': 0, 'OGI_sp_covered': 1}, {'leak_ID': 'ABRAND00264_0000000003', 'facility_ID': 'ABRAND00264', 'equipment_group': 1, 'rate': 0.021512457413934784, 'lat': 53.99, 'lon': -117.62, 'status': 'repaired', 'days_active': 120, 'days_active_prog_start': 0, 'tagged': True, 'component': 'unknown', 'date_began': datetime.datetime(2020, 2, 23, 0, 0), 'date_tagged': datetime.datetime(2020, 6, 22, 0, 0), 'tagged_by_company': 'natural', 'tagged_by_crew': 1, 'init_detect_by': 'natural', 'init_detect_date': datetime.datetime(2020, 6, 22, 0, 0), 'requires_shutdown': False, 'date_repaired': datetime.datetime(2020, 6, 22, 16, 0), 'repair_delay': 0, 'OGI_sp_covered': 1}, {'leak_ID': 'ABRAND00264_0000000004', 'facility_ID': 'ABRAND00264', 'equipment_group': 2, 'rate': 0.026251395701454447, 'lat': 53.99, 'lon': -117.62, 'status': 'repaired', 'days_active': 120, 'days_active_prog_start': 0, 'tagged': True, 'component': 'unknown', 'date_began': datetime.datetime(2020, 7, 14, 0, 0), 'date_tagged': datetime.datetime(2020, 11, 11, 0, 0), 'tagged_by_company': 'natural', 'tagged_by_crew': 1, 'init_detect_by': 'natural', 'init_detect_date': datetime.datetime(2020, 11, 11, 0, 0), 'requires_shutdown': False, 'date_repaired': datetime.datetime(2020, 11, 11, 16, 0), 'repair_delay': 0, 'OGI_sp_covered': 1}, {'leak_ID': 'ABRAND00264_0000000005', 'facility_ID': 'ABRAND00264', 'equipment_group': 1, 'rate': 0.01693063741075309, 'lat': 53.99, 'lon': -117.62, 'status': 'repaired', 'days_active': 120, 'days_active_prog_start': 0, 'tagged': True, 'component': 'unknown', 'date_began': datetime.datetime(2020, 9, 21, 0, 0), 'date_tagged': datetime.datetime(2021, 1, 19, 0, 0), 'tagged_by_company': 'natural', 'tagged_by_crew': 1, 'init_detect_by': 'natural', 'init_detect_date': datetime.datetime(2021, 1, 19, 0, 0), 'requires_shutdown': False, 'date_repaired': datetime.datetime(2021, 1, 19, 16, 0), 'repair_delay': 0, 'OGI_sp_covered': 1}]",[],0,False,,,,2,4,9,30,False,6,9,0,6,0.0,1241.2032061916964,0.9939879759519038,1.0,0.6801113458584638
ABRAND00513,311,53.44,-115.67,3,6,2,2,2,120,1,30,20,120,1,lognorm,0.062287158377333125,[1.462],"['kilogram', 'hour']",<scipy.stats._distn_infrastructure.rv_frozen object at 0x000002073C01D1C8>,0,7,60,2159.233351348124,[],"[{'leak_ID': 'ABRAND00513_0000000000', 'facility_ID': 'ABRAND00513', 'equipment_group': 1, 'rate': 0.0109231058131611, 'lat': 53.44, 'lon': -115.67, 'status': 'repaired', 'days_active': 120, 'days_active_prog_start': 0, 'tagged': True, 'component': 'unknown', 'date_began': datetime.datetime(2017, 2, 24, 0, 0), 'date_tagged': datetime.datetime(2017, 6, 24, 0, 0), 'tagged_by_company': 'natural', 'tagged_by_crew': 1, 'init_detect_by': 'natural', 'init_detect_date': datetime.datetime(2017, 6, 24, 0, 0), 'requires_shutdown': False, 'date_repaired': datetime.datetime(2017, 6, 24, 16, 0), 'repair_delay': 0, 'OGI_sp_covered': 1}, {'leak_ID': 'ABRAND00513_0000000001', 'facility_ID': 'ABRAND00513', 'equipment_group': 2, 'rate': 0.06840654268068251, 'lat': 53.44, 'lon': -115.67, 'status': 'repaired', 'days_active': 120, 'days_active_prog_start': 0, 'tagged': True, 'component': 'unknown', 'date_began': datetime.datetime(2017, 4, 29, 0, 0), 'date_tagged': datetime.datetime(2017, 8, 27, 0, 0), 'tagged_by_company': 'natural', 'tagged_by_crew': 1, 'init_detect_by': 'OGI', 'init_detect_date': datetime.datetime(2017, 8, 24, 10, 30), 'requires_shutdown': False, 'date_repaired': datetime.datetime(2017, 8, 27, 0, 0), 'repair_delay': 0, 'OGI_sp_covered': 1}, {'leak_ID': 'ABRAND00513_0000000002', 'facility_ID': 'ABRAND00513', 'equipment_group': 2, 'rate': 0.03386796560057822, 'lat': 53.44, 'lon': -115.67, 'status': 'repaired', 'days_active': 120, 'days_active_prog_start': 0, 'tagged': True, 'component': 'unknown', 'date_began': datetime.datetime(2018, 1, 6, 0, 0), 'date_tagged': datetime.datetime(2018, 5, 6, 0, 0), 'tagged_by_company': 'natural', 'tagged_by_crew': 1, 'init_detect_by': 'natural', 'init_detect_date': datetime.datetime(2018, 5, 6, 0, 0), 'requires_shutdown': False, 'date_repaired': datetime.datetime(2018, 5, 6, 16, 0), 'repair_delay': 0, 'OGI_sp_covered': 1}, {'leak_ID': 'ABRAND00513_0000000003', 'facility_ID': 'ABRAND00513', 'equipment_group': 2, 'rate': 0.013261452356814684, 'lat': 53.44, 'lon': -115.67, 'status': 'repaired', 'days_active': 120, 'days_active_prog_start': 0, 'tagged': True, 'component': 'unknown', 'date_began': datetime.datetime(2018, 6, 29, 0, 0), 'date_tagged': datetime.datetime(2018, 10, 27, 0, 0), 'tagged_by_company': 'natural', 'tagged_by_crew': 1, 'init_detect_by': 'natural', 'init_detect_date': datetime.datetime(2018, 10, 27, 0, 0), 'requires_shutdown': False, 'date_repaired': datetime.datetime(2018, 10, 27, 0, 0), 'repair_delay': 0, 'OGI_sp_covered': 1}, {'leak_ID': 'ABRAND00513_0000000006', 'facility_ID': 'ABRAND00513', 'equipment_group': 1, 'rate': 0.0469808235781372, 'lat': 53.44, 'lon': -115.67, 'status': 'repaired', 'days_active': 80, 'days_active_prog_start': 0, 'tagged': True, 'component': 'unknown', 'date_began': datetime.datetime(2021, 8, 20, 0, 0), 'date_tagged': datetime.datetime(2021, 10, 23, 13, 0), 'tagged_by_company': 'OGI', 'tagged_by_crew': 1, 'init_detect_by': 'OGI', 'init_detect_date': datetime.datetime(2021, 10, 23, 13, 0), 'requires_shutdown': False, 'date_repaired': datetime.datetime(2021, 11, 8, 16, 0), 'repair_delay': 16, 'OGI_sp_covered': 1}, {'leak_ID': 'ABRAND00513_0000000004', 'facility_ID': 'ABRAND00513', 'equipment_group': 3, 'rate': 0.0446806856604555, 'lat': 53.44, 'lon': -115.67, 'status': 'repaired', 'days_active': 120, 'days_active_prog_start': 0, 'tagged': True, 'component': 'unknown', 'date_began': datetime.datetime(2021, 7, 22, 0, 0), 'date_tagged': datetime.datetime(2021, 11, 19, 0, 0), 'tagged_by_company': 'natural', 'tagged_by_crew': 1, 'init_detect_by': 'natural', 'init_detect_date': datetime.datetime(2021, 11, 19, 0, 0), 'requires_shutdown': False, 'date_repaired': datetime.datetime(2021, 11, 19, 16, 0), 'repair_delay': 0, 'OGI_sp_covered': 1}, {'leak_ID': 'ABRAND00513_0000000005', 'facility_ID': 'ABRAND00513', 'equipment_group': 2, 'rate': 0.005799088433836502, 'lat': 53.44, 'lon': -115.67, 'status': 'repaired', 'days_active': 120, 'days_active_prog_start': 0, 'tagged': True, 'component': 'unknown', 'date_began': datetime.datetime(2021, 8, 5, 0, 0), 'date_tagged': datetime.datetime(2021, 12, 3, 0, 0), 'tagged_by_company': 'natural', 'tagged_by_crew': 1, 'init_detect_by': 'natural', 'init_detect_date': datetime.datetime(2021, 12, 3, 0, 0), 'requires_shutdown': False, 'date_repaired': datetime.datetime(2021, 12, 3, 16, 0), 'repair_delay': 0, 'OGI_sp_covered': 0}]",[],0,False,,,,2,4,9,30,False,6,5,0,7,0.0,2159.233351348124,0.9959919839679359,1.0,1.1831415623825337
ABRAND00805,361,52.5,-114.49,2,6,2,2,2,120,1,30,20,120,1,lognorm,0.062287158377333125,[1.462],"['kilogram', 'hour']",<scipy.stats._distn_infrastructure.rv_frozen object at 0x000002073C01D1C8>,0,2,60,559.7074395901695,[],"[{'leak_ID': 'ABRAND00805_0000000000', 'facility_ID': 'ABRAND00805', 'equipment_group': 2, 'rate': 0.01681348996360737, 'lat': 52.5, 'lon': -114.49, 'status': 'repaired', 'days_active': 120, 'days_active_prog_start': 0, 'tagged': True, 'component': 'unknown', 'date_began': datetime.datetime(2019, 7, 25, 0, 0), 'date_tagged': datetime.datetime(2019, 11, 22, 0, 0), 'tagged_by_company': 'natural', 'tagged_by_crew': 1, 'init_detect_by': 'natural', 'init_detect_date': datetime.datetime(2019, 11, 22, 0, 0), 'requires_shutdown': False, 'date_repaired': datetime.datetime(2019, 11, 22, 16, 0), 'repair_delay': 0, 'OGI_sp_covered': 1}, {'leak_ID': 'ABRAND00805_0000000001', 'facility_ID': 'ABRAND00805', 'equipment_group': 1, 'rate': 0.08746032490184466, 'lat': 52.5, 'lon': -114.49, 'status': 'repaired', 'days_active': 51, 'days_active_prog_start': 0, 'tagged': True, 'component': 'unknown', 'date_began': datetime.datetime(2020, 11, 16, 0, 0), 'date_tagged': datetime.datetime(2020, 12, 21, 13, 0), 'tagged_by_company': 'OGI', 'tagged_by_crew': 2, 'init_detect_by': 'OGI', 'init_detect_date': datetime.datetime(2020, 12, 21, 13, 0), 'requires_shutdown': False, 'date_repaired': datetime.datetime(2021, 1, 6, 16, 0), 'repair_delay': 16, 'OGI_sp_covered': 1}]",[],0,False,,,,3,4,9,30,False,6,2,0,2,0.0,559.7074395901695,0.9979959919839679,1.0,0.30668900799461346
ABRAND00987,621,52.77,-114.02,5,6,2,2,2,120,1,30,20,120,1,lognorm,0.062287158377333125,[1.462],"['kilogram', 'hour']",<scipy.stats._distn_infrastructure.rv_frozen object at 0x000002073C01D1C8>,0,2,60,726.3799611720875,[],"[{'leak_ID': 'ABRAND00987_0000000000', 'facility_ID': 'ABRAND00987', 'equipment_group': 5, 'rate': 0.009053587497714344, 'lat': 52.77, 'lon': -114.02, 'status': 'repaired', 'days_active': 120, 'days_active_prog_start': 0, 'tagged': True, 'component': 'unknown', 'date_began': datetime.datetime(2020, 11, 5, 0, 0), 'date_tagged': datetime.datetime(2021, 3, 5, 0, 0), 'tagged_by_company': 'natural', 'tagged_by_crew': 1, 'init_detect_by': 'natural', 'init_detect_date': datetime.datetime(2021, 3, 5, 0, 0), 'requires_shutdown': False, 'date_repaired': datetime.datetime(2021, 3, 5, 16, 0), 'repair_delay': 0, 'OGI_sp_covered': 1}, {'leak_ID': 'ABRAND00987_0000000001', 'facility_ID': 'ABRAND00987', 'equipment_group': 1, 'rate': 0.15576053142134189, 'lat': 52.77, 'lon': -114.02, 'status': 'repaired', 'days_active': 47, 'days_active_prog_start': 0, 'tagged': True, 'component': 'unknown', 'date_began': datetime.datetime(2021, 7, 24, 0, 0), 'date_tagged': datetime.datetime(2021, 8, 24, 13, 0), 'tagged_by_company': 'OGI', 'tagged_by_crew': 3, 'init_detect_by': 'OGI', 'init_detect_date': datetime.datetime(2021, 8, 24, 13, 0), 'requires_shutdown': False, 'date_repaired': datetime.datetime(2021, 9, 9, 16, 0), 'repair_delay': 16, 'OGI_sp_covered': 1}]",[],0,False,,,,2,4,9,30,False,6,1,0,2,0.0,726.3799611720875,1.0,1.0,0.3980164170805959
